0	0	0
-203	34	59
-193	35	60
-186	36	63
-187	39	67
-182	41	70
-180	43	74
-177	45	77
-175	47	81
-172	49	84
-173	51	89
-173	54	94
-170	56	97
-169	59	102
-168	61	106
-168	64	111
-166	67	115
-162	68	119
-160	71	122
-158	73	127
-156	76	131
-156	79	137
-153	82	141
-171	96	165
-165	97	167
-157	96	167
-149	96	167
-141	96	166
-135	96	166
-129	96	167
-123	97	167
-117	97	168
-110	96	167
-104	97	167
-98	96	167
-92	96	166
-87	96	167
-81	96	167
-76	96	167
-71	97	167
-65	96	166
-61	97	167
-56	97	167
-51	97	168
-46	97	168
-41	97	168
-37	97	168
-32	97	168
-27	97	169
-23	97	168
-18	97	168
-13	97	168
-9	97	168
-4	97	168
0	97	168
5	98	169
10	98	170
14	97	169
19	98	170
23	98	170
28	98	170
33	98	170
37	98	170
42	98	170
47	98	169
52	98	169
57	98	170
62	98	169
67	98	170
72	98	170
26	30	52
27	27	47
29	25	44
31	25	44
33	25	44
34	25	44
36	25	44
38	25	44
40	26	44
42	26	44
44	26	44
45	25	44
48	26	44
50	26	45
53	26	45
24	9	16
24	9	16
25	9	15
25	9	15
26	9	15
26	8	14
28	8	14
-203	34	59
-193	35	60
-186	36	63
-187	39	67
-182	40	70
-180	42	74
-178	45	77
-176	47	81
-173	48	84
-173	51	89
-173	54	94
-170	56	97
-170	59	102
-168	61	106
-168	64	111
-165	66	115
-162	68	119
-160	71	122
-158	73	127
-156	76	131
-155	79	137
-153	82	141
-171	95	165
-165	97	167
-157	96	167
-149	96	167
-141	96	166
-135	96	166
-128	96	167
-122	97	167
-117	97	168
-110	96	167
-104	97	167
-98	96	167
-92	96	167
-87	96	167
-81	96	167
-76	96	167
-71	97	167
-65	96	166
-61	97	167
-56	97	167
-51	97	168
-46	97	168
-41	97	168
-37	97	168
-32	97	168
-27	97	169
-23	97	168
-18	97	168
-13	97	168
-9	97	168
-4	97	168
0	97	168
5	98	169
10	98	170
14	97	169
19	98	170
23	98	170
28	98	170
33	98	170
37	98	170
42	98	170
47	98	169
52	98	169
57	98	170
62	98	169
67	98	170
72	98	170
26	30	52
29	25	44
31	25	44
33	25	44
34	25	44
36	25	44
38	25	44
40	26	44
42	26	44
44	25	44
46	26	44
48	26	44
50	26	44
53	26	45
25	10	18
24	9	16
24	9	16
25	9	16
25	9	15
26	9	15
26	8	14
27	8	14
-200	39	56
-188	40	57
-184	42	60
-184	45	64
-181	47	67
-179	50	71
-177	52	74
-174	54	77
-175	57	82
-172	60	85
-172	63	90
-169	65	93
-169	68	98
-167	71	101
-166	74	105
-164	76	109
-163	80	114
-159	82	117
-158	85	121
-155	88	125
-155	92	131
-152	94	135
-171	111	158
-164	112	159
-156	111	159
-148	111	158
-140	110	157
-134	111	158
-127	111	158
-121	111	159
-115	111	159
-109	111	159
-103	111	159
-97	111	158
-91	111	158
-86	111	159
-81	111	159
-75	111	158
-70	111	158
-65	111	159
-60	111	159
-55	111	159
-50	111	159
-45	112	159
-40	112	159
-36	112	160
-31	112	159
-26	112	160
-22	112	160
-17	112	160
-12	112	160
-8	113	161
-3	111	159
1	112	160
6	113	161
11	113	161
15	113	161
20	113	162
24	113	161
29	112	161
34	113	161
38	113	161
43	113	161
48	112	161
53	113	161
58	113	161
63	112	161
68	113	161
73	113	161
25	34	49
26	30	43
28	30	42
30	29	42
31	29	42
33	29	42
35	29	42
36	29	42
38	29	42
40	29	42
42	29	42
44	29	42
46	29	42
48	29	42
51	29	42
53	29	42
25	12	17
24	11	16
24	10	15
25	10	15
25	10	14
26	10	14
26	9	13
27	9	13
-201	38	55
-193	40	56
-186	41	59
-186	44	63
-182	46	66
-180	48	69
-177	50	72
-176	53	76
-173	55	79
-173	59	84
-172	61	88
-170	64	91
-168	66	95
-169	70	100
-167	73	104
-163	75	106
-162	78	111
-160	81	115
-158	83	119
-157	87	124
-155	89	128
-154	93	134
-152	97	138
-167	111	158
-159	111	158
-152	111	159
-144	111	158
-137	111	158
-130	110	157
-124	111	159
-118	111	159
-111	111	158
-105	111	158
-100	111	159
-94	111	159
-88	111	158
-83	111	158
-78	111	159
-72	111	159
-67	111	158
-62	111	158
-57	111	158
-52	111	159
-48	112	159
-43	112	160
-38	111	159
-33	111	159
-29	112	160
-24	112	160
-19	112	160
-15	112	159
-10	112	160
-5	112	160
-1	112	160
4	112	160
8	113	161
13	113	161
18	113	161
22	113	161
27	113	161
32	113	161
36	113	161
41	113	161
46	112	161
50	112	160
56	113	161
60	113	161
65	113	161
71	113	161
26	36	51
26	34	48
29	29	42
31	29	42
32	29	42
34	29	42
36	29	42
37	29	42
39	29	42
41	29	42
43	29	42
45	29	42
48	29	42
50	30	42
52	30	42
54	30	42
24	11	16
24	11	15
25	10	14
26	10	14
26	10	14
28	10	14
-203	43	51
-193	44	53
-185	46	54
-186	49	59
-182	51	61
-180	54	64
-177	56	67
-175	59	70
-173	62	74
-174	66	78
-172	68	81
-171	71	85
-168	74	88
-167	77	92
-169	82	97
-163	83	99
-162	86	103
-160	90	107
-158	93	110
-157	97	115
-155	100	119
-155	104	124
-151	107	127
-169	125	149
-161	125	149
-153	124	148
-146	125	149
-138	124	148
-132	124	148
-126	125	148
-119	125	148
-114	125	149
-107	125	149
-101	125	149
-95	125	149
-90	125	149
-84	125	149
-79	125	149
-74	125	148
-69	125	149
-64	125	149
-59	125	149
-54	125	149
-49	125	149
-44	126	150
-39	126	150
-35	126	150
-30	126	150
-25	125	149
-21	126	150
-16	126	150
-12	126	150
-7	126	150
-2	126	150
2	126	150
7	126	150
11	126	151
16	127	151
20	127	151
25	127	151
30	127	152
34	127	151
39	126	151
44	127	151
49	126	150
54	127	151
58	126	150
63	126	151
69	127	151
74	127	151
26	38	45
29	33	40
30	33	39
32	33	39
33	33	39
35	33	39
37	33	39
38	33	39
40	33	39
42	33	39
44	33	39
46	33	39
49	33	40
51	33	40
53	33	39
25	13	16
24	12	15
24	12	14
25	11	14
25	11	13
26	11	13
26	11	13
27	10	12
-199	45	53
-187	45	54
-185	48	57
-183	51	60
-180	53	63
-178	56	67
-176	58	69
-173	61	72
-175	65	77
-171	67	80
-171	71	84
-168	73	87
-169	77	92
-167	80	95
-166	83	99
-161	89	106
-159	92	109
-157	95	114
-156	99	118
-155	103	123
-152	106	126
-171	124	148
-164	125	149
-155	124	148
-148	125	149
-140	124	148
-135	125	149
-127	124	148
-121	125	149
-115	125	149
-109	125	150
-103	125	149
-97	125	149
-91	124	148
-86	125	149
-80	125	149
-76	125	149
-70	125	149
-65	125	149
-60	125	149
-55	125	149
-50	125	149
-46	126	150
-41	126	150
-36	125	150
-31	125	149
-27	125	149
-22	125	150
-17	126	150
-13	126	150
-8	126	150
-4	126	150
1	126	151
6	126	150
10	126	151
15	127	151
19	127	151
24	127	151
29	127	152
33	127	151
38	127	151
43	127	151
48	126	151
52	127	151
57	126	151
62	127	151
68	127	152
73	127	151
26	40	48
26	34	41
30	33	39
31	33	39
33	33	39
35	33	39
36	33	39
38	33	39
40	33	39
42	33	39
44	33	39
46	33	39
48	33	40
51	33	40
53	33	40
25	13	16
24	12	15
24	12	14
24	11	14
25	11	13
26	11	13
26	11	13
27	11	13
-201	47	47
-193	49	49
-186	51	51
-185	54	54
-182	57	57
-179	59	59
-177	62	62
-175	65	65
-173	68	68
-174	72	72
-171	75	75
-169	78	78
-168	81	81
-168	86	86
-168	90	90
-163	91	91
-162	95	95
-160	99	99
-158	102	102
-156	106	106
-155	110	110
-153	114	114
-151	118	118
-169	138	138
-161	138	138
-153	137	137
-145	137	137
-138	136	136
-132	138	138
-125	137	137
-119	138	138
-114	138	138
-107	138	138
-101	138	138
-95	137	137
-90	138	138
-84	138	138
-79	138	138
-74	138	138
-69	138	138
-63	138	138
-59	138	138
-54	138	138
-49	138	138
-44	138	138
-39	138	138
-35	138	138
-30	139	139
-25	139	139
-21	139	139
-16	138	138
-11	139	139
-7	139	139
-2	139	139
2	139	139
7	139	139
12	139	139
16	139	139
21	139	139
25	140	140
30	140	140
35	140	140
39	139	139
44	139	139
49	140	140
54	140	140
59	140	140
64	140	140
69	140	140
75	141	141
26	42	42
29	37	37
30	36	36
32	36	36
33	36	36
35	36	36
37	36	36
39	36	36
40	36	36
42	36	36
45	36	36
47	37	37
49	37	37
51	37	37
53	36	36
25	15	15
24	13	13
24	13	13
25	13	13
25	12	12
26	12	12
26	12	12
27	11	11
-201	49	49
-187	49	49
-184	52	52
-184	55	55
-181	58	58
-178	61	61
-177	64	64
-174	66	66
-172	69	69
-172	73	73
-172	77	77
-169	80	80
-169	84	84
-167	88	88
-165	91	91
-161	93	93
-161	97	97
-159	101	101
-157	104	104
-155	108	108
-154	112	112
-153	117	117
-169	135	135
-165	138	138
-158	139	139
-148	137	137
-142	138	138
-135	138	138
-129	138	138
-122	138	138
-116	138	138
-111	139	139
-104	138	138
-97	137	137
-92	138	138
-87	138	138
-81	138	138
-76	138	138
-71	138	138
-66	138	138
-61	138	138
-56	139	139
-51	138	138
-46	138	138
-41	139	139
-37	139	139
-32	139	139
-27	138	138
-22	139	139
-18	139	139
-13	139	139
-9	139	139
-4	139	139
1	139	139
5	139	139
10	139	139
15	139	139
19	139	139
24	140	140
28	140	140
33	140	140
38	139	139
43	139	139
47	139	139
52	140	140
58	140	140
62	139	139
68	140	140
73	140	140
27	44	44
26	38	38
30	36	36
31	36	36
33	36	36
34	36	36
36	36	36
38	36	36
40	36	36
42	37	37
44	36	36
46	36	36
48	37	37
51	37	37
53	37	37
25	15	15
24	13	13
24	13	13
25	12	12
26	12	12
27	12	12
27	12	12
-200	51	43
-192	53	44
-186	55	46
-185	58	49
-182	61	51
-179	64	54
-178	68	57
-175	70	59
-172	73	61
-174	78	66
-171	81	68
-170	85	71
-168	88	74
-168	92	77
-165	95	80
-163	99	83
-161	102	86
-159	105	89
-159	111	93
-157	114	96
-155	119	100
-153	123	103
-152	127	107
-170	149	125
-164	151	127
-156	150	126
-137	139	116
-140	149	125
-134	150	126
-128	150	126
-121	150	126
-115	150	126
-109	150	126
-103	150	126
-97	150	126
-91	150	126
-86	150	126
-80	149	125
-76	150	126
-70	150	126
-65	149	125
-60	150	126
-56	151	126
-51	150	126
-46	150	126
-41	151	127
-36	151	126
-32	151	127
-27	151	127
-22	151	126
-18	151	127
-13	151	127
-9	151	127
-4	151	127
1	151	127
5	151	127
10	151	127
15	152	127
19	152	128
23	152	128
28	152	127
33	152	127
37	152	127
42	152	128
47	152	128
52	152	127
57	152	128
62	153	128
67	153	128
72	152	127
26	48	40
26	45	37
29	39	33
31	39	33
32	39	33
34	40	33
36	39	33
38	40	33
40	40	33
42	40	33
43	39	33
45	40	33
48	40	33
50	40	33
52	40	33
54	40	33
24	15	13
24	14	12
24	13	11
25	14	11
25	13	11
26	13	11
27	12	10
-198	52	44
-186	53	44
-184	56	47
-183	60	50
-181	63	53
-179	66	55
-176	69	58
-174	72	60
-172	75	63
-172	79	67
-171	83	70
-169	86	72
-168	90	75
-167	94	79
-165	98	82
-161	100	84
-162	105	88
-159	108	91
-158	112	94
-155	116	97
-154	120	101
-153	125	105
-150	129	108
-167	150	126
-160	150	126
-139	138	115
-144	149	125
-138	150	126
-131	150	126
-124	149	125
-118	150	126
-112	150	126
-106	149	125
-100	150	126
-94	149	125
-88	149	125
-83	150	126
-78	150	126
-73	150	126
-68	150	126
-62	150	125
-58	150	126
-53	150	126
-48	151	126
-43	151	126
-39	151	127
-34	151	127
-29	151	127
-24	150	126
-20	151	127
-15	151	127
-11	150	126
-6	151	127
-2	151	126
3	151	127
8	152	127
12	152	127
17	152	128
22	152	128
26	152	127
31	152	127
36	152	127
40	152	127
45	152	127
50	152	127
55	153	128
60	152	128
65	153	128
70	152	128
75	152	128
26	45	38
29	40	34
30	39	33
32	39	33
33	39	33
35	39	33
37	40	33
39	39	33
41	40	33
43	40	33
45	39	33
47	40	33
49	40	33
52	40	33
54	40	33
25	16	13
24	14	12
24	14	11
25	14	11
25	13	11
26	13	11
26	12	10
27	12	10
-201	52	37
-192	54	38
-186	56	39
-185	60	42
-181	63	44
-180	66	46
-179	70	49
-175	73	51
-173	76	53
-170	79	55
-168	82	57
-170	88	61
-168	91	64
-166	94	66
-164	98	69
-163	102	71
-161	106	74
-160	110	77
-160	115	81
-158	119	83
-157	124	87
-155	129	90
-152	132	92
-150	136	95
-147	140	98
-146	145	102
-139	145	101
-132	145	101
-144	165	115
-137	165	116
-131	166	116
-124	166	116
-118	166	116
-112	166	116
-106	167	117
-100	167	117
-95	166	117
-89	166	116
-83	166	116
-78	166	116
-72	166	116
-68	167	117
-62	166	116
-57	166	116
-52	167	117
-47	167	117
-42	166	116
-37	167	117
-32	166	116
-28	166	116
-23	167	117
-18	167	117
-14	166	116
-9	166	116
-4	167	117
0	167	117
5	167	117
10	167	117
14	167	117
19	168	117
24	167	117
29	168	118
33	168	118
38	168	118
43	169	118
48	168	118
53	169	118
58	169	118
63	169	118
69	169	118
74	169	118
80	169	119
26	47	33
27	47	33
30	44	31
31	43	30
33	44	31
35	44	31
37	44	31
38	44	31
40	44	31
42	43	30
44	44	31
47	44	31
49	44	31
51	44	31
53	44	31
56	44	31
24	16	12
24	15	11
24	15	10
24	14	10
25	14	10
25	14	10
26	13	9
27	13	9
28	13	9
-196	54	38
-186	56	39
-184	59	41
-182	62	44
-180	65	46
-180	69	49
-178	73	51
-172	75	52
-171	78	55
-168	81	57
-171	87	61
-168	90	63
-167	94	66
-165	98	68
-164	102	71
-162	105	74
-160	109	76
-158	113	79
-161	120	84
-159	125	87
-156	128	90
-153	132	92
-149	134	94
-148	139	97
-146	144	101
-141	145	102
-134	145	102
-134	153	107
-139	165	116
-132	166	116
-126	166	116
-119	165	116
-113	166	116
-107	167	117
-101	166	117
-96	166	117
-90	167	117
-84	166	116
-78	166	116
-73	166	116
-68	167	117
-63	167	117
-58	167	117
-53	166	117
-48	167	117
-43	166	116
-38	167	117
-33	167	117
-28	166	116
-23	167	117
-19	167	117
-14	166	116
-10	167	117
-5	167	117
0	167	117
5	167	117
9	167	117
14	167	117
19	168	117
24	168	117
28	168	118
33	168	118
38	168	118
43	169	118
48	169	118
53	169	118
58	169	118
63	169	118
69	169	118
74	169	119
80	169	119
26	47	33
27	47	33
30	44	31
31	44	30
33	44	31
35	44	31
37	44	31
38	44	31
40	44	31
42	44	31
44	44	31
47	44	31
49	44	31
51	44	31
53	44	31
56	44	31
24	17	12
24	15	11
24	15	10
24	14	10
25	14	10
25	14	10
26	13	9
27	13	9
28	13	9
-200	51	29
-192	53	31
-185	55	32
-186	60	35
-182	63	36
-181	67	38
-179	70	41
-178	74	43
-174	77	45
-171	80	46
-170	84	48
-165	86	50
-162	89	51
-159	92	53
-157	96	55
-163	104	60
-162	109	63
-158	111	64
-157	116	67
-157	121	70
-155	126	73
-152	129	75
-151	134	77
-150	140	81
-147	143	83
-144	147	85
-142	152	88
-167	187	108
-163	191	110
-154	190	110
-147	190	110
-140	190	110
-133	191	110
-126	191	110
-120	192	111
-113	192	111
-106	191	110
-99	190	110
-93	190	110
-88	191	110
-82	192	111
-76	192	111
-71	192	111
-65	192	111
-60	193	111
-54	192	111
-49	192	111
-43	193	111
-38	192	111
-33	193	112
-27	193	111
-22	193	111
-17	193	111
-11	192	111
-7	193	111
-1	193	111
4	193	111
9	192	111
14	192	111
19	193	112
24	193	111
30	193	112
35	194	112
40	194	112
46	193	112
51	194	112
57	194	112
62	193	111
68	194	112
73	193	112
79	193	112
85	193	111
91	193	112
26	48	28
27	47	27
32	49	29
34	50	29
36	50	29
38	50	29
40	50	29
42	50	29
44	50	29
46	50	29
48	50	29
50	50	29
53	51	29
55	51	29
58	51	29
26	20	12
26	19	11
24	17	10
24	15	9
24	14	8
24	14	8
25	14	8
25	13	8
26	13	7
27	13	7
-204	51	29
-195	53	31
-186	55	32
-185	59	34
-182	62	36
-180	65	38
-180	70	40
-177	73	42
-174	76	44
-172	80	46
-170	83	48
-168	87	50
-163	89	51
-160	92	53
-158	95	55
-163	103	59
-163	108	62
-159	111	64
-157	115	66
-157	120	69
-156	125	72
-154	129	75
-153	134	77
-150	139	80
-148	143	83
-145	146	85
-143	151	87
-151	167	97
-164	191	110
-155	190	109
-148	190	110
-140	190	110
-134	191	110
-127	191	110
-120	191	110
-114	191	110
-107	190	110
-100	190	110
-94	190	110
-89	191	110
-83	192	111
-77	191	110
-71	192	111
-66	192	111
-60	192	111
-55	192	111
-49	192	111
-44	193	111
-39	193	111
-33	193	111
-28	193	111
-23	193	111
-17	193	111
-12	192	111
-7	193	111
-2	193	111
3	193	111
9	192	111
14	192	111
19	193	112
24	193	111
29	193	112
35	194	112
40	194	112
45	193	111
51	193	112
56	194	112
62	193	111
67	194	112
73	194	112
79	193	112
85	193	111
91	194	112
32	49	28
34	50	29
36	50	29
38	50	29
39	50	29
42	50	29
44	50	29
46	51	29
48	50	29
50	51	29
53	51	29
55	51	29
58	51	29
26	19	11
24	17	10
24	15	9
24	14	8
24	14	8
25	14	8
25	14	8
26	13	8
26	12	7
27	13	7
-199	49	23
-192	52	24
-185	55	25
-187	59	28
-181	62	29
-181	66	31
-179	70	33
-176	73	34
-175	77	36
-171	80	37
-168	84	39
-166	87	40
-164	91	42
-162	94	44
-156	96	45
-157	101	47
-157	106	50
-156	110	51
-157	117	54
-155	121	56
-154	126	59
-150	128	60
-148	133	62
-149	140	65
-147	144	67
-142	147	68
-142	153	72
-183	206	96
-180	212	99
-176	218	102
-169	220	103
-161	220	103
-152	219	102
-145	220	103
-138	222	103
-130	221	103
-123	221	103
-116	221	103
-109	221	103
-102	221	103
-95	221	103
-89	221	103
-83	222	104
-77	223	104
-71	222	104
-65	222	104
-59	223	104
-53	224	104
-47	224	104
-41	223	104
-35	223	104
-29	223	104
-23	224	104
-17	223	104
-12	222	104
-6	223	104
0	222	103
6	224	104
11	224	104
17	222	104
23	224	104
29	223	104
34	223	104
40	224	104
46	224	105
52	224	105
58	224	105
64	224	104
70	223	104
77	224	104
83	223	104
89	223	104
96	223	104
102	224	104
109	223	104
40	58	27
42	58	27
44	58	27
47	58	27
49	58	27
51	58	27
54	58	27
56	59	27
59	59	27
62	59	27
27	22	10
26	20	9
26	18	9
24	16	7
24	15	7
24	14	6
24	14	6
25	14	6
25	13	6
26	12	6
-202	49	23
-194	51	24
-186	53	25
-185	58	27
-183	61	29
-179	65	30
-181	69	32
-178	73	34
-174	76	35
-171	79	37
-169	83	38
-167	86	40
-165	90	42
-162	93	43
-157	95	44
-155	98	46
-158	106	49
-156	109	51
-155	114	53
-155	119	56
-154	124	58
-151	127	59
-148	132	61
-148	138	64
-147	143	66
-145	148	69
-141	151	70
-185	206	96
-180	210	98
-176	216	101
-171	221	103
-162	219	102
-153	218	102
-146	220	102
-139	221	103
-131	221	103
-124	220	103
-117	220	103
-110	220	103
-103	221	103
-97	221	103
-90	221	103
-84	222	104
-78	222	104
-72	222	104
-66	223	104
-59	223	104
-53	224	104
-47	223	104
-41	223	104
-35	223	104
-30	224	104
-24	224	104
-18	223	104
-12	223	104
-7	223	104
-1	222	103
5	224	104
11	224	104
17	222	104
22	224	104
28	223	104
34	223	104
40	224	104
46	224	105
52	225	105
58	224	105
64	224	104
70	223	104
76	224	104
82	223	104
89	223	104
95	223	104
102	224	104
109	223	104
40	58	27
42	58	27
44	58	27
46	58	27
49	58	27
51	58	27
54	59	27
56	59	27
58	58	27
62	59	27
27	21	10
26	20	9
26	18	9
24	16	7
24	15	7
24	14	7
24	14	6
25	14	6
25	13	6
27	13	6
-202	45	16
-193	48	17
-187	51	18
-185	55	20
-182	58	21
-180	62	23
-180	66	24
-177	70	25
-175	74	27
-171	77	28
-169	80	29
-166	84	30
-163	87	32
-162	91	33
-156	93	34
-155	97	35
-155	102	37
-155	107	39
-154	111	41
-152	115	42
-151	120	43
-149	124	45
-146	128	46
-145	133	48
-143	137	50
-142	143	52
-140	147	53
-179	196	71
-180	206	75
-139	168	61
-174	220	80
-169	224	82
-165	230	84
-164	240	87
-159	246	89
-157	255	93
-152	262	95
-149	271	99
-144	277	101
-136	278	101
-128	278	101
-119	276	100
-111	276	100
-103	276	100
-96	278	101
-87	274	100
-80	276	100
-73	277	101
-65	274	100
-58	272	99
-50	269	98
-43	265	97
-38	278	101
-31	279	102
-24	279	102
-17	278	101
-10	279	101
-3	276	101
4	279	101
11	277	101
18	278	101
24	279	102
31	277	101
38	278	101
45	279	102
52	279	102
60	280	102
66	279	101
74	278	101
81	278	101
88	276	100
96	279	101
104	279	102
111	278	101
34	75	27
36	74	27
38	73	27
42	72	26
43	71	26
43	67	24
47	69	25
49	68	25
53	67	24
54	65	24
58	64	23
60	63	23
31	27	10
29	25	9
28	22	8
27	20	7
26	19	7
25	17	6
24	15	6
24	14	5
24	14	5
24	13	5
25	12	5
26	12	4
26	12	4
27	12	4
28	11	4
-201	45	17
-192	48	17
-187	51	19
-185	55	20
-182	59	21
-179	62	23
-179	67	24
-177	71	26
-174	74	27
-171	77	28
-168	81	29
-166	84	31
-163	87	32
-160	90	33
-156	93	34
-157	98	36
-155	102	37
-155	107	39
-154	112	41
-153	116	42
-151	120	44
-149	125	45
-147	128	47
-145	134	49
-143	138	50
-143	144	52
-139	147	54
-182	201	73
-177	205	75
-138	168	61
-173	220	80
-169	226	82
-165	232	84
-163	241	88
-160	249	91
-156	256	93
-152	264	96
-148	272	99
-142	277	101
-133	274	100
-125	275	100
-117	276	101
-110	276	101
-101	276	100
-95	278	101
-86	275	100
-79	275	100
-72	276	101
-63	272	99
-56	270	98
-48	266	97
-42	268	97
-36	279	102
-30	280	102
-22	281	102
-15	281	102
-8	279	101
-1	277	101
5	275	100
12	280	102
19	278	101
26	277	101
33	278	101
40	278	101
47	279	102
54	279	101
61	279	101
68	278	101
75	278	101
83	279	102
90	278	101
98	279	102
106	278	101
114	279	101
35	75	27
36	74	27
38	73	27
42	72	26
44	70	26
48	69	25
49	68	25
53	67	24
55	65	24
58	63	23
30	26	10
29	24	9
28	22	8
27	20	7
26	18	7
25	17	6
24	15	5
24	14	5
24	13	5
24	13	5
25	12	4
26	12	4
26	12	4
27	12	4
-207	41	11
-196	44	12
-190	47	13
-186	51	14
-185	55	15
-181	58	16
-181	63	17
-178	66	18
-175	70	19
-172	74	20
-170	77	21
-168	81	22
-165	84	23
-162	88	23
-158	90	24
-154	93	25
-155	98	26
-153	102	27
-155	108	29
-153	112	30
-151	116	31
-151	122	33
-148	125	33
-148	131	35
-146	136	36
-144	140	37
-140	143	38
-184	195	52
-181	201	54
-171	220	59
-169	227	61
-165	234	63
-161	239	64
-158	248	66
-154	254	68
-151	263	70
-147	271	73
-144	281	75
-141	290	78
-135	297	80
-101	238	64
-109	295	79
-101	293	79
-91	287	77
-75	283	76
-57	268	72
-50	264	71
-43	263	70
-38	274	73
-33	284	76
-27	301	81
-21	315	85
-14	332	89
-6	338	91
2	303	81
10	340	91
16	298	80
23	291	78
38	301	81
51	342	92
60	341	91
68	340	91
64	285	76
71	283	76
78	281	75
97	322	86
81	245	66
87	244	65
93	242	65
101	244	65
35	74	20
36	73	20
38	72	19
42	71	19
43	70	19
48	67	18
49	64	17
52	65	17
53	64	17
57	63	17
34	34	9
32	30	8
30	27	7
29	24	6
28	22	6
27	20	5
26	18	5
26	17	4
24	15	4
24	14	4
24	13	4
24	13	3
25	13	3
25	12	3
26	12	3
27	12	3
27	11	3
28	11	3
-201	42	11
-192	45	12
-190	49	13
-185	52	14
-186	57	15
-180	60	16
-179	64	17
-177	68	18
-174	71	19
-172	75	20
-170	79	21
-167	82	22
-164	86	23
-163	90	24
-156	90	24
-154	94	25
-154	99	27
-154	104	28
-154	110	29
-152	113	30
-150	117	31
-150	123	33
-147	126	34
-148	133	36
-147	138	37
-142	140	38
-140	145	39
-184	198	53
-181	204	55
-173	215	58
-170	222	59
-167	229	61
-163	235	63
-162	245	66
-157	251	67
-153	257	69
-150	267	71
-145	272	73
-143	285	76
-138	292	78
-135	304	82
-98	236	63
-116	299	80
-105	293	78
-97	292	78
-86	280	75
-78	280	75
-63	274	73
-54	267	72
-47	263	70
-41	269	72
-36	278	74
-30	287	77
-25	305	82
-11	341	91
-3	306	82
5	300	80
13	339	91
19	296	79
26	294	79
32	292	78
42	310	83
55	343	92
63	341	91
70	336	90
67	284	76
74	284	76
81	282	75
77	246	66
83	244	65
89	241	65
96	242	65
35	74	20
37	73	20
39	72	19
40	71	19
43	71	19
44	69	19
48	68	18
49	66	18
49	63	17
53	65	17
54	64	17
58	62	17
33	33	9
31	29	8
29	24	6
28	21	6
27	19	5
26	18	5
25	16	4
24	15	4
24	13	4
24	13	4
24	12	3
25	12	3
26	12	3
27	12	3
-202	39	7
-194	42	7
-190	46	8
-186	49	9
-184	54	9
-181	57	10
-180	62	11
-178	65	12
-176	69	12
-172	73	13
-170	76	13
-169	80	14
-165	83	15
-161	86	15
-156	88	16
-154	92	16
-154	96	17
-152	100	18
-155	107	19
-152	111	20
-151	115	20
-150	120	21
-147	123	22
-142	125	22
-145	134	24
-143	138	24
-141	142	25
-138	146	26
-135	150	26
-134	156	27
-131	160	28
-129	165	29
-162	217	38
-164	230	41
-162	239	42
-157	244	43
-155	253	45
-151	260	46
-146	266	47
-143	275	49
-138	281	50
-135	293	52
-101	234	41
-124	306	54
-169	444	78
-157	443	78
-143	438	77
-134	442	78
-123	445	78
-110	438	77
-59	266	47
-51	257	45
-44	257	45
-40	267	47
-35	278	49
-29	289	51
-23	303	53
-17	312	55
-9	296	52
-2	300	53
5	288	51
12	288	51
18	282	50
67	286	50
74	286	50
82	289	51
89	287	51
96	288	51
104	288	51
112	288	51
116	280	49
35	73	13
36	72	13
38	71	13
41	69	12
42	67	12
44	67	12
46	66	12
47	65	11
49	64	11
52	62	11
54	61	11
56	61	11
58	60	11
33	31	6
31	27	5
29	24	4
28	23	4
27	20	4
26	19	3
25	17	3
25	16	3
24	14	3
24	13	2
24	12	2
24	12	2
25	12	2
26	11	2
26	11	2
27	11	2
28	10	2
-204	38	7
-195	41	7
-192	45	8
-188	49	9
-185	53	9
-182	57	10
-180	61	11
-177	65	11
-176	68	12
-173	72	13
-170	76	13
-168	80	14
-165	83	15
-161	86	15
-157	88	16
-154	91	16
-154	96	17
-151	99	17
-154	107	19
-153	111	20
-152	115	20
-150	120	21
-147	123	22
-143	126	22
-145	133	24
-143	138	24
-140	141	25
-138	146	26
-135	149	26
-133	155	27
-131	160	28
-128	164	29
-164	230	40
-162	238	42
-158	244	43
-155	253	45
-151	260	46
-146	266	47
-143	275	48
-138	281	50
-135	293	52
-101	234	41
-125	307	54
-169	444	78
-156	442	78
-144	440	78
-132	440	78
-121	440	78
-110	440	78
-59	265	47
-50	256	45
-44	257	45
-39	266	47
-34	278	49
-29	289	51
-23	304	54
-16	311	55
-8	301	53
-1	300	53
6	288	51
13	288	51
19	281	50
61	287	51
68	286	51
75	287	51
83	290	51
89	287	51
97	288	51
105	288	51
113	288	51
118	283	50
35	73	13
36	72	13
38	71	13
41	68	12
42	67	12
43	65	11
47	65	11
49	64	11
51	63	11
52	62	11
54	61	11
57	61	11
35	34	6
29	24	4
28	22	4
27	20	4
26	18	3
26	17	3
24	15	3
24	14	2
24	13	2
24	12	2
25	12	2
25	12	2
26	11	2
27	11	2
28	11	2
28	10	2
-201	36	3
-193	39	3
-191	43	4
-189	48	4
-184	51	4
-183	55	5
-179	59	5
-178	63	6
-177	67	6
-174	71	6
-172	75	7
-168	78	7
-165	81	7
-162	84	7
-157	87	8
-155	90	8
-154	95	8
-150	97	8
-154	105	9
-153	110	10
-152	113	10
-150	118	10
-147	122	11
-142	123	11
-146	132	12
-143	136	12
-140	139	12
-138	144	13
-136	149	13
-134	153	13
-131	157	14
-129	162	14
-127	168	15
-158	217	19
-151	219	19
-150	229	20
-154	247	22
-172	289	25
-164	291	25
-156	293	26
-148	295	26
-135	284	25
-132	296	26
-165	449	39
-160	468	41
-150	476	42
-147	507	44
-129	536	47
-55	260	23
-47	255	22
-42	260	23
-37	268	23
-32	280	25
-26	291	25
-21	303	27
-14	317	28
-7	325	28
1	329	29
15	313	27
24	330	29
45	319	28
52	311	27
60	315	28
67	310	27
73	305	27
80	301	26
87	302	26
93	296	26
100	294	26
105	286	25
111	282	25
116	275	24
36	75	7
37	73	6
38	71	6
40	70	6
39	65	6
42	67	6
43	65	6
45	64	6
46	63	6
48	62	5
50	62	5
52	61	5
54	61	5
58	59	5
33	31	3
31	27	2
29	24	2
29	22	2
28	20	2
26	18	2
26	17	1
25	15	1
24	14	1
24	13	1
24	12	1
24	11	1
25	11	1
26	11	1
26	11	1
27	10	1
28	10	1
29	9	1
-206	34	3
-196	38	3
-193	42	4
-191	46	4
-186	50	4
-186	54	5
-181	57	5
-181	62	5
-178	66	6
-174	69	6
-172	73	6
-168	76	7
-166	80	7
-164	83	7
-162	87	8
-155	89	8
-155	94	8
-150	95	8
-154	102	9
-154	108	9
-152	112	10
-152	117	10
-148	120	11
-146	124	11
-140	125	11
-145	135	12
-141	138	12
-141	145	13
-137	147	13
-135	151	13
-131	155	14
-130	160	14
-128	166	15
-158	214	19
-153	218	19
-153	229	20
-156	245	21
-173	286	25
-167	292	26
-159	293	26
-150	293	26
-137	283	25
-132	291	26
-98	231	20
-123	307	27
-165	441	39
-159	457	40
-152	473	41
-145	487	43
-139	510	45
-130	529	46
-56	261	23
-49	256	22
-43	256	22
-38	267	23
-33	278	24
-28	286	25
-22	300	26
-16	314	27
-9	329	29
-1	323	28
14	313	27
22	330	29
29	325	28
44	319	28
51	314	27
59	317	28
65	309	27
72	304	27
79	303	27
85	297	26
93	301	26
99	292	26
105	289	25
110	282	25
35	75	7
37	73	6
38	71	6
39	70	6
39	65	6
42	67	6
43	65	6
45	64	6
47	64	6
48	62	5
50	62	5
52	62	5
54	61	5
56	60	5
57	59	5
34	31	3
31	28	2
30	25	2
29	22	2
28	20	2
27	19	2
26	17	1
25	16	1
24	14	1
24	13	1
24	12	1
24	12	1
25	11	1
26	11	1
26	11	1
27	11	1
28	10	1
29	10	1
-207	30	0
-197	34	0
-194	38	0
-192	42	0
-190	46	0
-185	50	0
-184	54	0
-180	57	0
-180	62	0
-176	66	0
-174	70	0
-171	73	0
-168	76	0
-164	79	0
-162	83	0
-89	52	0
-86	53	0
-86	56	0
-152	113	0
-150	116	0
-149	121	0
-143	122	0
-140	125	0
-143	134	0
-140	137	0
-139	142	0
-136	147	0
-133	151	0
-131	155	0
-128	159	0
-158	204	0
-162	219	0
-156	222	0
-154	231	0
-154	243	0
-170	281	0
-163	285	0
-156	288	0
-149	291	0
-136	282	0
-131	289	0
-95	225	0
-122	306	0
-166	441	0
-159	455	0
-155	478	0
-145	487	0
-138	506	0
-131	526	0
-56	257	0
-49	254	0
-43	253	0
-38	261	0
-33	271	0
-28	283	0
-23	295	0
-16	308	0
-10	324	0
-3	342	0
5	352	0
14	349	0
21	343	0
29	341	0
37	338	0
44	331	0
51	328	0
59	327	0
65	321	0
73	318	0
79	313	0
86	310	0
93	307	0
100	305	0
106	301	0
114	298	0
120	294	0
127	292	0
36	73	0
37	71	0
38	69	0
40	64	0
42	65	0
44	64	0
47	66	0
47	62	0
49	62	0
52	63	0
52	60	0
55	60	0
57	59	0
32	29	0
30	26	0
30	24	0
28	21	0
27	19	0
27	18	0
26	17	0
25	15	0
24	13	0
24	13	0
24	12	0
24	11	0
25	11	0
26	11	0
26	11	0
27	10	0
28	10	0
29	9	0
30	9	0
-203	31	0
-196	35	0
-193	39	0
-191	43	0
-187	47	0
-185	51	0
-182	55	0
-179	59	0
-177	63	0
-175	67	0
-172	70	0
-171	74	0
-168	78	0
-164	81	0
-162	84	0
-88	52	0
-88	55	0
-153	109	0
-153	115	0
-150	118	0
-147	122	0
-142	123	0
-138	125	0
-142	134	0
-142	141	0
-138	144	0
-135	148	0
-134	153	0
-130	156	0
-128	162	0
-163	214	0
-159	220	0
-154	223	0
-155	237	0
-152	244	0
-168	284	0
-161	286	0
-153	289	0
-134	284	0
-130	293	0
-120	288	0
-171	436	0
-165	451	0
-158	467	0
-152	484	0
-142	494	0
-61	260	0
-53	252	0
-47	253	0
-41	257	0
-36	265	0
-32	279	0
-26	285	0
-20	301	0
-14	313	0
-7	331	0
1	348	0
9	348	0
17	346	0
25	341	0
32	339	0
40	337	0
47	331	0
54	329	0
62	323	0
68	320	0
76	317	0
83	313	0
89	309	0
96	306	0
103	303	0
109	299	0
117	297	0
124	294	0
36	72	0
38	70	0
39	69	0
39	65	0
42	66	0
43	64	0
44	63	0
46	63	0
48	62	0
49	60	0
52	61	0
53	60	0
57	59	0
34	32	0
33	29	0
30	25	0
29	23	0
28	21	0
27	19	0
26	17	0
25	16	0
24	14	0
24	13	0
24	12	0
24	12	0
25	12	0
25	11	0
26	10	0
27	10	0
27	10	0
28	9	0
29	9	0
-204	29	-3
-197	32	-3
-196	37	-3
-193	41	-4
-191	45	-4
-186	49	-4
-185	53	-5
-180	56	-5
-180	61	-5
-177	65	-6
-175	68	-6
-172	72	-6
-168	75	-7
-164	78	-7
-92	48	-4
-89	49	-4
-86	50	-4
-85	52	-5
-84	54	-5
-84	57	-5
-150	115	-10
-148	119	-10
-144	121	-11
-145	128	-11
-143	132	-12
-140	136	-12
-139	141	-12
-137	145	-13
-134	149	-13
-131	153	-13
-129	158	-14
-161	206	-18
-165	221	-19
-162	227	-20
-158	234	-20
-155	240	-21
-171	279	-24
-165	283	-25
-157	286	-25
-148	285	-25
-136	277	-24
-131	285	-25
-97	225	-20
-122	301	-26
-167	437	-38
-160	451	-39
-155	472	-41
-147	484	-42
-139	498	-44
-132	521	-46
-57	254	-22
-50	252	-22
-44	250	-22
-39	257	-22
-34	269	-24
-29	280	-24
-23	289	-25
-17	288	-25
-10	294	-26
-3	313	-27
4	350	-31
12	343	-30
20	341	-30
28	339	-30
35	336	-29
42	330	-29
50	327	-29
57	322	-28
64	320	-28
71	315	-28
78	313	-27
85	308	-27
91	305	-27
98	301	-26
105	298	-26
112	296	-26
118	290	-25
125	289	-25
35	72	-6
37	71	-6
38	69	-6
39	67	-6
39	64	-6
42	65	-6
43	63	-6
45	63	-6
47	62	-5
48	61	-5
51	62	-5
52	60	-5
53	58	-5
57	57	-5
34	31	-3
31	27	-2
30	24	-2
29	22	-2
28	20	-2
27	18	-2
26	17	-1
25	15	-1
24	14	-1
24	13	-1
24	12	-1
24	11	-1
25	11	-1
25	11	-1
26	10	-1
27	10	-1
28	10	-1
28	9	-1
29	9	-1
31	9	-1
31	8	-1
-205	27	-2
-197	31	-3
-196	36	-3
-193	40	-3
-191	44	-4
-186	47	-4
-186	52	-5
-181	55	-5
-181	60	-5
-178	63	-6
-174	67	-6
-172	71	-6
-167	74	-6
-165	77	-7
-90	49	-4
-87	50	-4
-85	51	-4
-84	53	-5
-84	56	-5
-151	114	-10
-149	118	-10
-146	121	-11
-140	122	-11
-144	132	-12
-141	135	-12
-141	141	-12
-137	144	-13
-134	148	-13
-132	153	-13
-129	156	-14
-126	160	-14
-166	220	-19
-162	226	-20
-159	233	-20
-155	239	-21
-166	283	-25
-158	284	-25
-150	286	-25
-137	276	-24
-132	284	-25
-98	226	-20
-123	299	-26
-168	434	-38
-161	448	-39
-154	464	-41
-148	483	-42
-139	493	-43
-132	516	-45
-58	255	-22
-51	252	-22
-44	248	-22
-39	256	-22
-35	268	-23
-30	278	-24
-24	286	-25
-17	288	-25
-10	292	-26
-4	310	-27
4	347	-30
12	344	-30
19	341	-30
27	339	-30
35	336	-29
42	330	-29
49	327	-29
57	323	-28
64	320	-28
71	315	-28
78	313	-27
84	308	-27
91	305	-27
98	302	-26
105	299	-26
111	294	-26
118	293	-26
125	289	-25
36	73	-6
37	71	-6
38	69	-6
39	68	-6
40	64	-6
42	65	-6
43	63	-6
45	63	-5
47	62	-5
48	61	-5
51	62	-5
52	60	-5
53	59	-5
57	57	-5
33	30	-3
31	27	-2
30	24	-2
29	22	-2
28	20	-2
27	18	-2
26	17	-1
25	15	-1
24	14	-1
24	13	-1
24	12	-1
24	12	-1
25	11	-1
25	10	-1
26	10	-1
27	10	-1
28	10	-1
28	9	-1
29	9	-1
31	8	-1
31	8	-1
-207	21	-4
-198	24	-4
-196	29	-5
-194	33	-6
-192	37	-7
-189	41	-7
-187	45	-8
-185	49	-9
-182	53	-9
-180	57	-10
-176	60	-11
-174	64	-11
-170	68	-12
-168	71	-13
-165	74	-13
-164	78	-14
-90	47	-8
-87	48	-8
-85	49	-9
-83	51	-9
-83	54	-10
-84	57	-10
-151	116	-20
-150	120	-21
-147	124	-22
-147	130	-23
-142	132	-23
-141	136	-24
-138	140	-25
-135	144	-25
-133	148	-26
-131	153	-27
-128	157	-28
-135	174	-31
-125	168	-30
-123	175	-31
-122	182	-32
-122	192	-34
-121	200	-35
-161	278	-49
-153	279	-49
-147	284	-50
-135	277	-49
-130	283	-50
-121	281	-50
-121	299	-53
-165	435	-77
-158	449	-79
-154	473	-83
-147	490	-86
-137	500	-88
-129	518	-91
-55	251	-44
-48	248	-44
-42	248	-44
-37	257	-45
-33	267	-47
-25	260	-46
-19	260	-46
-13	261	-46
-7	268	-47
-1	268	-47
6	269	-47
12	273	-48
19	279	-49
28	316	-56
32	276	-49
39	279	-49
52	320	-56
59	318	-56
66	314	-55
73	309	-55
80	307	-54
86	302	-53
93	297	-52
38	106	-19
39	101	-18
40	99	-17
43	99	-17
45	97	-17
36	71	-12
37	69	-12
38	67	-12
40	67	-12
40	64	-11
42	64	-11
44	63	-11
47	64	-11
47	61	-11
48	60	-11
50	59	-10
52	58	-10
54	58	-10
56	57	-10
32	28	-5
31	26	-5
29	23	-4
28	21	-4
28	20	-3
27	18	-3
26	16	-3
25	15	-3
24	13	-2
24	12	-2
24	12	-2
24	11	-2
24	10	-2
25	10	-2
26	10	-2
27	10	-2
27	9	-2
28	9	-2
29	9	-2
30	8	-1
31	8	-1
32	7	-1
-207	20	-4
-198	24	-4
-195	28	-5
-194	33	-6
-191	37	-6
-189	41	-7
-187	45	-8
-185	49	-9
-182	53	-9
-179	57	-10
-176	60	-11
-173	64	-11
-170	67	-12
-168	71	-13
-165	74	-13
-163	78	-14
-90	47	-8
-86	48	-8
-85	50	-9
-83	51	-9
-84	54	-10
-84	57	-10
-151	116	-20
-150	120	-21
-147	124	-22
-145	129	-23
-142	132	-23
-142	138	-24
-138	140	-25
-135	144	-25
-132	149	-26
-130	153	-27
-128	157	-28
-135	174	-31
-124	169	-30
-123	176	-31
-122	183	-32
-123	194	-34
-122	202	-36
-160	279	-49
-152	280	-49
-144	281	-50
-134	278	-49
-129	285	-50
-122	285	-50
-171	425	-75
-164	438	-77
-158	454	-80
-152	474	-84
-143	484	-85
-136	503	-89
-61	254	-45
-53	250	-44
-47	247	-44
-41	250	-44
-36	259	-46
-31	262	-46
-24	259	-46
-18	260	-46
-12	262	-46
-6	268	-47
1	268	-47
7	269	-47
14	273	-48
21	279	-49
27	282	-50
33	277	-49
40	277	-49
53	319	-56
61	317	-56
67	312	-55
74	309	-54
82	307	-54
88	302	-53
95	299	-53
38	106	-19
39	101	-18
41	99	-17
43	97	-17
35	73	-13
36	70	-12
37	69	-12
38	67	-12
38	62	-11
41	64	-11
42	63	-11
44	61	-11
45	60	-11
47	60	-11
49	60	-10
50	58	-10
52	58	-10
54	58	-10
56	57	-10
32	28	-5
31	25	-4
29	23	-4
28	21	-4
28	19	-3
26	17	-3
26	16	-3
25	14	-3
24	13	-2
24	12	-2
24	11	-2
24	11	-2
25	11	-2
25	10	-2
26	10	-2
27	9	-2
28	9	-2
30	8	-1
31	8	-1
-208	17	-4
-199	21	-5
-197	25	-7
-195	29	-8
-192	33	-9
-193	38	-10
-191	42	-11
-187	45	-12
-184	49	-13
-182	53	-14
-181	57	-15
-177	60	-16
-175	64	-17
-172	67	-18
-170	71	-19
-168	75	-20
-97	47	-13
-89	46	-12
-86	47	-13
-84	48	-13
-81	49	-13
-82	52	-14
-83	55	-15
-151	114	-30
-150	119	-32
-147	122	-33
-145	126	-34
-142	129	-35
-140	133	-36
-138	138	-37
-135	141	-38
-133	145	-39
-131	150	-40
-128	153	-41
-138	173	-46
-130	172	-46
-124	172	-46
-119	173	-46
-115	177	-47
-114	184	-49
-112	190	-51
-110	197	-53
-139	261	-70
-136	272	-73
-131	278	-75
-96	219	-59
-121	292	-78
-167	429	-115
-160	441	-118
-153	455	-122
-147	472	-126
-138	483	-129
-131	507	-136
-57	248	-66
-50	246	-66
-43	243	-65
-39	250	-67
-31	243	-65
-25	239	-64
-19	236	-63
-13	234	-63
-7	229	-61
-2	225	-60
4	225	-60
9	223	-60
14	219	-59
19	219	-59
24	215	-58
29	211	-57
34	210	-56
38	206	-55
43	205	-55
47	201	-54
52	199	-53
56	197	-53
61	194	-52
65	193	-52
39	104	-28
40	99	-27
42	96	-26
44	95	-26
35	70	-19
36	69	-18
38	67	-18
39	65	-18
39	62	-17
42	64	-17
43	62	-17
44	60	-16
47	61	-16
48	59	-16
51	61	-16
52	59	-16
53	57	-15
56	58	-16
57	56	-15
33	30	-8
33	28	-7
30	24	-6
29	22	-6
28	20	-5
27	19	-5
26	17	-4
26	15	-4
25	14	-4
24	13	-3
24	12	-3
24	11	-3
24	11	-3
25	11	-3
25	10	-3
26	10	-3
27	9	-2
27	9	-2
28	9	-2
29	8	-2
30	8	-2
31	7	-2
32	7	-2
33	7	-2
-212	16	-4
-202	20	-5
-198	24	-6
-195	28	-8
-193	32	-9
-192	37	-10
-191	41	-11
-189	45	-12
-184	48	-13
-182	52	-14
-179	56	-15
-178	60	-16
-176	64	-17
-173	67	-18
-171	71	-19
-168	74	-20
-97	47	-13
-90	46	-12
-86	47	-12
-84	48	-13
-81	49	-13
-82	52	-14
-83	55	-15
-151	114	-30
-150	119	-32
-148	122	-33
-145	126	-34
-142	129	-35
-141	134	-36
-138	138	-37
-135	142	-38
-133	146	-39
-130	150	-40
-128	154	-41
-137	173	-46
-129	172	-46
-123	172	-46
-118	173	-46
-115	177	-47
-113	184	-49
-114	195	-52
-110	200	-53
-138	265	-71
-135	274	-73
-130	280	-75
-121	298	-80
-165	430	-115
-158	443	-119
-153	463	-124
-145	477	-128
-136	491	-131
-127	506	-136
-54	247	-66
-48	244	-65
-42	245	-66
-36	247	-66
-29	241	-64
-23	239	-64
-17	236	-63
-11	231	-62
-5	229	-61
0	225	-60
6	224	-60
11	221	-59
16	219	-59
21	216	-58
26	214	-57
31	211	-57
36	208	-56
40	206	-55
45	203	-55
49	201	-54
54	198	-53
59	197	-53
63	194	-52
68	193	-52
39	101	-27
41	97	-26
43	95	-26
35	72	-19
36	69	-19
37	67	-18
38	66	-18
40	61	-16
42	62	-17
44	61	-16
47	63	-17
47	59	-16
49	59	-16
52	60	-16
52	57	-15
56	57	-15
33	29	-8
30	25	-7
29	22	-6
28	20	-5
28	19	-5
26	17	-5
26	16	-4
25	14	-4
24	13	-3
24	12	-3
24	11	-3
24	11	-3
24	10	-3
25	10	-3
26	9	-2
27	9	-3
27	9	-2
28	9	-2
29	8	-2
30	8	-2
31	7	-2
32	7	-2
33	6	-2
-214	11	-4
-203	15	-6
-200	19	-7
-199	24	-9
-198	28	-10
-196	32	-12
-193	36	-13
-191	40	-15
-189	44	-16
-185	47	-17
-183	51	-19
-181	55	-20
-180	59	-21
-177	62	-23
-174	66	-24
-170	68	-25
-168	72	-26
-164	75	-27
-92	45	-17
-87	46	-17
-84	47	-17
-82	48	-18
-82	50	-18
-82	53	-19
-89	60	-22
-89	63	-23
-88	65	-24
-85	66	-24
-82	67	-24
-80	69	-25
-139	134	-49
-136	137	-50
-134	141	-51
-131	145	-53
-128	149	-54
-127	154	-56
-132	169	-62
-121	163	-59
-119	168	-61
-115	170	-62
-112	176	-64
-113	186	-68
-111	193	-70
-138	252	-92
-136	265	-96
-132	271	-99
-98	215	-78
-122	286	-104
-166	413	-150
-161	432	-157
-57	243	-89
-50	241	-88
-44	240	-87
-38	243	-88
-34	255	-93
-29	266	-97
-20	236	-86
-14	233	-85
-7	222	-81
-2	222	-81
4	220	-80
9	218	-80
14	214	-78
19	212	-77
24	211	-77
29	210	-77
34	205	-75
39	203	-74
43	200	-73
41	97	-35
43	96	-35
34	71	-26
35	69	-25
38	65	-24
39	64	-23
39	60	-22
41	60	-22
42	59	-21
44	58	-21
47	59	-22
48	58	-21
48	56	-20
52	57	-21
53	55	-20
56	56	-20
58	55	-20
32	28	-10
31	26	-9
31	24	-9
28	21	-8
28	19	-7
27	18	-6
26	16	-6
26	15	-5
25	13	-5
24	12	-4
24	11	-4
24	11	-4
24	11	-4
25	10	-4
25	9	-3
26	9	-3
27	9	-3
28	9	-3
28	8	-3
29	8	-3
30	7	-3
31	7	-3
32	7	-2
33	6	-2
35	6	-2
-209	12	-4
-202	16	-6
-198	20	-7
-199	25	-9
-197	29	-11
-195	33	-12
-193	37	-14
-190	41	-15
-187	45	-16
-184	48	-18
-182	52	-19
-181	56	-20
-177	59	-22
-174	63	-23
-172	66	-24
-170	70	-25
-167	73	-27
-165	77	-28
-90	46	-17
-86	46	-17
-84	47	-17
-82	49	-18
-82	51	-19
-83	54	-20
-90	62	-23
-88	64	-23
-86	65	-24
-84	66	-24
-81	68	-25
-80	69	-25
-137	134	-49
-135	140	-51
-133	143	-52
-130	147	-54
-128	152	-55
-129	160	-58
-124	162	-59
-117	161	-59
-116	168	-61
-112	171	-62
-115	184	-67
-112	189	-69
-109	195	-71
-137	258	-94
-135	269	-98
-131	277	-101
-122	294	-107
-162	418	-152
-54	242	-88
-47	240	-87
-41	242	-88
-35	242	-88
-32	263	-96
-26	272	-99
-16	233	-85
-10	223	-81
-4	223	-81
1	221	-80
7	219	-80
12	216	-79
17	213	-78
22	211	-77
27	210	-76
32	206	-75
36	204	-74
41	202	-73
40	99	-36
42	96	-35
44	95	-35
35	69	-25
36	68	-25
38	66	-24
39	65	-23
40	60	-22
44	63	-23
43	58	-21
45	58	-21
48	59	-21
51	59	-22
51	58	-21
53	57	-21
55	57	-21
57	56	-20
32	27	-10
30	24	-9
28	20	-7
28	19	-7
26	16	-6
26	15	-6
25	14	-5
24	12	-5
24	12	-4
24	11	-4
24	10	-4
24	10	-3
25	9	-3
26	9	-3
27	9	-3
27	8	-3
28	8	-3
29	8	-3
30	7	-3
31	7	-3
32	7	-2
33	6	-2
34	6	-2
39	3	-1
-198	-1	1
-193	3	-1
-220	8	-4
-203	12	-5
-203	16	-7
-202	20	-9
-199	24	-11
-198	28	-13
-195	32	-15
-193	36	-17
-192	40	-19
-191	44	-20
-185	47	-22
-186	51	-24
-180	54	-25
-180	58	-27
-99	35	-17
-96	37	-17
-95	39	-18
-95	41	-19
-93	42	-20
-92	44	-21
-90	46	-22
-89	48	-22
-86	49	-23
-85	51	-24
-34	23	-11
-33	24	-11
-33	25	-11
-33	26	-12
-32	27	-12
-32	27	-13
-31	28	-13
-31	29	-14
-31	30	-14
-30	31	-14
-30	32	-15
-30	33	-16
-29	34	-16
-28	35	-16
-28	36	-17
-28	38	-18
-27	39	-18
-116	188	-87
-113	193	-90
-111	200	-93
-120	229	-107
-112	227	-106
-106	229	-107
-99	228	-107
-93	230	-107
-86	229	-107
-79	229	-107
-73	230	-107
-67	230	-107
-61	231	-108
-54	231	-108
-48	230	-107
-42	232	-108
-36	231	-108
-26	203	-95
-22	211	-98
-18	230	-107
-12	229	-107
-6	230	-107
0	224	-104
4	32	-15
5	32	-15
6	32	-15
6	33	-15
7	33	-15
8	33	-15
9	33	-15
10	33	-15
11	33	-15
12	33	-15
12	33	-15
13	33	-15
14	33	-15
15	33	-15
16	33	-15
17	33	-15
19	33	-15
19	33	-15
20	32	-15
22	33	-15
23	33	-16
24	33	-15
25	33	-15
27	33	-16
28	34	-16
29	33	-15
31	34	-16
32	28	-13
31	25	-12
29	23	-10
29	21	-10
28	19	-9
27	18	-8
26	16	-7
26	15	-7
25	14	-6
24	12	-6
24	12	-5
24	11	-5
24	11	-5
25	9	-4
26	9	-4
27	9	-4
27	8	-4
28	8	-4
29	8	-4
30	7	-3
31	7	-3
32	7	-3
32	6	-3
34	6	-3
35	5	-2
36	5	-2
37	4	-2
-197	0	0
-203	4	-2
-223	9	-4
-202	13	-6
-203	17	-8
-202	21	-10
-199	26	-12
-197	30	-14
-196	34	-16
-193	37	-17
-190	41	-19
-186	44	-21
-185	48	-23
-182	52	-24
-181	56	-26
-97	36	-17
-95	37	-17
-95	39	-18
-95	42	-20
-92	43	-20
-91	45	-21
-90	47	-22
-88	49	-23
-86	50	-23
-34	22	-10
-33	23	-11
-33	24	-11
-33	25	-12
-33	26	-12
-32	27	-13
-32	28	-13
-31	29	-13
-31	29	-14
-30	30	-14
-30	31	-15
-29	32	-15
-29	34	-16
-29	35	-16
-28	36	-17
-28	37	-17
-27	38	-18
-116	192	-89
-112	197	-92
-123	227	-106
-116	228	-106
-110	230	-107
-98	219	-102
-96	230	-107
-89	230	-107
-83	230	-107
-77	230	-107
-70	229	-107
-64	230	-107
-57	230	-107
-51	231	-108
-45	230	-107
-39	232	-108
-29	204	-95
-24	203	-95
-19	213	-99
-15	229	-107
-9	230	-107
-3	226	-105
3	222	-104
3	33	-15
4	32	-15
5	32	-15
6	33	-15
7	33	-15
8	33	-15
9	33	-15
9	33	-15
10	33	-15
11	33	-15
12	33	-15
13	32	-15
14	33	-15
15	32	-15
16	33	-15
17	33	-15
18	33	-15
19	33	-15
20	33	-15
21	33	-15
22	33	-15
23	33	-15
24	33	-15
26	33	-16
27	34	-16
28	33	-15
30	34	-16
32	34	-16
33	34	-16
33	29	-14
32	27	-12
30	23	-11
29	22	-10
28	20	-9
27	18	-8
26	17	-8
26	15	-7
25	14	-7
24	13	-6
24	12	-5
24	11	-5
24	11	-5
24	10	-5
25	10	-5
26	9	-4
26	9	-4
27	8	-4
28	8	-4
28	8	-4
29	8	-4
30	7	-3
31	6	-3
32	6	-3
34	6	-3
37	4	-2
38	4	-2
38	3	-2
40	3	-2
-194	0	0
-200	4	-2
-222	9	-5
-203	12	-7
-203	16	-9
-200	20	-12
-199	24	-14
-197	28	-16
-196	32	-18
-193	35	-20
-191	39	-22
-189	43	-25
-185	46	-26
-185	50	-29
-181	53	-30
-103	33	-19
-96	33	-19
-94	35	-20
-94	37	-21
-93	39	-23
-91	41	-23
-90	42	-25
-88	44	-25
-36	20	-12
-34	21	-12
-34	21	-12
-34	22	-13
-34	23	-13
-33	24	-14
-33	25	-14
-33	26	-15
-32	27	-15
-31	27	-16
-31	28	-16
-31	29	-17
-30	30	-17
-30	31	-18
-30	32	-19
-29	33	-19
-29	34	-20
-28	35	-20
-28	37	-21
-27	37	-22
-116	181	-105
-114	189	-109
-112	195	-113
-110	204	-118
-103	204	-118
-97	204	-118
-91	204	-118
-84	204	-118
-78	204	-118
-71	203	-117
-66	204	-118
-60	203	-117
-54	202	-117
-48	203	-117
-43	204	-118
-37	204	-118
-30	195	-112
-24	192	-111
-19	191	-110
-13	184	-106
-8	184	-106
-4	194	-112
3	28	-16
3	28	-16
4	28	-16
5	28	-16
6	28	-16
6	28	-16
7	29	-17
8	29	-17
9	29	-16
10	29	-17
10	29	-17
11	29	-17
12	29	-17
13	29	-17
14	29	-17
14	29	-17
15	29	-17
16	29	-17
17	29	-17
18	29	-17
19	29	-17
20	29	-17
21	29	-17
22	29	-17
24	29	-17
25	29	-17
26	30	-17
27	29	-17
28	29	-17
30	30	-17
29	27	-15
30	23	-13
29	21	-12
28	19	-11
27	18	-10
26	16	-9
26	15	-9
25	14	-8
25	12	-7
24	11	-7
24	11	-6
24	10	-6
25	9	-5
26	9	-5
27	8	-5
27	8	-5
28	8	-5
29	7	-4
31	7	-4
31	7	-4
31	6	-4
33	6	-3
34	5	-3
35	5	-3
36	4	-3
38	4	-2
-197	-2	1
-190	2	-1
-218	7	-4
-204	11	-6
-202	15	-8
-202	19	-11
-199	23	-13
-198	26	-15
-196	30	-17
-194	34	-20
-193	38	-22
-190	41	-24
-186	44	-26
-186	49	-28
-181	51	-30
-106	33	-19
-97	33	-19
-95	34	-20
-94	36	-21
-93	38	-22
-93	40	-23
-91	42	-24
-89	43	-25
-36	20	-11
-34	20	-12
-34	21	-12
-34	22	-13
-34	23	-13
-33	24	-14
-33	24	-14
-33	26	-15
-32	26	-15
-32	27	-16
-31	28	-16
-31	29	-17
-31	30	-17
-31	31	-18
-30	32	-18
-29	33	-19
-29	34	-20
-28	35	-20
-28	36	-21
-27	37	-22
-118	182	-105
-114	186	-107
-112	193	-111
-112	203	-117
-105	204	-118
-98	203	-117
-92	203	-117
-86	204	-118
-80	204	-118
-74	205	-118
-68	205	-118
-62	204	-118
-56	203	-117
-50	203	-117
-44	203	-117
-39	203	-117
-33	200	-115
-26	193	-111
-20	184	-106
-15	186	-107
-10	184	-106
-5	196	-113
2	28	-16
3	28	-16
4	28	-16
5	28	-16
5	28	-16
6	28	-16
7	28	-16
8	29	-17
8	29	-16
9	29	-17
10	29	-17
11	29	-16
12	29	-17
13	29	-17
13	29	-17
14	29	-17
15	29	-17
16	29	-17
17	29	-17
18	29	-17
19	29	-17
20	29	-17
21	29	-17
22	29	-17
23	29	-17
24	29	-17
25	29	-17
27	30	-17
30	29	-17
32	27	-15
31	24	-14
29	21	-12
28	20	-11
28	18	-10
26	17	-10
26	15	-9
25	14	-8
25	13	-7
24	11	-7
24	11	-6
24	10	-6
25	9	-5
26	9	-5
27	8	-5
27	8	-5
28	8	-5
29	7	-4
30	7	-4
31	7	-4
31	6	-4
32	6	-3
34	5	-3
35	5	-3
36	4	-3
37	4	-2
38	3	-2
40	3	-2
42	2	-2
-192	-2	1
-188	2	-1
-213	6	-4
-203	9	-6
-202	13	-9
-203	17	-12
-201	21	-14
-199	24	-17
-197	28	-20
-196	32	-22
-192	35	-24
-191	38	-27
-189	42	-29
-185	45	-31
-182	48	-33
-180	51	-36
-96	30	-21
-93	32	-22
-93	33	-23
-92	35	-25
-36	16	-11
-35	17	-12
-36	18	-12
-36	19	-13
-35	19	-13
-35	20	-14
-35	21	-15
-34	22	-15
-34	22	-16
-34	23	-16
-33	24	-17
-33	25	-17
-32	26	-18
-31	26	-18
-31	27	-19
-31	28	-20
-31	29	-21
-30	30	-21
-30	31	-22
-29	32	-23
-29	33	-23
-28	34	-24
-28	35	-25
-28	37	-26
-107	171	-120
-101	171	-120
-96	172	-120
-89	171	-119
-84	171	-120
-78	171	-120
-72	170	-119
-67	172	-120
-62	172	-120
-57	172	-120
-52	171	-120
-46	170	-119
-41	169	-119
-36	170	-119
-31	169	-119
-26	171	-120
-21	170	-119
-16	170	-119
1	24	-17
1	24	-17
2	24	-17
2	24	-17
3	24	-17
4	24	-17
5	24	-17
5	24	-17
6	24	-17
7	24	-17
8	24	-17
8	24	-17
9	24	-17
10	24	-17
10	24	-17
11	24	-17
12	24	-17
12	24	-17
14	24	-17
14	24	-17
15	24	-17
16	24	-17
17	24	-17
18	24	-17
18	24	-17
20	24	-17
20	24	-17
21	24	-17
22	24	-17
23	24	-17
24	24	-17
27	25	-17
28	24	-17
29	24	-17
31	25	-17
30	23	-16
30	21	-15
29	19	-13
28	18	-13
27	16	-11
26	15	-11
26	14	-10
25	13	-9
24	12	-8
24	10	-7
24	10	-7
24	9	-7
24	9	-6
25	9	-6
26	8	-6
26	8	-6
27	8	-6
28	7	-5
28	7	-5
29	7	-5
31	7	-5
31	6	-4
33	6	-4
33	5	-4
34	5	-3
35	5	-3
36	4	-3
38	4	-2
-197	-4	3
-189	-1	0
-188	3	-2
-222	8	-5
-203	11	-8
-203	15	-10
-202	19	-13
-199	22	-16
-198	26	-18
-196	30	-21
-194	33	-23
-192	37	-26
-190	40	-28
-186	43	-30
-184	46	-32
-181	49	-35
-97	30	-21
-95	31	-22
-93	32	-23
-92	34	-24
-91	36	-25
-37	17	-12
-35	17	-12
-36	18	-13
-35	19	-13
-35	20	-14
-34	20	-14
-34	21	-15
-34	22	-15
-33	23	-16
-33	24	-17
-33	24	-17
-32	25	-18
-32	26	-18
-32	27	-19
-31	28	-20
-31	29	-20
-30	30	-21
-30	31	-22
-29	31	-22
-29	33	-23
-29	34	-24
-28	35	-24
-28	36	-25
-104	170	-119
-98	171	-120
-92	170	-119
-86	171	-120
-81	172	-120
-75	172	-120
-70	171	-120
-65	172	-120
-59	171	-120
-54	172	-120
-49	170	-119
-43	169	-119
-38	170	-119
-34	170	-119
-28	169	-118
-24	170	-119
-19	169	-118
1	24	-17
2	24	-17
3	24	-17
3	24	-17
4	24	-17
4	24	-17
5	24	-17
6	24	-17
6	24	-17
7	24	-17
8	24	-17
9	24	-17
9	24	-17
10	24	-17
11	24	-17
11	24	-17
12	24	-17
13	24	-17
14	24	-17
15	24	-17
16	24	-17
16	24	-17
17	24	-17
18	24	-17
19	24	-17
20	24	-17
21	24	-17
22	24	-17
23	24	-17
24	24	-17
26	25	-17
28	24	-17
29	24	-17
30	24	-17
32	25	-17
29	22	-15
29	20	-14
28	19	-13
28	17	-12
27	16	-11
26	14	-10
25	13	-9
25	12	-8
24	11	-8
24	10	-7
24	10	-7
24	10	-7
25	9	-7
25	9	-6
26	9	-6
27	8	-6
27	8	-5
28	8	-5
29	7	-5
30	7	-5
30	6	-5
31	6	-4
33	6	-4
34	5	-4
35	5	-3
36	4	-3
37	4	-3
38	3	-2
40	2	-2
42	2	-1
42	1	-1
-188	-11	9
-185	-8	6
-188	-4	4
-188	-1	1
-188	2	-2
-216	6	-5
-203	9	-8
-202	13	-11
-204	17	-14
-202	20	-17
-199	24	-20
-197	27	-23
-196	30	-25
-194	34	-28
-192	37	-31
-190	40	-34
-186	43	-36
-185	46	-39
-96	27	-23
-38	13	-11
-38	13	-11
-38	14	-12
-37	15	-12
-37	15	-13
-37	16	-14
-36	17	-14
-36	18	-15
-36	18	-15
-36	19	-16
-35	20	-17
-35	21	-17
-34	21	-18
-34	22	-19
-34	23	-19
-33	24	-20
-33	25	-21
-33	26	-22
-33	27	-22
-32	27	-23
-32	28	-24
-31	29	-25
-31	30	-26
-30	31	-26
-30	32	-27
-30	33	-28
-29	34	-29
-29	36	-30
-28	37	-31
-86	130	-109
-81	130	-109
-76	129	-109
-71	130	-109
-67	130	-109
-62	130	-109
-58	130	-109
-53	129	-108
-49	130	-109
-45	130	-109
-41	130	-109
-36	130	-109
-2	18	-15
-1	18	-15
-1	18	-15
-1	18	-15
0	18	-15
1	18	-15
2	18	-15
2	18	-15
2	18	-15
3	18	-15
3	18	-15
4	18	-15
5	17	-15
5	18	-15
6	18	-15
6	18	-15
6	18	-15
8	18	-15
8	18	-15
9	18	-15
9	18	-15
10	18	-15
10	18	-15
11	18	-15
12	18	-15
13	18	-15
13	18	-15
14	18	-15
15	18	-15
16	18	-15
16	18	-15
17	18	-15
18	18	-15
18	18	-15
21	18	-15
21	18	-15
22	18	-15
23	18	-15
24	18	-15
25	18	-15
26	18	-15
28	18	-16
27	17	-14
27	16	-13
26	14	-12
26	13	-11
25	12	-10
24	11	-9
24	10	-9
24	10	-8
24	9	-8
24	9	-8
25	9	-7
25	8	-7
26	8	-7
27	8	-7
28	7	-6
28	7	-6
29	7	-6
30	7	-6
30	6	-5
31	6	-5
32	5	-4
33	5	-4
34	5	-4
35	4	-3
36	4	-3
37	3	-3
-187	-10	8
-188	-6	5
-188	-3	2
-188	0	0
-199	4	-3
-221	8	-7
-203	11	-9
-204	15	-12
-201	18	-15
-200	22	-18
-199	25	-21
-198	29	-24
-195	32	-27
-193	35	-30
-192	39	-32
-190	42	-35
-186	45	-37
-99	27	-22
-39	13	-11
-38	13	-11
-37	14	-12
-37	15	-12
-37	15	-13
-37	16	-13
-36	17	-14
-36	17	-14
-36	18	-15
-36	19	-16
-35	20	-17
-35	20	-17
-35	21	-18
-35	22	-19
-34	23	-19
-34	24	-20
-33	24	-20
-33	25	-21
-32	26	-22
-32	27	-23
-32	28	-23
-31	29	-24
-31	30	-25
-30	31	-26
-30	32	-27
-30	33	-28
-29	34	-28
-29	35	-29
-28	37	-31
-87	130	-109
-83	130	-109
-77	129	-109
-73	130	-109
-69	131	-110
-64	130	-109
-60	130	-109
-55	130	-109
-51	129	-109
-46	130	-109
-42	130	-109
-38	129	-109
-34	131	-110
-2	18	-15
-1	18	-15
-1	18	-15
0	18	-15
0	18	-15
1	17	-15
2	18	-15
2	17	-15
2	18	-15
4	18	-15
4	17	-15
5	17	-15
4	18	-15
5	18	-15
6	17	-15
6	18	-15
7	18	-15
8	18	-15
8	18	-15
9	18	-15
9	18	-15
10	18	-15
11	17	-15
11	18	-15
12	18	-15
13	18	-15
13	18	-15
14	18	-15
15	18	-15
15	18	-15
16	18	-15
17	18	-15
18	18	-15
18	18	-15
19	18	-15
21	18	-15
22	18	-15
23	18	-15
24	18	-15
25	18	-15
26	18	-15
28	18	-15
27	17	-15
27	16	-14
26	15	-12
25	14	-11
25	12	-10
24	11	-9
24	10	-9
24	10	-8
24	9	-8
24	9	-8
25	9	-7
25	8	-7
26	8	-7
27	8	-7
27	8	-6
28	7	-6
29	7	-6
30	7	-6
30	6	-5
31	6	-5
32	6	-5
34	5	-4
34	5	-4
35	4	-4
36	4	-3
37	3	-3
38	3	-3
40	2	-2
40	2	-2
42	1	-1
-168	-11	11
-181	-9	9
-188	-6	6
-188	-3	3
-188	0	0
-189	3	-3
-220	7	-7
-203	10	-10
-202	13	-13
-202	16	-16
-201	20	-20
-199	23	-23
-197	26	-26
-196	29	-29
-193	32	-32
-193	35	-35
-190	38	-38
-186	41	-41
-38	11	-11
-39	11	-11
-38	12	-12
-38	13	-13
-38	13	-13
-37	14	-14
-37	15	-15
-37	15	-15
-37	16	-16
-36	17	-17
-36	17	-17
-36	18	-18
-35	19	-19
-35	19	-19
-34	20	-20
-34	21	-21
-34	22	-22
-34	23	-23
-34	24	-24
-33	24	-24
-33	25	-25
-32	26	-26
-32	27	-27
-31	28	-28
-31	29	-29
-31	30	-30
-30	31	-31
-30	32	-32
-30	33	-33
-29	34	-34
-29	35	-35
-67	109	-109
-63	109	-109
-59	109	-109
-55	109	-109
-51	109	-109
-47	109	-109
-43	109	-109
-3	15	-15
-2	15	-15
-2	15	-15
-1	15	-15
-1	15	-15
0	15	-15
0	15	-15
1	15	-15
1	15	-15
2	15	-15
2	15	-15
3	15	-15
3	15	-15
4	15	-15
4	15	-15
4	15	-15
5	15	-15
5	15	-15
6	15	-15
7	15	-15
7	15	-15
8	15	-15
8	15	-15
8	15	-15
9	15	-15
10	15	-15
10	15	-15
11	15	-15
12	15	-15
12	15	-15
12	15	-15
13	15	-15
14	15	-15
15	15	-15
16	15	-15
17	15	-15
18	15	-15
19	15	-15
20	15	-15
21	15	-15
22	15	-15
22	15	-15
23	15	-15
25	15	-15
26	15	-15
27	15	-15
26	14	-14
25	13	-13
25	12	-12
24	11	-11
24	10	-10
24	10	-10
24	9	-9
24	9	-9
25	9	-9
25	8	-8
26	8	-8
27	7	-7
27	7	-7
28	7	-7
29	7	-7
29	6	-6
30	6	-6
32	6	-6
32	5	-5
34	5	-5
33	5	-5
35	4	-4
36	4	-4
37	3	-3
38	3	-3
-169	-11	11
-182	-9	9
-185	-7	7
-188	-4	4
-188	0	0
-189	3	-3
-218	6	-6
-203	9	-9
-202	13	-13
-203	16	-16
-201	19	-19
-199	22	-22
-197	26	-26
-196	29	-29
-194	32	-32
-193	35	-35
-191	38	-38
-187	41	-41
-39	11	-11
-38	11	-11
-38	12	-12
-38	13	-13
-38	13	-13
-38	14	-14
-37	15	-15
-37	15	-15
-36	16	-16
-37	17	-17
-36	17	-17
-36	18	-18
-36	19	-19
-35	19	-19
-34	20	-20
-34	21	-21
-34	22	-22
-34	23	-23
-33	23	-23
-33	24	-24
-33	25	-25
-32	26	-26
-32	27	-27
-32	28	-28
-31	29	-29
-31	30	-30
-30	31	-31
-30	32	-32
-29	33	-33
-29	34	-34
-29	35	-35
-68	109	-109
-63	109	-109
-59	109	-109
-55	109	-109
-51	109	-109
-47	109	-109
-44	109	-109
-3	15	-15
-2	15	-15
-2	15	-15
-1	15	-15
-1	15	-15
0	15	-15
0	15	-15
1	15	-15
1	15	-15
2	15	-15
2	15	-15
3	15	-15
3	15	-15
4	15	-15
4	15	-15
4	15	-15
5	15	-15
5	15	-15
6	15	-15
7	15	-15
7	15	-15
8	15	-15
8	15	-15
9	15	-15
9	15	-15
10	15	-15
10	15	-15
11	15	-15
12	15	-15
12	15	-15
12	15	-15
13	15	-15
14	15	-15
14	15	-15
17	15	-15
17	15	-15
18	15	-15
19	15	-15
20	15	-15
21	15	-15
22	15	-15
23	15	-15
24	15	-15
25	15	-15
26	15	-15
27	15	-15
26	14	-14
25	13	-13
25	12	-12
24	11	-11
24	10	-10
24	9	-9
24	9	-9
24	9	-9
25	9	-9
25	8	-8
26	8	-8
26	7	-7
27	7	-7
28	7	-7
29	7	-7
29	6	-6
30	6	-6
32	6	-6
32	5	-5
34	5	-5
33	4	-4
35	4	-4
36	4	-4
37	3	-3
