0	0	0
-214	73	87
-265	95	113
-263	99	118
-263	104	124
-264	110	131
-263	115	137
-264	122	145
-260	126	150
-247	125	149
-236	126	150
-227	127	151
-216	126	150
-205	126	150
-197	126	151
-188	127	151
-179	126	150
-171	127	151
-164	128	152
-158	129	153
-149	128	152
-142	127	152
-135	127	152
-128	127	152
-123	128	152
-116	128	153
-110	128	152
-104	128	153
-98	128	152
-93	128	153
-87	128	152
-82	128	153
-76	128	153
-19	38	45
-19	40	48
-11	34	40
-10	33	40
-9	34	40
-7	33	40
-6	33	40
-5	33	40
-4	33	40
-3	33	40
-1	33	40
0	33	40
1	33	40
2	33	40
3	33	40
5	33	40
6	33	40
7	33	40
8	33	40
9	34	40
11	34	40
12	34	40
13	34	40
27	48	58
27	44	53
27	41	49
27	38	45
26	35	42
26	33	39
26	30	36
26	28	34
26	27	32
26	25	30
25	23	28
25	22	26
25	21	25
25	20	23
25	18	22
24	17	21
24	17	20
24	16	19
24	15	18
24	14	17
24	13	16
24	13	15
-217	72	85
-270	94	112
-264	97	116
-263	102	121
-263	107	128
-266	114	136
-261	118	140
-261	124	147
-253	126	150
-242	126	150
-230	126	150
-219	126	150
-210	126	151
-201	127	151
-192	127	151
-183	127	151
-175	127	151
-167	127	151
-160	128	152
-153	128	153
-145	128	152
-138	128	152
-131	127	152
-126	128	153
-118	127	152
-112	128	152
-106	128	152
-100	128	152
-95	128	153
-89	127	152
-83	128	152
-78	128	153
-73	128	153
-18	40	48
-10	33	40
-9	33	40
-8	33	40
-7	33	40
-5	33	40
-4	33	40
-3	33	40
-2	33	40
-1	33	40
1	33	40
2	34	40
3	33	40
4	33	40
6	33	40
7	33	40
8	33	40
9	33	40
10	33	40
12	34	40
13	34	40
27	49	59
27	45	54
27	41	49
27	38	45
26	35	42
26	33	39
26	31	36
26	29	34
26	27	32
25	25	30
25	24	28
25	22	26
25	21	25
25	20	23
25	19	22
25	18	21
25	17	20
24	16	19
24	15	18
24	14	17
24	13	16
24	13	15
-215	80	80
-266	104	104
-263	109	109
-262	114	114
-262	120	120
-263	126	126
-262	133	133
-260	138	138
-248	138	138
-236	138	138
-227	139	139
-216	139	139
-205	139	139
-197	140	140
-188	139	139
-179	140	140
-171	140	140
-164	141	141
-158	142	142
-149	141	141
-142	141	141
-135	141	141
-129	141	141
-122	141	141
-116	141	141
-109	141	141
-104	141	141
-98	141	141
-92	141	141
-86	141	141
-81	141	141
-75	141	141
-19	41	41
-19	45	45
-11	37	37
-10	37	37
-9	37	37
-7	37	37
-6	37	37
-5	37	37
-4	37	37
-3	37	37
-1	37	37
0	37	37
1	37	37
2	37	37
4	37	37
5	37	37
6	37	37
7	37	37
9	37	37
10	37	37
11	37	37
12	37	37
27	57	57
27	52	52
27	48	48
27	44	44
26	41	41
26	38	38
26	35	35
26	33	33
26	31	31
26	29	29
25	27	27
25	25	25
25	24	24
25	22	22
25	21	21
25	20	20
24	19	19
24	18	18
24	17	17
24	16	16
24	15	15
24	14	14
-215	79	79
-267	103	103
-264	107	107
-262	113	113
-263	119	119
-259	123	123
-261	130	130
-262	138	138
-250	138	138
-238	138	138
-229	139	139
-218	139	139
-207	139	139
-201	140	140
-190	139	139
-182	140	140
-174	140	140
-166	140	140
-158	140	140
-151	141	141
-144	141	141
-137	141	141
-130	141	141
-124	141	141
-117	140	140
-111	141	141
-106	142	142
-99	141	141
-93	141	141
-88	141	141
-82	141	141
-77	141	141
-19	42	42
-19	44	44
-11	36	36
-10	37	37
-9	37	37
-8	37	37
-6	37	37
-5	37	37
-4	37	37
-3	37	37
-1	37	37
0	37	37
1	37	37
2	37	37
3	37	37
5	37	37
6	37	37
7	37	37
8	37	37
9	37	37
11	37	37
12	37	37
13	37	37
27	52	52
27	48	48
27	44	44
26	41	41
26	38	38
26	35	35
26	33	33
26	31	31
25	29	29
25	27	27
25	25	25
25	24	24
25	23	23
25	21	21
25	20	20
25	19	19
25	18	18
24	17	17
24	16	16
24	15	15
24	14	14
24	14	14
-213	86	72
-266	112	94
-264	118	99
-263	124	104
-262	130	109
-264	137	115
-262	143	120
-263	151	127
-248	150	126
-239	151	127
-227	151	126
-217	151	127
-207	151	127
-199	152	128
-189	151	127
-181	152	128
-173	152	128
-165	153	128
-158	153	129
-150	153	128
-143	153	128
-136	153	128
-129	152	128
-123	153	129
-116	153	128
-111	154	129
-105	154	129
-99	154	129
-93	154	129
-87	153	129
-82	153	129
-77	154	129
-19	46	38
-19	49	41
-11	40	34
-10	40	34
-9	40	34
-7	40	34
-6	40	34
-5	40	34
-4	40	34
-2	40	34
-1	40	34
0	40	34
1	40	33
2	40	34
4	40	34
5	40	34
6	40	34
7	40	34
8	40	34
10	40	34
11	40	34
12	40	34
13	40	34
27	57	48
27	52	44
27	48	40
26	45	37
26	41	35
26	38	32
26	36	30
26	33	28
26	31	26
25	29	25
25	28	23
25	26	22
25	24	20
25	23	19
25	22	18
25	20	17
24	19	16
24	18	15
24	17	15
24	16	14
24	15	13
24	15	13
-212	84	71
-267	112	94
-264	117	98
-263	123	103
-263	129	108
-263	136	114
-261	142	119
-262	150	125
-251	150	126
-241	151	127
-229	151	127
-218	151	127
-208	151	127
-200	152	128
-190	151	127
-182	152	128
-174	152	128
-167	153	128
-159	153	128
-152	154	129
-145	153	129
-137	153	128
-131	153	129
-124	153	128
-117	153	128
-112	154	129
-106	154	129
-100	154	129
-94	153	129
-88	154	129
-82	153	129
-77	153	128
-72	153	129
-18	47	39
-10	40	34
-9	40	34
-7	40	34
-6	40	34
-5	40	34
-4	40	34
-3	40	34
-1	40	34
0	40	34
1	40	33
2	40	34
3	40	34
5	40	34
6	40	34
7	40	34
8	40	34
10	40	34
11	40	34
12	40	34
13	40	34
27	57	48
27	52	44
27	48	40
26	45	37
26	41	35
26	38	32
26	36	30
26	34	28
26	31	26
25	29	25
25	28	23
25	26	22
25	24	21
25	23	19
25	22	18
24	21	17
25	19	16
24	18	15
24	17	14
24	16	14
24	16	13
24	15	13
-273	112	79
-267	116	81
-217	100	70
-262	127	89
-265	135	95
-262	141	99
-261	148	103
-261	155	109
-262	163	114
-253	166	116
-241	165	116
-230	166	116
-221	166	117
-210	166	117
-200	166	116
-192	166	116
-183	166	116
-175	167	117
-168	167	117
-159	167	117
-152	168	117
-146	168	118
-138	168	118
-131	168	117
-125	168	118
-118	168	118
-112	168	117
-106	168	118
-100	168	118
-94	169	118
-88	168	118
-83	168	118
-78	169	118
-72	168	118
-17	49	34
-10	44	31
-9	44	31
-8	44	31
-6	44	31
-5	44	31
-4	44	31
-2	44	31
-1	44	31
0	44	31
1	44	31
3	44	31
4	44	31
5	44	31
6	44	31
7	44	31
9	44	31
10	44	31
11	44	31
13	44	31
28	66	46
27	61	42
27	55	39
27	51	36
26	47	33
26	44	31
26	41	29
26	38	27
26	36	25
26	33	23
26	31	22
25	29	21
25	28	19
25	26	18
25	24	17
25	23	16
25	22	15
24	21	15
24	20	14
24	18	13
24	18	12
24	17	12
24	16	11
-272	113	79
-266	116	82
-214	99	70
-262	128	90
-264	136	95
-262	142	99
-262	149	104
-263	157	110
-261	164	115
-251	165	116
-239	165	116
-228	165	116
-216	164	115
-209	166	116
-199	166	116
-191	167	117
-182	167	117
-173	167	117
-165	167	117
-158	168	117
-151	168	118
-144	168	117
-137	168	118
-130	168	118
-123	168	118
-116	168	117
-110	167	117
-105	168	118
-99	169	118
-93	168	118
-87	168	118
-81	168	118
-76	168	118
-65	169	118
-11	44	31
-10	44	31
-8	44	31
-7	44	31
-6	44	31
-5	44	31
-3	44	31
-2	44	31
-1	44	31
1	44	31
2	44	31
3	44	31
4	44	31
6	44	31
7	44	31
8	44	31
9	44	31
11	44	31
12	44	31
13	44	31
28	64	45
27	58	41
27	54	38
27	49	35
27	46	32
26	42	30
26	40	28
26	37	26
26	35	24
26	32	23
25	30	21
25	29	20
25	27	19
25	25	18
25	24	17
25	23	16
25	21	15
24	20	14
24	19	13
24	18	13
24	17	12
24	16	11
24	16	11
-220	89	51
-273	116	67
-267	120	69
-265	127	73
-258	130	75
-263	139	80
-264	148	85
-263	154	89
-260	161	93
-259	168	97
-262	178	103
-261	186	107
-247	185	107
-237	186	107
-226	186	107
-215	185	107
-208	187	108
-197	186	108
-188	186	108
-181	187	108
-172	188	108
-165	188	109
-156	188	108
-148	187	108
-142	188	109
-136	190	110
-128	188	109
-121	188	109
-113	186	108
-107	187	108
-101	187	108
-95	188	108
-89	186	108
-83	187	108
-78	188	108
-72	188	109
-17	52	30
-11	50	29
-10	49	28
-8	49	28
-7	49	28
-6	49	28
-4	49	28
-3	49	28
-2	49	28
0	49	28
1	49	28
2	49	28
3	49	28
5	49	28
6	49	28
7	49	28
9	49	28
10	49	28
11	49	28
13	49	28
28	73	42
28	66	38
27	60	35
27	56	32
27	51	30
27	47	27
26	44	25
26	41	24
26	38	22
26	36	21
26	34	20
25	32	18
25	30	17
25	28	16
25	26	15
25	25	14
25	24	14
24	22	13
24	21	12
24	20	11
24	19	11
24	18	10
24	17	10
24	16	9
-219	89	52
-270	116	67
-266	121	70
-263	127	73
-232	118	68
-263	141	81
-263	148	86
-261	155	89
-260	162	94
-261	171	99
-262	180	104
-259	186	107
-245	185	107
-233	185	107
-224	186	107
-214	186	107
-204	187	108
-196	187	108
-186	186	108
-178	187	108
-170	188	109
-161	187	108
-153	186	108
-146	187	108
-140	188	109
-133	188	109
-126	188	109
-118	187	108
-112	187	108
-106	188	108
-99	187	108
-94	188	108
-87	187	108
-82	188	108
-76	188	109
-70	188	108
-17	54	31
-11	50	29
-9	49	28
-8	49	28
-7	49	28
-5	49	28
-4	49	28
-3	49	28
-1	49	28
0	49	28
1	49	28
3	49	28
4	49	28
5	49	28
7	49	28
8	49	28
9	49	28
11	49	28
12	49	28
13	49	28
28	70	41
28	64	37
27	59	34
27	54	31
27	50	29
26	46	27
26	43	25
26	40	23
26	38	22
26	35	20
26	33	19
25	31	18
25	29	17
25	28	16
25	26	15
25	25	14
25	23	13
25	22	13
24	21	12
24	20	11
24	19	11
24	17	10
24	17	10
24	16	9
-220	87	40
-236	99	46
-266	118	55
-264	138	64
-263	145	68
-264	154	72
-261	160	74
-262	168	79
-260	175	82
-261	194	90
-261	203	95
-258	211	98
-248	212	99
-237	212	99
-226	212	99
-214	210	98
-206	212	99
-195	210	98
-188	212	99
-178	211	98
-170	212	99
-161	211	98
-155	213	100
-146	213	99
-139	213	99
-131	212	99
-124	212	99
-117	212	99
-111	213	99
-105	214	100
-98	213	99
-92	213	99
-86	214	100
-79	214	100
-73	213	100
-15	53	25
-11	55	26
-9	56	26
-8	55	26
9	56	26
11	56	26
12	56	26
13	56	26
28	83	39
29	78	36
28	71	33
28	65	30
27	59	28
27	54	25
27	44	21
26	41	19
26	38	18
26	36	17
26	34	16
25	32	15
25	30	14
25	28	13
25	27	12
25	25	12
25	24	11
25	22	10
24	21	10
24	20	9
24	19	9
24	18	8
24	17	8
24	16	7
24	15	7
-217	90	42
-264	115	54
-266	123	57
-262	135	63
-262	143	67
-263	151	70
-261	158	74
-260	165	77
-259	173	81
-259	181	84
-259	190	89
-261	200	93
-260	209	98
-252	213	99
-240	213	99
-228	211	98
-215	210	98
-206	211	98
-196	210	98
-189	212	99
-179	211	98
-170	211	98
-162	211	99
-155	213	99
-147	212	99
-140	213	100
-132	213	99
-125	213	99
-118	211	99
-111	213	99
-105	214	100
-99	214	100
-93	214	100
-86	215	100
-80	213	100
-74	213	99
-15	53	25
-11	55	26
-10	56	26
-8	56	26
9	56	26
10	55	26
12	56	26
13	56	26
28	83	39
28	78	37
28	71	33
28	65	30
27	60	28
27	55	25
27	44	21
26	41	19
26	38	18
26	36	17
26	34	16
25	32	15
25	30	14
25	28	13
25	26	12
25	25	12
25	24	11
25	22	10
25	21	10
24	20	9
24	19	9
24	18	8
24	17	8
24	16	7
24	15	7
-219	80	29
-209	81	30
-206	85	31
-205	90	33
-205	96	35
-204	101	37
-205	107	39
-263	144	52
-260	150	55
-262	160	58
-260	166	61
-261	176	64
-259	183	67
-258	191	70
-260	202	73
-259	211	77
-257	219	80
-254	227	83
-258	241	88
-248	243	88
-233	239	87
-208	234	85
-195	231	84
-187	232	84
-175	229	83
-168	230	84
-159	229	83
-158	239	87
-155	261	95
-147	262	95
-139	262	96
-130	261	95
-123	262	95
-116	263	96
-109	264	96
-100	262	95
-93	262	95
-86	263	96
-79	264	96
-72	264	96
-65	264	96
29	108	39
28	94	34
28	85	31
28	80	29
29	73	27
28	67	24
25	51	19
25	47	17
25	44	16
26	42	15
26	40	14
26	37	14
26	35	13
26	33	12
25	31	11
25	29	11
25	27	10
25	26	9
25	24	9
25	23	8
25	22	8
24	21	7
24	20	7
24	19	7
24	17	6
24	16	6
24	15	6
24	15	5
24	14	5
-216	80	29
-212	84	31
-206	87	32
-204	92	33
-205	98	36
-204	103	38
-259	138	50
-261	146	53
-261	154	56
-261	162	59
-260	169	62
-259	178	65
-259	187	68
-260	196	71
-260	205	75
-257	213	78
-257	223	81
-257	234	85
-256	244	89
-239	239	87
-225	236	86
-216	237	86
-202	233	85
-192	232	85
-183	232	84
-171	229	83
-163	229	83
-158	233	85
-156	243	89
-154	252	92
-151	261	95
-144	263	96
-136	263	96
-127	261	95
-119	262	95
-112	263	96
-105	264	96
-97	263	96
-90	264	96
-83	263	96
-76	262	95
-12	55	20
-62	262	95
-11	69	25
13	71	26
29	102	37
28	90	33
28	81	29
29	77	28
28	70	26
28	64	23
25	49	18
25	46	17
27	44	16
26	41	15
26	38	14
26	36	13
26	34	12
25	32	12
25	30	11
25	28	10
25	27	10
25	25	9
25	24	9
25	22	8
24	21	8
24	20	7
24	19	7
24	18	7
24	17	6
24	16	6
24	15	6
24	15	5
-215	77	21
-207	79	21
-206	84	22
-205	89	24
-205	95	25
-205	101	27
-204	106	28
-256	140	37
-262	150	40
-261	158	42
-257	164	44
-258	173	46
-259	182	49
-258	190	51
-257	199	53
-259	210	56
-256	218	58
-255	227	61
-252	236	63
-241	236	63
-231	237	63
-218	234	63
-205	231	62
-195	231	62
-186	230	62
-171	223	60
-163	224	60
-158	227	61
-158	238	64
-157	250	67
-156	262	70
-155	274	73
-155	289	78
-155	308	83
-146	307	82
-141	317	85
-131	315	84
-110	282	76
-102	283	76
-100	299	80
-98	317	85
-90	318	85
-81	317	85
-73	318	85
-65	318	85
30	122	33
29	106	28
28	94	25
28	84	22
28	78	21
29	73	20
28	67	18
25	54	15
27	43	11
26	40	11
26	37	10
26	35	9
26	33	9
26	31	8
25	29	8
25	28	7
25	26	7
25	24	7
25	23	6
25	22	6
24	21	6
25	19	5
24	18	5
24	17	5
24	16	4
24	16	4
24	15	4
24	14	4
-214	76	20
-207	79	21
-207	85	23
-205	90	24
-204	95	25
-205	101	27
-204	106	28
-257	140	38
-261	150	40
-259	157	42
-260	166	45
-258	174	47
-259	183	49
-259	192	51
-258	200	54
-259	211	57
-257	219	59
-256	229	61
-255	239	64
-241	237	63
-230	237	64
-217	234	63
-204	230	62
-196	232	62
-186	231	62
-173	226	61
-163	224	60
-158	228	61
-158	240	64
-156	250	67
-157	264	71
-155	277	74
-154	291	78
-155	310	83
-143	302	81
-140	315	84
-130	314	84
-109	283	76
-101	282	76
-103	308	83
-98	319	86
-90	319	85
-81	318	85
-73	318	85
-65	317	85
30	123	33
29	106	28
29	94	25
28	83	22
28	78	21
29	73	20
28	66	18
25	54	15
27	43	12
26	40	11
26	37	10
26	35	9
26	33	9
26	31	8
25	29	8
25	28	7
25	26	7
25	25	7
25	23	6
24	22	6
25	20	5
24	20	5
24	19	5
24	17	5
24	16	4
24	16	4
24	15	4
24	14	4
-212	74	13
-206	78	14
-207	83	15
-206	88	16
-204	93	16
-204	99	17
-205	105	19
-203	110	19
-258	147	26
-255	153	27
-258	163	29
-259	172	30
-328	239	42
-310	237	42
-296	238	42
-257	217	38
-255	226	40
-256	237	42
-239	233	41
-227	231	41
-214	229	40
-205	229	40
-193	227	40
-184	227	40
-174	225	40
-163	221	39
-158	226	40
-157	235	41
-157	247	43
-155	257	45
-155	272	48
-155	286	50
-145	284	50
-134	278	49
-126	278	49
-119	281	50
-112	280	49
-103	278	49
-97	282	50
-95	298	52
-84	289	51
-72	271	48
-66	274	48
-60	277	49
31	122	22
29	105	19
29	93	16
28	84	15
28	76	13
29	73	13
28	67	12
28	61	11
27	43	8
26	40	7
26	38	7
26	35	6
26	33	6
26	31	6
25	29	5
25	28	5
25	26	5
25	25	4
25	23	4
25	22	4
25	21	4
25	20	3
24	19	3
24	18	3
24	16	3
24	16	3
24	15	3
24	14	2
24	13	2
-213	74	13
-206	76	13
-207	82	15
-206	88	15
-205	93	16
-205	99	17
-205	105	18
-204	110	19
-259	147	26
-255	153	27
-258	162	29
-259	172	30
-328	239	42
-310	237	42
-296	238	42
-257	217	38
-255	226	40
-257	239	42
-239	233	41
-227	231	41
-214	228	40
-205	229	40
-193	227	40
-185	227	40
-174	225	40
-163	221	39
-158	226	40
-157	235	41
-157	247	44
-155	258	45
-154	270	48
-155	287	51
-143	281	49
-134	279	49
-125	277	49
-120	283	50
-111	281	49
-103	279	49
-96	281	50
-95	300	53
-83	287	51
-72	271	48
-65	274	48
-59	277	49
30	119	21
29	103	18
29	92	16
28	82	14
28	76	13
29	72	13
28	66	12
28	60	11
25	44	8
27	42	7
26	39	7
26	37	7
26	35	6
26	33	6
26	31	5
26	29	5
25	27	5
25	26	5
25	24	4
25	23	4
25	22	4
24	21	4
24	19	3
24	18	3
24	17	3
24	16	3
24	15	3
24	14	3
24	14	2
24	13	2
-204	66	6
-205	71	6
-210	78	7
-206	83	7
-206	88	8
-205	93	8
-204	98	9
-203	104	9
-257	139	12
-249	141	12
-240	144	13
-242	153	13
-241	160	14
-334	232	20
-323	236	21
-303	233	20
-287	231	20
-257	217	19
-255	226	20
-246	228	20
-233	227	20
-221	226	20
-208	223	19
-199	224	20
-188	221	19
-181	223	20
-171	222	19
-162	220	19
-159	227	20
-157	235	21
-156	246	22
-155	258	23
-154	270	24
-154	286	25
-154	301	26
-146	303	27
-144	318	28
-131	309	27
-124	312	27
-122	329	29
-97	331	29
-89	330	29
-80	330	29
-72	330	29
0	19	2
29	98	9
28	87	8
28	79	7
29	75	7
29	69	6
28	64	6
28	59	5
27	39	3
26	36	3
26	34	3
26	32	3
26	30	3
25	28	2
25	27	2
25	25	2
25	24	2
25	23	2
25	21	2
25	20	2
24	19	2
24	18	2
24	17	1
24	16	1
24	15	1
24	14	1
24	13	1
24	12	1
24	12	1
-210	64	6
-202	67	6
-205	73	6
-209	80	7
-206	84	7
-205	90	8
-204	95	8
-205	101	9
-250	130	11
-259	142	12
-244	142	12
-242	148	13
-244	158	14
-241	163	14
-331	235	21
-312	233	20
-296	232	20
-255	210	18
-257	221	19
-254	229	20
-241	228	20
-229	227	20
-217	226	20
-206	224	20
-196	224	20
-184	220	19
-176	221	19
-166	220	19
-157	218	19
-158	231	20
-156	238	21
-156	251	22
-155	263	23
-154	276	24
-154	290	25
-151	302	26
-144	307	27
-138	312	27
-129	311	27
-125	322	28
-118	327	29
-102	331	29
-94	329	29
-85	330	29
-77	330	29
-69	329	29
30	105	9
29	93	8
28	83	7
28	75	7
29	73	6
28	67	6
28	62	5
23	44	4
27	42	4
27	41	4
26	37	3
26	35	3
26	33	3
26	31	3
26	29	3
25	28	2
25	26	2
25	25	2
25	23	2
25	22	2
25	21	2
24	20	2
24	19	2
24	17	2
24	17	1
24	15	1
24	15	1
24	14	1
24	13	1
24	12	1
-210	62	0
-200	64	0
-204	70	0
-209	77	0
-205	81	0
-206	87	0
-205	92	0
-204	98	0
-202	103	0
-255	136	0
-255	144	0
-246	146	0
-243	152	0
-241	159	0
-324	223	0
-321	233	0
-299	227	0
-258	217	0
-256	225	0
-244	225	0
-229	221	0
-220	222	0
-207	219	0
-197	218	0
-189	220	0
-179	218	0
-169	217	0
-160	216	0
-158	223	0
-157	233	0
-155	241	0
-155	254	0
-153	265	0
-153	280	0
-154	296	0
0	18	0
0	18	0
29	94	0
29	73	0
29	67	0
28	62	0
28	57	0
26	35	0
26	33	0
26	32	0
26	29	0
25	28	0
25	26	0
25	25	0
25	23	0
25	22	0
25	21	0
25	20	0
24	19	0
24	18	0
24	17	0
24	16	0
24	15	0
24	14	0
24	13	0
24	12	0
24	12	0
24	11	0
-213	61	0
-200	63	0
-201	68	0
-208	76	0
-206	81	0
-205	86	0
-205	92	0
-204	97	0
-204	103	0
-254	135	0
-256	144	0
-246	146	0
-244	153	0
-242	159	0
-236	163	0
-323	233	0
-302	229	0
-277	220	0
-256	214	0
-256	224	0
-245	225	0
-231	223	0
-219	221	0
-209	220	0
-199	220	0
-188	218	0
-180	219	0
-170	217	0
-161	216	0
-158	222	0
-157	233	0
-155	241	0
-156	254	0
-154	266	0
-153	278	0
-154	296	0
0	18	0
29	93	0
29	73	0
29	67	0
28	62	0
28	57	0
26	39	0
26	38	0
26	35	0
26	33	0
26	31	0
26	29	0
25	28	0
25	26	0
25	25	0
25	23	0
25	22	0
25	21	0
25	20	0
25	19	0
24	18	0
24	17	0
24	16	0
24	15	0
24	14	0
24	13	0
24	12	0
24	11	0
24	11	0
-216	56	-5
-204	58	-5
-207	64	-6
-206	69	-6
-209	76	-7
-207	80	-7
-206	85	-7
-205	91	-8
-204	96	-8
-248	123	-11
-258	136	-12
-261	145	-13
-261	153	-13
-259	160	-14
-256	166	-15
-337	229	-20
-315	226	-20
-300	225	-20
-245	194	-17
-255	212	-19
-256	222	-19
-241	220	-19
-229	218	-19
-218	218	-19
-207	218	-19
-197	217	-19
-188	217	-19
-178	215	-19
-167	212	-19
-160	213	-19
-158	221	-19
-158	232	-20
-155	240	-21
-155	253	-22
-154	264	-23
-153	277	-24
-153	293	-26
-153	310	-27
-151	324	-28
-5	18	-2
-5	18	-2
-4	18	-2
-4	17	-2
-3	17	-2
-3	17	-2
-3	17	-2
-2	17	-2
-2	17	-2
-1	17	-2
0	17	-2
0	17	-2
0	17	-2
1	17	-2
1	17	-2
2	17	-2
2	17	-2
2	17	-2
3	17	-2
3	17	-2
4	17	-2
4	17	-2
4	17	-2
5	17	-2
5	17	-2
6	17	-2
6	17	-2
7	17	-2
7	18	-2
30	64	-6
28	57	-5
24	45	-4
27	40	-4
27	38	-3
26	35	-3
26	33	-3
26	31	-3
26	29	-3
25	28	-2
25	26	-2
25	25	-2
25	23	-2
25	22	-2
25	21	-2
25	20	-2
25	18	-2
24	18	-2
24	16	-1
24	16	-1
24	15	-1
24	14	-1
24	13	-1
24	12	-1
24	12	-1
24	10	-1
24	10	-1
-215	56	-5
-204	59	-5
-209	65	-6
-205	70	-6
-208	76	-7
-205	80	-7
-206	86	-8
-205	91	-8
-204	96	-8
-250	125	-11
-259	136	-12
-260	145	-13
-260	153	-13
-258	160	-14
-258	168	-15
-335	229	-20
-313	225	-20
-301	227	-20
-254	202	-18
-254	211	-18
-256	223	-19
-240	220	-19
-227	218	-19
-217	218	-19
-205	216	-19
-196	217	-19
-190	220	-19
-176	214	-19
-166	212	-19
-159	213	-19
-157	221	-19
-157	232	-20
-155	241	-21
-155	254	-22
-153	264	-23
-153	278	-24
-152	293	-26
-153	311	-27
-150	323	-28
-5	18	-2
-5	18	-2
-4	17	-2
-4	17	-2
-3	17	-2
-3	17	-2
-2	17	-2
-1	17	-2
-1	17	-2
0	17	-2
0	17	-2
0	17	-2
1	17	-2
1	17	-2
2	17	-2
2	17	-2
2	17	-2
3	17	-2
3	17	-2
4	17	-2
4	18	-2
5	17	-2
5	17	-2
5	17	-2
6	17	-2
6	17	-2
7	17	-2
7	18	-2
29	62	-5
28	56	-5
19	33	-3
26	41	-4
27	40	-3
26	37	-3
26	35	-3
26	33	-3
26	31	-3
26	29	-3
25	27	-2
25	26	-2
25	24	-2
25	23	-2
25	22	-2
25	20	-2
25	20	-2
24	18	-2
24	17	-2
24	16	-1
24	16	-1
24	15	-1
24	13	-1
24	12	-1
24	12	-1
24	11	-1
24	10	-1
24	10	-1
-219	54	-9
-207	56	-10
-208	61	-11
-206	66	-12
-205	71	-12
-206	76	-13
-205	81	-14
-205	87	-15
-203	92	-16
-204	98	-17
-252	128	-23
-261	140	-25
-260	147	-26
-260	155	-27
-257	161	-28
-339	223	-39
-18	18	-3
-255	205	-36
-254	214	-38
-248	219	-39
-235	217	-38
-221	215	-38
-212	216	-38
-200	213	-38
-192	214	-38
-180	211	-37
-171	210	-37
-162	209	-37
-157	212	-37
-156	223	-39
-156	233	-41
-155	244	-43
-154	255	-45
-152	266	-47
-153	282	-50
-153	298	-53
-151	313	-55
-6	18	-3
-5	17	-3
-4	17	-3
-4	17	-3
-3	17	-3
-3	17	-3
-3	17	-3
-2	17	-3
-2	17	-3
-1	17	-3
-1	17	-3
0	17	-3
0	17	-3
1	17	-3
1	17	-3
1	17	-3
2	17	-3
2	17	-3
3	17	-3
3	17	-3
3	17	-3
4	17	-3
4	17	-3
5	17	-3
5	17	-3
6	17	-3
6	17	-3
7	17	-3
7	17	-3
8	17	-3
28	58	-10
26	36	-6
26	33	-6
26	32	-6
26	30	-5
25	28	-5
26	26	-5
25	25	-4
25	23	-4
25	22	-4
25	21	-4
25	20	-3
25	19	-3
24	18	-3
24	17	-3
24	16	-3
24	15	-3
24	14	-2
24	13	-2
24	12	-2
24	12	-2
24	11	-2
24	10	-2
24	9	-2
-215	55	-10
-207	59	-10
-210	65	-11
-205	68	-12
-208	75	-13
-205	79	-14
-205	85	-15
-204	90	-16
-204	95	-17
-250	123	-22
-259	135	-24
-260	143	-25
-260	151	-27
-259	158	-28
-258	166	-29
-255	200	-35
-254	208	-37
-255	220	-39
-240	217	-38
-228	216	-38
-216	214	-38
-205	214	-38
-197	214	-38
-187	214	-38
-176	211	-37
-166	209	-37
-158	209	-37
-158	219	-39
-157	229	-40
-155	237	-42
-156	252	-44
-154	262	-46
-153	275	-49
-153	291	-51
-152	307	-54
-149	318	-56
-5	17	-3
-5	17	-3
-4	17	-3
-4	17	-3
-3	17	-3
-3	17	-3
-2	17	-3
-2	17	-3
-2	17	-3
-1	17	-3
-1	17	-3
0	17	-3
0	17	-3
0	17	-3
1	17	-3
1	17	-3
2	17	-3
2	17	-3
2	17	-3
3	17	-3
3	17	-3
4	17	-3
4	17	-3
5	17	-3
5	17	-3
5	17	-3
6	17	-3
6	17	-3
7	17	-3
7	17	-3
29	62	-11
28	55	-10
36	65	-12
32	48	-8
26	37	-6
26	34	-6
26	32	-6
26	31	-5
26	28	-5
26	27	-5
25	25	-4
25	24	-4
25	23	-4
25	21	-4
25	20	-4
25	19	-3
25	18	-3
24	17	-3
24	16	-3
24	15	-3
24	14	-3
24	13	-2
24	12	-2
24	12	-2
24	11	-2
24	10	-2
23	10	-2
-216	45	-12
-207	48	-13
-204	52	-14
-206	58	-15
-205	62	-17
-206	68	-18
-210	74	-20
-206	78	-21
-206	84	-22
-204	89	-24
-204	94	-25
-248	121	-32
-219	113	-30
-208	114	-30
-205	118	-32
-203	123	-33
-205	131	-35
-204	137	-37
-299	220	-59
-255	197	-53
-253	205	-55
-256	217	-58
-240	214	-57
-227	212	-57
-216	211	-57
-203	208	-56
-195	210	-56
-188	211	-57
-175	206	-55
-167	207	-56
-158	206	-55
-157	214	-57
-157	225	-60
-154	233	-62
-149	237	-63
-140	235	-63
-136	241	-65
-136	255	-68
-132	262	-70
-5	17	-4
-5	17	-4
-4	17	-4
-4	17	-4
-3	17	-4
-3	17	-4
-2	17	-4
-2	17	-4
-1	17	-4
-1	17	-4
-1	17	-4
0	17	-4
1	17	-4
1	17	-4
2	17	-4
2	17	-4
2	17	-4
3	17	-4
3	17	-4
4	17	-4
4	17	-4
4	17	-4
5	17	-4
5	17	-4
6	17	-4
6	17	-4
7	17	-4
7	17	-4
28	51	-14
28	47	-13
27	44	-12
27	41	-11
27	39	-10
27	36	-10
26	34	-9
26	32	-9
26	30	-8
26	28	-8
25	27	-7
25	25	-7
25	24	-6
25	23	-6
25	21	-6
25	20	-5
25	19	-5
25	18	-5
24	17	-5
24	16	-4
24	15	-4
24	14	-4
24	13	-3
24	12	-3
24	11	-3
24	11	-3
24	10	-3
24	9	-2
24	8	-2
24	8	-2
-216	45	-12
-207	48	-13
-204	52	-14
-206	58	-16
-205	63	-17
-205	68	-18
-210	75	-20
-205	78	-21
-205	84	-22
-205	89	-24
-203	94	-25
-250	122	-33
-222	115	-31
-208	114	-30
-205	118	-32
-203	123	-33
-203	130	-35
-203	137	-37
-308	216	-58
-299	220	-59
-258	199	-53
-254	206	-55
-254	216	-58
-240	214	-57
-226	211	-57
-214	210	-56
-203	209	-56
-194	209	-56
-186	210	-56
-175	207	-55
-165	206	-55
-158	206	-55
-157	216	-58
-156	225	-60
-154	234	-63
-148	237	-64
-140	236	-63
-137	243	-65
-137	257	-69
-131	261	-70
-6	17	-5
-5	17	-4
-4	17	-4
-4	17	-4
-4	17	-4
-3	17	-4
-3	17	-4
-2	17	-4
-2	17	-4
-1	17	-4
-1	17	-4
-1	17	-4
0	17	-4
1	17	-4
1	17	-4
2	17	-4
2	17	-4
3	17	-4
4	17	-4
4	17	-4
5	17	-4
5	17	-4
6	17	-4
6	17	-4
7	17	-4
7	17	-4
29	60	-16
28	54	-14
28	50	-13
27	47	-12
27	43	-12
27	41	-11
27	38	-10
27	36	-10
26	34	-9
26	32	-8
26	30	-8
26	28	-8
25	26	-7
25	25	-7
25	24	-6
25	22	-6
25	21	-6
25	20	-5
25	19	-5
25	18	-5
24	17	-4
24	16	-4
24	15	-4
24	14	-4
24	13	-4
24	12	-3
24	11	-3
24	11	-3
23	10	-3
24	9	-2
24	8	-2
24	8	-2
-220	39	-14
-211	42	-15
-207	46	-17
-206	51	-18
-207	56	-20
-207	61	-22
-206	65	-24
-208	71	-26
-205	75	-27
-204	80	-29
-205	86	-31
-203	90	-33
-203	96	-35
-209	104	-38
-202	106	-39
-198	111	-40
-197	115	-42
-198	123	-45
-209	136	-49
-202	138	-50
-204	146	-53
-256	191	-70
-254	199	-72
-254	209	-76
-244	210	-76
-232	209	-76
-220	208	-76
-207	205	-75
-198	206	-75
-190	207	-76
-180	206	-75
-169	203	-74
-161	202	-74
-158	209	-76
-152	211	-77
-143	209	-76
-135	208	-76
-127	207	-75
-119	204	-74
-112	203	-74
-105	203	-74
-98	202	-73
-5	16	-6
-5	16	-6
-4	16	-6
-4	16	-6
-3	16	-6
-3	16	-6
-2	16	-6
-2	16	-6
-2	16	-6
-1	16	-6
-1	16	-6
0	16	-6
0	16	-6
1	16	-6
1	16	-6
1	16	-6
2	16	-6
2	16	-6
2	16	-6
3	16	-6
3	16	-6
4	16	-6
4	16	-6
4	16	-6
5	16	-6
5	16	-6
6	16	-6
6	16	-6
7	16	-6
7	16	-6
28	49	-18
28	46	-17
27	43	-16
27	40	-15
27	37	-14
27	35	-13
26	33	-12
26	31	-11
26	29	-11
26	28	-10
26	26	-9
25	24	-9
25	23	-8
25	22	-8
25	21	-8
25	19	-7
25	18	-7
25	18	-6
24	16	-6
24	16	-6
24	14	-5
24	14	-5
24	13	-5
24	12	-4
24	11	-4
24	11	-4
24	10	-4
23	9	-3
24	8	-3
24	8	-3
23	7	-3
24	7	-2
-214	41	-15
-207	45	-16
-207	50	-18
-207	55	-20
-207	60	-22
-208	65	-24
-205	69	-25
-205	74	-27
-205	79	-29
-205	84	-31
-204	89	-32
-203	94	-34
-208	103	-37
-202	105	-38
-199	110	-40
-196	114	-41
-199	121	-44
-210	134	-49
-203	137	-50
-204	144	-52
-256	190	-69
-256	198	-72
-255	208	-76
-249	212	-77
-236	211	-77
-223	209	-76
-210	206	-75
-199	205	-75
-192	207	-75
-181	205	-75
-171	203	-74
-162	202	-73
-157	206	-75
-155	213	-78
-144	208	-76
-136	208	-76
-128	206	-75
-120	203	-74
-113	203	-74
-106	202	-74
-99	201	-73
-5	16	-6
-4	16	-6
-4	16	-6
-3	16	-6
-3	16	-6
-3	16	-6
-2	16	-6
-2	16	-6
-1	16	-6
-1	16	-6
0	16	-6
0	16	-6
0	16	-6
1	16	-6
1	16	-6
2	16	-6
2	16	-6
2	16	-6
4	16	-6
5	16	-6
5	16	-6
6	16	-6
6	16	-6
7	16	-6
7	16	-6
28	50	-18
28	46	-17
27	43	-16
27	40	-15
27	38	-14
27	36	-13
26	33	-12
26	31	-11
26	29	-11
26	28	-10
26	26	-10
25	25	-9
25	24	-9
25	22	-8
25	21	-8
25	20	-7
25	18	-7
25	17	-6
24	17	-6
24	16	-6
24	15	-5
24	14	-5
24	13	-5
24	12	-4
24	12	-4
24	11	-4
24	10	-4
23	9	-3
24	9	-3
23	8	-3
23	7	-3
24	7	-2
-203	32	-15
-209	37	-17
-207	41	-19
-207	46	-21
-206	50	-23
-206	55	-26
-210	61	-28
-205	64	-30
-209	70	-33
-207	75	-35
-205	79	-37
-204	84	-39
-205	89	-42
-204	94	-44
-204	100	-47
-201	104	-48
-195	106	-50
-192	111	-52
-195	118	-55
-203	129	-60
-202	135	-63
-252	176	-82
-255	186	-87
-257	197	-92
-255	205	-95
-248	209	-97
-234	206	-96
-222	205	-96
-209	203	-95
-198	201	-94
-190	203	-95
-182	203	-95
-172	201	-94
-162	199	-93
-32	47	-22
-29	47	-22
-26	47	-22
-25	48	-22
-23	48	-22
-21	46	-22
-5	16	-7
-4	16	-7
-4	16	-7
-3	16	-7
-3	16	-7
-2	16	-7
-2	16	-7
-2	16	-7
-1	16	-7
-1	16	-7
0	16	-7
0	16	-7
0	16	-7
1	16	-7
1	16	-7
2	16	-7
2	16	-7
2	16	-7
3	16	-7
3	16	-7
4	16	-7
4	16	-7
5	16	-7
5	16	-7
5	16	-7
6	16	-7
6	16	-7
7	16	-7
7	16	-7
29	57	-26
28	51	-24
28	47	-22
27	44	-20
27	41	-19
27	38	-18
27	36	-17
27	34	-16
26	32	-15
26	30	-14
26	28	-13
26	27	-12
25	25	-12
26	23	-11
25	22	-10
25	21	-10
25	20	-9
25	19	-9
25	18	-8
25	17	-8
24	16	-7
24	15	-7
24	14	-7
24	13	-6
24	13	-6
24	12	-5
24	11	-5
24	10	-5
24	10	-5
24	8	-4
24	8	-4
23	8	-4
23	7	-3
23	6	-3
24	6	-3
-207	34	-16
-207	38	-18
-208	43	-20
-207	47	-22
-208	52	-24
-208	57	-26
-208	62	-29
-206	66	-31
-209	72	-33
-206	76	-35
-205	80	-37
-204	85	-40
-203	90	-42
-208	98	-46
-203	101	-47
-199	105	-49
-193	107	-50
-194	113	-53
-195	120	-56
-202	131	-61
-202	137	-64
-257	181	-85
-255	189	-88
-257	200	-93
-254	207	-96
-243	207	-97
-229	205	-95
-218	205	-95
-206	202	-94
-196	202	-94
-187	203	-94
-176	200	-93
-166	198	-92
-158	198	-92
-31	47	-22
-26	47	-22
-23	47	-22
-22	47	-22
-6	17	-8
-5	16	-7
-4	16	-7
-4	16	-7
-3	16	-7
-3	16	-7
-3	16	-7
-2	16	-7
-2	16	-7
-1	16	-7
-1	16	-7
-1	16	-7
0	16	-7
0	16	-7
1	16	-7
1	16	-7
2	16	-7
2	16	-7
3	16	-7
3	16	-7
4	16	-7
5	16	-7
5	16	-7
6	16	-7
6	16	-7
7	16	-7
7	16	-7
28	49	-23
28	46	-21
27	43	-20
27	40	-18
27	37	-17
27	35	-16
26	33	-15
26	31	-14
26	29	-14
26	27	-13
26	26	-12
25	24	-11
25	23	-11
25	22	-10
25	20	-9
25	19	-9
25	18	-8
25	17	-8
25	16	-8
24	15	-7
24	14	-7
24	13	-6
24	13	-6
24	12	-6
24	11	-5
24	11	-5
24	10	-4
24	9	-4
24	8	-4
23	8	-4
23	7	-3
23	7	-3
23	6	-3
23	1	-1
23	0	0
-218	-109	63
-220	-104	60
-218	-97	56
-221	-93	54
-216	-86	50
-216	-80	46
-216	-76	44
-215	-70	40
-216	-66	38
-216	-61	35
-205	-53	31
-221	-21	12
-214	-16	9
-212	-11	6
-211	-7	4
-210	-2	1
-207	2	-1
-209	6	-4
-210	10	-6
-207	14	-8
-207	19	-11
-205	23	-13
-205	27	-15
-202	31	-18
25	9	-5
23	7	-4
23	7	-4
23	6	-3
23	5	-3
23	5	-3
23	4	-2
23	4	-2
23	4	-2
23	3	-2
23	2	-1
23	2	-1
23	1	-1
23	1	-1
-219	-106	61
-222	-102	59
-220	-95	55
-218	-90	52
-215	-83	48
-216	-78	45
-217	-73	42
-214	-68	39
-219	-64	37
-210	-57	33
-223	-23	13
-217	-18	10
-213	-13	8
-211	-9	5
-212	-5	3
-209	0	0
-207	4	-2
-209	8	-5
-208	12	-7
-208	17	-10
-205	21	-12
-206	25	-14
-205	29	-17
25	9	-5
23	8	-5
23	7	-4
23	7	-4
23	6	-3
23	5	-3
23	5	-3
23	4	-2
23	3	-2
23	3	-2
23	2	-1
23	2	-1
23	2	-1
23	1	-1
-216	14	-10
-207	17	-12
-202	21	-14
-212	26	-18
-205	29	-20
-206	33	-23
-206	37	-26
-207	41	-29
-79	19	-13
-79	20	-14
-77	22	-15
-205	76	-53
-204	80	-56
-204	85	-59
-204	90	-63
-202	94	-66
-223	109	-76
-33	20	-14
-31	20	-14
-30	20	-14
-28	20	-14
-27	20	-14
-10	9	-7
-10	9	-6
-23	20	-14
-22	20	-14
-20	20	-14
-8	10	-7
-16	20	-14
-16	20	-14
-15	20	-14
-14	20	-14
-13	19	-14
-12	20	-14
-11	20	-14
-10	19	-14
-9	20	-14
-9	19	-14
-8	19	-14
-8	19	-14
-7	19	-14
-6	17	-12
-4	16	-12
-4	17	-12
-4	16	-11
-2	16	-11
-2	17	-12
-2	16	-11
-1	16	-11
-1	16	-11
0	16	-11
0	16	-11
1	16	-11
1	16	-11
2	16	-11
2	16	-11
3	16	-11
3	16	-11
4	16	-11
4	16	-11
4	16	-11
5	16	-11
5	16	-11
6	16	-11
7	16	-11
7	16	-11
7	16	-11
10	19	-14
11	19	-14
11	19	-14
12	20	-14
12	20	-14
13	20	-14
14	20	-14
15	20	-14
16	19	-14
26	29	-21
26	28	-19
26	26	-18
25	25	-17
25	23	-16
25	22	-15
25	21	-15
25	20	-14
25	19	-13
25	18	-12
25	17	-12
25	16	-11
24	15	-10
24	14	-10
24	13	-9
24	12	-9
24	12	-8
24	11	-8
24	10	-7
24	10	-7
24	9	-6
24	9	-6
24	8	-5
23	8	-5
23	7	-5
23	6	-4
23	6	-4
23	5	-4
23	5	-3
23	4	-3
23	4	-3
23	3	-2
23	3	-2
-217	14	-10
-205	18	-12
-201	21	-15
-212	26	-18
-205	30	-21
-208	34	-24
-207	38	-27
-207	42	-29
-207	46	-32
-78	22	-16
-204	81	-57
-204	86	-60
-203	90	-63
-203	95	-67
-230	113	-79
-34	20	-14
-32	20	-14
-31	20	-14
-29	20	-14
-28	20	-14
-26	20	-14
-10	9	-6
-10	9	-6
-23	20	-14
-22	20	-14
-20	20	-14
-17	20	-14
-16	20	-14
-14	20	-14
-14	20	-14
-12	20	-14
-11	20	-14
-10	19	-14
-9	20	-14
-8	19	-14
-8	19	-14
-7	19	-14
-7	19	-14
-5	17	-12
-4	16	-12
-3	16	-11
-3	16	-11
-2	16	-12
-2	16	-11
-1	16	-11
-1	16	-11
0	16	-11
0	16	-12
0	16	-11
1	16	-11
1	16	-11
2	16	-11
2	16	-11
3	16	-11
3	16	-11
4	16	-11
4	16	-11
5	16	-11
5	16	-11
5	16	-11
6	16	-11
7	16	-11
7	16	-11
8	17	-12
10	19	-14
11	20	-14
11	20	-14
12	20	-14
13	20	-14
14	20	-14
14	20	-14
15	20	-14
16	20	-14
26	28	-20
26	27	-19
26	25	-18
26	24	-17
25	23	-16
25	21	-15
25	20	-14
25	19	-13
25	18	-13
25	17	-12
24	16	-11
24	15	-11
24	14	-10
24	14	-9
24	13	-9
24	12	-8
24	11	-8
24	11	-8
24	10	-7
24	9	-6
24	9	-6
24	8	-6
23	8	-5
24	6	-5
23	7	-5
23	6	-4
23	5	-4
23	5	-3
23	4	-3
23	4	-2
23	3	-2
23	3	-2
-211	14	-12
-202	17	-14
-201	21	-17
-212	26	-21
-204	28	-24
-207	33	-27
-207	36	-31
-207	40	-34
-208	44	-37
-205	48	-40
-204	90	-76
-33	17	-15
-31	17	-14
-30	17	-14
-28	17	-14
-11	8	-7
-10	8	-7
-24	17	-14
-23	17	-14
-21	17	-15
-19	17	-15
-17	17	-14
-16	17	-14
-7	9	-8
-15	17	-15
-14	17	-14
-13	17	-14
-12	17	-14
-11	18	-15
-10	17	-14
-10	17	-14
-9	17	-14
-8	17	-14
-8	17	-14
-7	17	-14
-7	17	-14
-6	17	-14
-6	17	-14
-5	16	-13
-4	16	-14
-3	16	-13
-3	16	-13
-2	16	-13
-2	16	-13
-1	16	-13
-1	16	-13
0	16	-13
0	16	-13
0	16	-13
1	16	-13
2	16	-13
2	16	-13
2	16	-13
3	16	-13
3	16	-13
4	16	-13
4	16	-13
5	16	-13
5	16	-13
6	16	-13
6	16	-13
6	16	-13
7	16	-13
10	17	-14
10	17	-14
10	17	-14
11	17	-14
12	17	-14
12	17	-14
13	17	-14
13	17	-14
15	17	-14
15	17	-14
15	17	-14
26	25	-21
26	23	-20
25	22	-19
25	21	-18
25	20	-17
25	19	-16
25	18	-15
25	17	-14
25	16	-13
24	15	-13
25	14	-12
24	13	-11
24	13	-11
24	12	-10
24	11	-9
24	10	-9
24	10	-8
24	9	-8
24	9	-7
24	8	-7
24	8	-6
23	7	-6
24	6	-5
23	6	-5
23	6	-5
23	5	-4
23	4	-3
23	4	-3
23	4	-3
23	3	-3
23	3	-2
23	3	-2
-210	14	-11
-202	17	-14
-201	20	-17
-212	25	-21
-205	28	-24
-208	32	-27
-206	36	-30
-208	40	-34
-208	44	-37
-203	85	-71
-203	89	-75
-33	17	-14
-31	17	-14
-30	17	-15
-28	17	-15
-11	8	-7
-10	8	-7
-24	18	-15
-23	17	-14
-21	17	-14
-18	17	-14
-18	17	-14
-17	17	-14
-8	9	-8
-15	17	-15
-14	17	-14
-13	17	-14
-12	17	-14
-11	18	-15
-10	17	-14
-10	17	-14
-9	17	-14
-8	17	-14
-8	17	-14
-7	17	-14
-7	17	-14
-6	17	-14
-5	17	-14
-5	16	-13
-4	16	-14
-3	16	-14
-3	16	-13
-2	16	-13
-2	16	-13
-1	16	-13
-1	16	-13
0	16	-13
0	16	-13
0	16	-13
1	16	-13
1	16	-13
2	16	-13
2	16	-13
3	16	-13
3	16	-13
4	16	-13
4	16	-13
5	16	-13
5	16	-13
6	16	-13
6	16	-13
7	16	-13
7	16	-13
9	17	-14
10	17	-14
10	17	-14
11	17	-14
11	17	-14
12	17	-14
13	17	-14
14	17	-14
15	17	-14
15	17	-14
16	17	-14
26	25	-21
25	24	-20
25	22	-19
25	21	-18
25	20	-17
25	19	-16
25	18	-15
25	17	-14
25	16	-13
25	15	-12
25	14	-12
24	13	-11
24	13	-11
24	12	-10
24	11	-9
24	11	-9
24	10	-8
24	9	-8
24	8	-7
24	8	-7
24	8	-6
23	7	-6
23	6	-5
23	6	-5
23	6	-5
23	5	-4
23	5	-4
23	4	-3
23	3	-3
23	3	-3
23	3	-2
23	2	-2
-218	8	-8
-208	11	-11
-205	14	-14
-202	17	-17
-203	21	-21
-208	25	-25
-205	28	-28
-208	32	-32
-207	35	-35
-206	39	-39
-205	42	-42
-210	47	-47
-207	50	-50
-33	15	-15
-31	15	-15
-29	15	-15
-11	7	-7
-25	15	-15
-24	15	-15
-22	15	-15
-20	15	-15
-19	15	-15
-18	14	-14
-17	15	-15
-16	15	-15
-15	14	-14
-8	8	-8
-12	15	-15
-12	14	-14
-12	14	-14
-10	15	-15
-10	14	-14
-9	14	-14
-9	14	-14
-8	14	-14
-7	14	-14
-7	14	-14
-6	14	-14
-5	14	-14
-5	14	-14
-4	14	-14
-4	14	-14
-3	14	-14
-3	14	-14
-3	14	-14
-2	14	-14
-2	14	-14
-1	14	-14
-1	14	-14
0	14	-14
0	14	-14
1	14	-14
1	14	-14
1	14	-14
2	14	-14
3	14	-14
3	14	-14
3	14	-14
4	14	-14
4	14	-14
5	14	-14
6	14	-14
6	14	-14
6	14	-14
7	14	-14
8	14	-14
8	14	-14
9	14	-14
9	14	-14
10	14	-14
10	14	-14
10	14	-14
11	14	-14
12	15	-15
12	14	-14
13	14	-14
13	14	-14
14	14	-14
15	14	-14
16	14	-14
25	21	-21
25	20	-20
25	19	-19
25	18	-18
25	17	-17
25	16	-16
25	15	-15
25	14	-14
25	13	-13
24	13	-13
24	12	-12
24	11	-11
24	11	-11
24	10	-10
24	9	-9
24	9	-9
24	8	-8
24	8	-8
24	7	-7
24	7	-7
23	6	-6
23	6	-6
23	6	-6
23	5	-5
23	5	-5
23	4	-4
23	3	-3
23	3	-3
23	3	-3
23	2	-2
23	2	-2
23	2	-2
-216	9	-9
-207	12	-12
-205	15	-15
-202	19	-19
-212	23	-23
-206	26	-26
-204	29	-29
-207	33	-33
-207	37	-37
-205	40	-40
-207	44	-44
-208	48	-48
-208	51	-51
-34	15	-15
-32	15	-15
-31	15	-15
-11	7	-7
-26	15	-15
-23	15	-15
-20	15	-15
-19	14	-14
-18	15	-15
-17	15	-15
-16	15	-15
-15	15	-15
-7	8	-8
-13	15	-15
-12	15	-15
-12	15	-15
-11	15	-15
-10	14	-14
-9	14	-14
-9	14	-14
-8	14	-14
-7	14	-14
-7	14	-14
-6	14	-14
-6	14	-14
-5	14	-14
-5	14	-14
-5	14	-14
-4	14	-14
-4	14	-14
-3	14	-14
-2	14	-14
-2	14	-14
-1	14	-14
-1	14	-14
-1	14	-14
0	14	-14
0	14	-14
1	14	-14
1	14	-14
2	14	-14
2	14	-14
3	14	-14
3	14	-14
4	14	-14
4	14	-14
5	14	-14
5	14	-14
6	14	-14
6	14	-14
7	14	-14
7	14	-14
7	14	-14
8	14	-14
9	14	-14
9	14	-14
10	14	-14
10	14	-14
11	14	-14
12	14	-14
12	14	-14
13	14	-14
13	14	-14
14	14	-14
14	15	-15
15	14	-14
25	22	-22
25	21	-21
25	20	-20
25	18	-18
25	17	-17
25	16	-16
25	16	-16
24	15	-15
25	14	-14
24	13	-13
24	12	-12
24	12	-12
24	11	-11
24	10	-10
24	10	-10
24	9	-9
24	8	-8
24	8	-8
24	7	-7
23	7	-7
24	6	-6
23	6	-6
23	6	-6
23	5	-5
23	5	-5
23	4	-4
23	4	-4
23	4	-4
23	3	-3
23	3	-3
23	2	-2
23	2	-2
23	1	-1
-211	3	-4
-209	6	-7
-208	9	-11
-205	12	-15
-204	15	-18
-201	18	-22
-209	22	-26
-205	25	-29
-205	28	-33
-204	31	-37
-205	34	-41
-208	38	-45
-208	41	-49
-70	19	-22
-68	21	-25
-34	12	-14
-32	12	-14
-30	12	-14
-12	6	-7
-26	12	-14
-25	12	-14
-24	12	-15
-20	12	-14
-19	12	-14
-18	12	-14
-17	12	-14
-16	12	-14
-15	12	-14
-14	12	-14
-13	12	-14
-13	11	-14
-7	7	-8
-11	11	-14
-11	11	-14
-10	11	-14
-9	11	-14
-9	11	-14
-8	11	-14
-8	11	-13
-7	11	-13
-7	11	-14
-6	11	-13
-6	11	-13
-5	11	-13
-5	11	-13
-4	11	-13
-4	11	-13
-3	11	-13
-3	11	-13
-3	11	-13
-2	11	-13
-2	11	-13
-1	11	-13
-1	11	-13
-1	11	-13
0	11	-13
0	11	-13
1	11	-13
1	11	-13
1	11	-13
2	11	-13
2	11	-13
3	11	-13
3	11	-13
3	11	-13
4	11	-13
4	11	-13
5	11	-13
5	11	-13
6	11	-13
6	11	-13
7	11	-13
7	11	-13
7	11	-13
8	11	-13
9	11	-13
9	11	-14
10	11	-13
10	11	-13
11	11	-13
11	11	-13
12	11	-13
12	11	-13
13	11	-13
13	11	-13
14	11	-13
15	11	-13
16	11	-13
25	17	-20
25	16	-19
25	15	-18
25	14	-17
25	14	-16
24	13	-15
24	12	-14
24	12	-14
24	11	-13
24	10	-12
24	10	-12
25	10	-11
24	8	-10
24	8	-10
24	8	-9
24	7	-8
23	7	-8
23	6	-7
23	6	-7
23	5	-6
23	5	-6
23	5	-5
23	4	-5
23	3	-4
23	3	-4
23	3	-3
23	2	-3
23	2	-2
23	2	-2
23	1	-1
23	1	-1
-214	2	-2
-212	5	-6
-207	8	-10
-206	11	-13
-206	14	-17
-202	17	-20
-202	20	-24
-212	24	-29
-204	26	-32
-206	30	-36
-204	33	-39
-210	37	-44
-208	40	-48
-208	43	-52
-70	19	-23
-69	20	-24
-68	21	-25
-32	12	-14
-13	6	-7
-12	6	-7
-28	12	-14
-26	12	-14
-24	12	-14
-21	12	-14
-20	12	-14
-18	12	-14
-17	12	-14
-16	12	-14
-16	11	-14
-15	12	-14
-14	12	-14
-13	12	-14
-8	7	-9
-12	12	-14
-11	11	-14
-11	12	-14
-10	12	-14
-9	11	-14
-8	11	-14
-8	11	-14
-7	11	-13
-7	11	-13
-6	11	-14
-6	11	-14
-5	11	-13
-5	11	-13
-4	11	-13
-4	11	-13
-4	11	-13
-3	11	-13
-3	11	-13
-2	11	-13
-2	11	-13
-2	11	-13
-1	11	-13
-1	11	-13
0	11	-13
0	11	-13
0	11	-13
1	11	-13
1	11	-13
2	11	-13
2	11	-13
2	11	-13
3	11	-13
3	11	-13
4	11	-13
4	11	-14
5	11	-13
5	11	-14
5	11	-13
6	11	-13
6	11	-13
7	11	-13
7	11	-13
8	11	-14
8	11	-14
9	11	-13
9	11	-14
10	11	-13
10	11	-13
11	11	-13
11	11	-13
12	11	-13
13	11	-13
13	11	-14
14	11	-14
14	11	-13
15	11	-13
25	16	-19
25	16	-19
25	15	-18
24	14	-17
24	13	-16
24	12	-15
24	12	-14
24	11	-13
24	11	-13
24	10	-12
24	9	-11
24	9	-11
24	8	-10
24	8	-9
24	7	-8
24	7	-8
24	6	-7
23	6	-7
23	5	-6
23	5	-6
23	5	-5
23	4	-5
23	4	-4
23	3	-4
23	3	-4
23	3	-3
23	2	-3
23	2	-2
23	1	-2
23	1	-1
23	1	-1
23	0	0
23	0	0
-211	0	0
-207	3	-4
-209	6	-8
-208	9	-12
-207	11	-16
-205	14	-20
-202	16	-24
-201	19	-27
-213	23	-33
-205	25	-36
-204	28	-40
-212	32	-45
-208	34	-49
-71	18	-26
-33	10	-14
-28	10	-14
-26	10	-14
-24	10	-14
-19	10	-14
-18	10	-14
-17	10	-14
-16	10	-14
-15	10	-14
-14	10	-14
-14	10	-14
-13	10	-14
-13	10	-14
-12	10	-14
-11	10	-14
-10	10	-14
-9	10	-14
-8	10	-14
-8	9	-14
-8	10	-14
-7	9	-14
-7	10	-14
-6	9	-13
-5	9	-13
-5	9	-13
-5	9	-13
-4	10	-14
-4	10	-14
-3	9	-13
-3	9	-13
-3	9	-14
-2	9	-14
-2	9	-13
-1	9	-13
-1	9	-13
-1	9	-13
0	9	-13
0	9	-13
0	9	-13
1	9	-13
1	9	-13
2	9	-13
2	9	-13
2	9	-14
3	9	-13
3	9	-13
4	9	-13
4	9	-13
4	9	-13
5	9	-13
5	9	-13
5	9	-13
6	10	-14
6	9	-13
7	9	-13
7	9	-14
8	9	-14
8	9	-13
8	9	-13
9	9	-14
10	10	-14
10	10	-14
11	9	-14
11	10	-14
12	9	-13
12	9	-13
13	9	-14
13	9	-13
25	14	-20
25	13	-19
25	13	-18
24	12	-17
24	11	-16
24	11	-15
24	10	-15
24	10	-14
24	9	-13
25	8	-12
24	7	-10
24	7	-10
24	6	-9
23	6	-8
23	5	-8
24	5	-7
23	5	-7
23	4	-6
23	4	-6
23	3	-5
23	3	-4
23	3	-4
23	2	-3
23	2	-3
23	2	-3
23	1	-2
23	1	-2
23	1	-1
-212	0	1
-207	2	-3
-209	5	-7
-208	8	-11
-206	11	-15
-206	13	-19
-202	16	-23
-202	19	-27
-212	22	-32
-205	25	-35
-205	27	-39
-208	31	-44
-208	34	-48
-71	18	-25
-34	10	-14
-32	10	-14
-30	10	-14
-26	10	-14
-25	10	-14
-20	10	-14
-18	10	-14
-17	10	-14
-17	10	-14
-16	10	-14
-15	10	-14
-14	10	-14
-13	10	-14
-12	10	-14
-11	10	-14
-10	10	-14
-9	10	-14
-9	10	-14
-8	9	-14
-8	9	-14
-7	9	-14
-7	9	-13
-6	9	-13
-6	9	-13
-5	9	-13
-5	9	-14
-4	9	-14
-4	9	-14
-3	9	-13
-3	9	-13
-3	9	-14
-2	9	-14
-2	9	-14
-2	9	-13
-1	9	-13
-1	9	-13
0	9	-13
0	9	-13
0	9	-13
1	9	-13
1	9	-13
2	9	-13
2	9	-13
2	9	-13
3	9	-13
3	9	-13
4	9	-14
4	9	-13
4	9	-13
5	9	-13
5	9	-13
5	9	-13
6	10	-14
6	9	-13
7	9	-13
7	10	-14
8	9	-14
8	9	-13
8	9	-13
9	9	-14
10	9	-14
10	10	-14
11	9	-14
11	10	-14
12	9	-13
12	9	-13
13	9	-13
13	9	-14
25	14	-20
25	13	-19
25	13	-18
24	12	-17
24	11	-16
24	11	-15
24	10	-14
24	9	-13
24	9	-13
25	8	-12
24	7	-10
24	6	-9
24	6	-9
24	6	-8
23	5	-8
23	5	-7
23	5	-7
23	4	-6
23	4	-5
23	4	-5
23	3	-4
23	3	-4
23	2	-3
23	2	-3
23	2	-2
23	1	-2
23	1	-1
23	1	-1
