0	0	0
-20	23	-8
-18	22	-8
-17	22	-8
-16	22	-8
-15	22	-8
-14	21	-8
-13	22	-8
-13	21	-8
-11	21	-8
-11	21	-8
-10	21	-8
-10	21	-8
-9	21	-8
-8	21	-8
-8	21	-8
-6	21	-8
-6	21	-8
-6	21	-8
-5	21	-8
-4	21	-8
-4	21	-8
-3	21	-8
-3	21	-8
-3	21	-8
-2	21	-8
-1	21	-8
-1	21	-8
0	21	-8
0	21	-8
1	21	-8
1	21	-8
2	21	-8
3	21	-7
3	21	-7
4	21	-7
4	20	-7
4	20	-7
5	20	-7
6	20	-7
6	20	-7
7	21	-7
7	21	-8
8	20	-7
8	20	-7
9	20	-7
9	20	-7
10	21	-7
10	21	-7
11	20	-7
12	20	-7
13	20	-7
13	20	-7
13	21	-8
14	20	-7
15	21	-7
16	21	-8
16	21	-8
17	21	-8
18	21	-8
18	21	-8
19	21	-8
20	21	-8
21	21	-8
21	19	-7
20	18	-7
20	17	-6
20	16	-6
20	15	-5
-2	21	-8
-1	21	-8
-1	21	-8
0	21	-8
0	21	-8
1	21	-8
1	21	-8
2	21	-7
2	21	-8
2	21	-8
3	20	-7
4	21	-7
4	20	-7
4	21	-7
5	20	-7
6	20	-7
6	20	-7
7	20	-7
7	20	-7
8	20	-7
8	21	-7
9	20	-7
9	21	-8
10	21	-7
11	20	-7
12	20	-7
12	20	-7
12	21	-7
13	20	-7
14	20	-7
14	20	-7
15	21	-7
16	21	-8
16	21	-8
17	21	-8
18	21	-8
19	21	-8
20	21	-8
20	21	-8
21	21	-8
21	19	-7
20	17	-6
20	16	-6
20	16	-6
-20	24	-8
-19	23	-8
-17	23	-8
-16	23	-8
-16	23	-8
-15	23	-8
-14	23	-8
-13	23	-8
-12	23	-8
-11	23	-8
-11	23	-8
-10	23	-8
-9	22	-8
-8	22	-8
-8	22	-8
-7	22	-8
-6	22	-8
-6	22	-8
-6	22	-8
-4	22	-8
-4	22	-8
-3	22	-8
-2	22	-8
-3	22	-8
-1	22	-8
-1	22	-8
-1	22	-8
0	22	-8
1	22	-8
1	22	-8
2	22	-8
2	22	-8
2	22	-8
3	22	-7
4	22	-8
5	22	-7
5	22	-7
5	22	-7
5	22	-8
6	22	-8
7	22	-8
7	22	-8
8	22	-7
9	22	-7
9	22	-7
10	22	-7
10	22	-7
11	22	-8
11	22	-8
13	22	-7
13	22	-8
13	22	-8
14	22	-8
15	22	-8
16	22	-8
16	22	-8
17	22	-8
18	22	-8
19	22	-8
20	22	-8
20	22	-8
21	22	-8
20	20	-7
20	19	-6
20	18	-6
20	16	-6
20	15	-5
-3	23	-8
-2	22	-8
-2	22	-8
-1	22	-8
-1	22	-8
0	22	-8
1	22	-8
1	22	-8
1	22	-8
2	22	-8
2	22	-8
3	22	-8
4	22	-7
4	22	-8
5	22	-7
5	22	-7
6	22	-7
6	22	-7
7	22	-8
8	22	-7
8	22	-7
9	22	-7
9	22	-8
10	21	-7
10	22	-8
11	22	-8
12	22	-7
12	22	-7
13	22	-8
13	22	-7
14	22	-8
15	22	-8
16	22	-8
16	22	-8
17	22	-8
18	22	-8
19	22	-8
20	22	-8
20	22	-8
21	22	-8
20	20	-7
20	19	-6
20	18	-6
20	16	-6
20	16	-5
-23	28	-9
-21	27	-9
-20	27	-9
-19	27	-9
-18	27	-9
-17	27	-9
-16	27	-9
-15	27	-9
-14	27	-9
-13	27	-9
-12	27	-9
-11	27	-9
-11	27	-9
-10	27	-9
-9	27	-9
-8	27	-9
-7	27	-9
-7	27	-9
-6	27	-9
-5	26	-9
-5	26	-9
-4	26	-9
-3	26	-9
-3	26	-9
-2	26	-9
-1	26	-9
-1	26	-9
0	26	-9
1	26	-8
1	26	-9
2	26	-9
2	26	-8
3	26	-8
4	26	-8
4	26	-8
5	26	-8
5	26	-8
6	26	-8
7	26	-8
8	26	-8
8	26	-8
9	26	-8
10	26	-8
10	26	-8
11	26	-8
12	26	-8
12	26	-8
13	26	-8
14	26	-8
15	26	-8
16	26	-8
16	26	-8
17	26	-8
18	26	-8
19	26	-8
20	26	-8
21	26	-8
22	26	-8
21	23	-8
21	22	-7
20	21	-7
20	19	-6
20	18	-6
20	17	-6
20	17	-5
20	15	-5
19	15	-5
-4	27	-9
-4	26	-9
-3	26	-9
-2	26	-9
-2	26	-9
-1	26	-8
0	26	-8
1	26	-8
1	26	-9
1	26	-9
3	26	-8
3	26	-8
3	26	-8
4	26	-8
5	26	-8
5	26	-8
6	26	-8
7	26	-8
7	26	-8
8	26	-8
9	26	-8
9	26	-8
10	26	-8
11	26	-8
12	26	-8
12	26	-8
13	26	-8
14	26	-8
14	26	-8
15	26	-8
16	26	-8
17	26	-8
18	26	-8
19	26	-8
19	26	-8
20	26	-8
21	26	-8
21	24	-8
21	22	-7
20	21	-7
20	20	-6
20	18	-6
20	18	-6
20	17	-5
19	16	-5
19	15	-5
-15	18	-5
-14	17	-5
-13	17	-5
-12	17	-5
-11	17	-5
-10	17	-5
-10	17	-5
-9	17	-5
-9	17	-5
-8	17	-5
-8	16	-5
-7	17	-5
-7	17	-5
-6	17	-5
-6	17	-5
-5	17	-5
-5	17	-5
-5	17	-5
-4	16	-5
-4	16	-5
-3	16	-5
-3	16	-5
-2	16	-5
-2	16	-5
-1	16	-5
-1	16	-5
-1	16	-5
0	16	-5
0	16	-5
1	16	-5
1	16	-5
1	16	-5
2	16	-5
2	16	-5
2	16	-5
3	16	-5
3	16	-5
4	16	-5
4	16	-5
4	16	-5
5	16	-5
5	16	-5
6	16	-5
6	16	-5
7	16	-5
7	16	-5
7	16	-5
8	16	-5
8	16	-5
9	16	-5
9	16	-5
10	16	-5
10	16	-5
11	16	-5
11	16	-5
12	16	-5
13	16	-5
13	16	-5
14	16	-5
14	16	-5
16	16	-5
17	16	-5
17	16	-5
18	16	-5
19	16	-5
20	16	-5
-2	17	-5
-2	16	-5
-1	16	-5
-1	16	-5
-1	16	-5
0	16	-5
0	16	-5
1	16	-5
1	16	-5
1	16	-5
2	16	-5
2	16	-5
2	16	-5
3	16	-5
3	16	-5
4	16	-5
4	16	-5
5	16	-5
5	16	-5
5	16	-5
6	16	-5
6	16	-5
7	16	-5
7	16	-5
8	16	-5
8	16	-5
9	16	-5
9	16	-5
10	16	-5
10	16	-5
10	16	-5
11	16	-5
12	16	-5
12	16	-5
13	16	-5
13	16	-5
14	16	-5
14	16	-5
16	17	-5
17	16	-5
18	17	-5
19	16	-5
20	16	-5
-26	31	-9
-24	30	-9
-23	30	-9
-21	29	-8
-20	30	-8
-19	30	-9
-18	30	-8
-17	29	-8
-16	30	-8
-15	30	-8
-14	29	-8
-13	29	-8
-12	29	-8
-12	29	-8
-11	29	-8
-10	29	-8
-9	29	-8
-8	29	-8
-7	29	-8
-7	29	-8
-6	29	-8
-5	29	-8
-5	29	-8
-4	29	-8
-3	29	-8
-2	29	-8
-2	29	-8
-1	29	-8
0	28	-8
1	28	-8
1	29	-8
2	28	-8
2	28	-8
3	28	-8
4	28	-8
5	28	-8
5	28	-8
6	28	-8
7	28	-8
7	28	-8
8	28	-8
9	28	-8
9	28	-8
10	28	-8
11	28	-8
12	28	-8
12	28	-8
13	28	-8
14	28	-8
15	29	-8
16	29	-8
16	28	-8
17	28	-8
18	28	-8
19	28	-8
20	28	-8
21	28	-8
21	27	-8
21	25	-7
20	23	-7
20	22	-6
20	20	-6
20	19	-6
20	18	-5
20	17	-5
20	16	-5
20	15	-4
19	15	-4
-5	29	-8
-4	29	-8
-3	29	-8
-3	29	-8
-2	29	-8
-1	29	-8
0	29	-8
0	28	-8
1	28	-8
2	28	-8
2	28	-8
3	28	-8
4	28	-8
5	28	-8
5	28	-8
6	28	-8
7	28	-8
7	28	-8
8	28	-8
9	28	-8
9	28	-8
10	28	-8
11	28	-8
12	28	-8
12	28	-8
13	28	-8
14	28	-8
15	28	-8
16	28	-8
17	28	-8
17	28	-8
18	28	-8
19	28	-8
20	28	-8
21	28	-8
21	27	-8
21	25	-7
20	23	-7
20	22	-6
20	20	-6
20	19	-6
20	18	-5
20	17	-5
19	16	-5
20	15	-4
19	15	-4
-27	33	-9
-25	33	-9
-24	32	-9
-22	32	-9
-21	32	-9
-20	32	-9
-19	32	-9
-18	32	-9
-17	32	-9
-16	32	-9
-15	32	-9
-14	32	-9
-13	32	-8
-12	32	-8
-11	32	-8
-10	32	-8
-10	31	-8
-8	31	-8
-8	31	-8
-7	31	-8
-6	31	-8
-5	31	-8
-4	31	-8
-4	31	-8
-3	31	-8
-2	31	-8
-1	31	-8
0	31	-8
0	31	-8
1	31	-8
2	31	-8
2	31	-8
3	30	-8
4	31	-8
5	30	-8
5	31	-8
6	30	-8
7	30	-8
7	30	-8
8	30	-8
9	30	-8
10	31	-8
11	30	-8
11	30	-8
12	31	-8
13	30	-8
14	30	-8
15	31	-8
15	31	-8
16	30	-8
17	31	-8
18	31	-8
19	31	-8
20	31	-8
21	30	-8
21	29	-8
21	27	-7
21	25	-7
20	24	-6
20	22	-6
20	21	-6
20	20	-5
20	19	-5
20	18	-5
19	17	-4
19	16	-4
20	14	-4
-6	32	-9
-5	31	-8
-4	31	-8
-4	31	-8
-3	31	-8
-2	31	-8
-1	31	-8
0	31	-8
0	31	-8
1	31	-8
2	31	-8
2	31	-8
3	31	-8
4	31	-8
5	30	-8
5	31	-8
6	31	-8
7	30	-8
8	30	-8
8	31	-8
9	30	-8
10	30	-8
11	30	-8
11	30	-8
12	30	-8
13	30	-8
14	31	-8
15	31	-8
16	31	-8
16	31	-8
17	31	-8
18	31	-8
19	31	-8
20	31	-8
21	31	-8
21	29	-8
21	27	-7
21	25	-7
20	23	-6
20	22	-6
20	20	-5
20	20	-5
20	18	-5
20	18	-5
19	16	-4
20	15	-4
20	14	-4
-29	38	-10
-26	37	-9
-25	37	-9
-24	37	-9
-23	38	-9
-22	38	-9
-20	37	-9
-19	37	-9
-18	37	-9
-17	37	-9
-16	37	-9
-15	37	-9
-14	37	-9
-13	37	-9
-12	37	-9
-11	37	-9
-10	37	-9
-9	37	-9
-8	37	-9
-7	36	-9
-6	36	-9
-5	36	-9
-4	36	-9
-3	36	-9
-2	36	-9
-1	36	-9
-1	36	-9
0	36	-9
1	36	-9
2	36	-9
3	36	-9
4	36	-9
4	36	-9
6	36	-9
6	36	-9
7	36	-9
8	36	-9
9	36	-9
10	35	-9
11	35	-9
12	36	-9
13	36	-9
13	36	-9
14	36	-9
16	36	-9
16	36	-9
17	36	-9
18	36	-9
19	36	-9
20	36	-9
22	36	-9
21	33	-8
21	30	-8
21	28	-7
20	27	-7
20	25	-6
20	24	-6
20	22	-6
20	21	-5
20	20	-5
20	19	-5
20	18	-4
19	17	-4
19	16	-4
20	15	-4
20	14	-3
-5	37	-9
-4	36	-9
-3	36	-9
-3	36	-9
-2	36	-9
-1	36	-9
0	36	-9
1	36	-9
2	36	-9
3	36	-9
3	36	-9
4	36	-9
5	36	-9
6	36	-9
7	36	-9
8	36	-9
9	36	-9
10	35	-9
10	36	-9
11	36	-9
13	36	-9
13	36	-9
14	36	-9
15	36	-9
16	36	-9
17	36	-9
18	36	-9
19	36	-9
20	36	-9
21	36	-9
21	33	-8
21	31	-8
21	29	-7
21	27	-7
20	26	-6
20	24	-6
20	23	-6
20	21	-5
20	20	-5
20	18	-5
20	18	-5
19	17	-4
20	15	-4
19	15	-4
19	14	-4
-38	46	-11
-35	45	-10
-33	44	-10
-31	43	-10
-29	43	-10
-28	43	-10
-26	43	-10
-25	43	-10
-24	43	-10
-22	43	-10
-21	43	-10
-20	43	-10
-18	43	-10
-17	43	-10
-16	43	-10
-15	43	-10
-14	43	-10
-12	43	-10
-11	43	-10
-10	43	-10
-9	43	-10
-8	43	-10
-7	43	-10
-6	43	-10
-5	43	-10
-4	43	-10
-3	43	-10
-2	43	-10
-1	43	-10
0	43	-10
1	43	-10
3	43	-10
3	43	-10
5	43	-10
5	43	-10
7	43	-10
8	43	-10
9	43	-10
10	43	-10
11	43	-10
12	43	-10
13	43	-10
14	43	-10
15	43	-10
16	43	-10
17	43	-10
19	43	-10
20	43	-10
21	43	-10
22	43	-10
21	39	-9
21	36	-8
21	33	-8
21	31	-7
21	29	-7
20	28	-6
20	26	-6
20	24	-6
20	23	-5
20	22	-5
20	20	-5
19	19	-4
20	18	-4
20	17	-4
19	16	-4
20	15	-3
19	15	-3
-8	44	-10
-6	43	-10
-6	43	-10
-4	43	-10
-4	43	-10
-2	43	-10
-1	43	-10
0	43	-10
1	43	-10
2	43	-10
3	43	-10
4	43	-10
5	43	-10
6	43	-10
7	43	-10
8	43	-10
9	43	-10
10	43	-10
11	44	-10
12	43	-10
13	43	-10
14	43	-10
15	43	-10
17	43	-10
18	43	-10
19	43	-10
20	43	-10
21	43	-10
22	41	-9
21	38	-9
21	35	-8
21	33	-8
20	30	-7
20	29	-7
20	27	-6
20	25	-6
20	24	-6
20	23	-5
20	21	-5
20	20	-5
20	19	-4
19	18	-4
20	16	-4
19	16	-4
19	15	-3
19	15	-3
-36	43	-9
-33	42	-9
-31	42	-9
-29	41	-9
-28	41	-9
-26	41	-9
-25	41	-9
-24	41	-9
-22	41	-9
-21	41	-9
-20	41	-9
-19	41	-9
-18	42	-9
-17	42	-9
-16	42	-9
-14	42	-9
-13	42	-9
-12	42	-9
-11	42	-9
-10	43	-9
-9	43	-9
-8	43	-9
-7	43	-9
-6	43	-9
-5	43	-9
-4	43	-9
-3	43	-9
-2	43	-9
-1	43	-9
0	43	-9
1	43	-9
2	43	-9
3	43	-9
4	43	-9
5	43	-9
6	43	-9
7	43	-9
8	43	-9
9	43	-9
10	43	-9
11	43	-9
13	43	-9
14	44	-9
15	43	-9
16	43	-9
17	43	-9
18	43	-9
19	43	-9
20	43	-9
22	43	-9
22	41	-9
21	36	-8
21	34	-7
20	32	-7
20	30	-6
20	28	-6
20	27	-6
20	25	-5
20	24	-5
20	22	-5
20	21	-4
20	20	-4
20	18	-4
20	17	-4
19	16	-3
19	16	-3
20	15	-3
20	14	-3
-9	44	-9
-7	43	-9
-6	43	-9
-5	43	-9
-4	43	-9
-3	43	-9
-2	43	-9
-1	43	-9
0	43	-9
1	43	-9
2	43	-9
3	43	-9
4	43	-9
5	43	-9
6	43	-9
7	43	-9
8	43	-9
9	43	-9
10	43	-9
11	43	-9
13	43	-9
13	44	-9
15	43	-9
16	44	-9
17	43	-9
18	43	-9
19	43	-9
20	43	-9
21	43	-9
23	44	-9
21	37	-8
21	34	-7
20	32	-7
20	30	-6
20	28	-6
20	27	-6
20	25	-5
20	24	-5
20	22	-5
20	21	-4
20	20	-4
20	19	-4
20	18	-4
19	17	-4
19	16	-3
20	14	-3
20	14	-3
-39	46	-9
-36	45	-9
-34	44	-9
-32	43	-8
-30	43	-8
-28	43	-8
-27	43	-8
-25	43	-8
-24	43	-8
-23	43	-8
-21	43	-8
-20	43	-8
-19	43	-8
-17	42	-8
-16	42	-8
-15	43	-8
-14	42	-8
-13	42	-8
-12	43	-8
-11	43	-8
-10	43	-8
-9	42	-8
-7	42	-8
-6	42	-8
-5	42	-8
-4	43	-8
-3	42	-8
-2	43	-8
-1	42	-8
0	43	-8
1	42	-8
2	42	-8
3	42	-8
4	42	-8
5	42	-8
6	42	-8
7	42	-8
8	42	-8
9	43	-8
10	43	-8
11	43	-8
12	43	-8
13	43	-8
14	42	-8
15	42	-8
16	43	-8
17	42	-8
18	42	-8
20	42	-8
21	43	-8
22	43	-8
21	39	-7
21	35	-7
21	33	-6
20	31	-6
20	29	-6
20	27	-5
20	26	-5
20	24	-5
20	23	-4
20	21	-4
20	20	-4
20	19	-4
20	18	-4
20	17	-3
19	16	-3
19	15	-3
20	14	-3
-8	43	-8
-7	43	-8
-6	42	-8
-5	42	-8
-4	42	-8
-3	42	-8
-2	42	-8
-1	42	-8
0	42	-8
1	42	-8
2	42	-8
3	42	-8
4	42	-8
5	43	-8
6	43	-8
7	42	-8
8	43	-8
9	43	-8
10	43	-8
11	43	-8
12	42	-8
14	43	-8
15	43	-8
16	43	-8
17	42	-8
18	42	-8
19	43	-8
21	43	-8
22	43	-8
22	40	-8
21	36	-7
21	34	-7
20	32	-6
20	29	-6
20	28	-5
20	26	-5
20	25	-5
20	23	-5
20	22	-4
20	21	-4
20	20	-4
20	18	-4
19	18	-3
19	16	-3
20	15	-3
20	15	-3
-36	44	-8
-34	42	-7
-31	42	-7
-29	41	-7
-28	41	-7
-27	42	-7
-25	41	-7
-23	41	-7
-22	41	-7
-21	41	-7
-20	41	-7
-19	41	-7
-17	41	-7
-16	41	-7
-15	41	-7
-14	41	-7
-13	41	-7
-12	41	-7
-11	41	-7
-9	41	-7
-9	41	-7
-7	41	-7
-6	41	-7
-6	41	-7
-5	41	-7
-4	41	-7
-3	41	-7
-2	41	-7
-1	41	-7
0	41	-7
1	41	-7
2	41	-7
3	41	-7
4	41	-7
5	41	-7
6	42	-7
7	41	-7
8	41	-7
9	41	-7
10	41	-7
11	41	-7
12	41	-7
13	42	-7
14	41	-7
15	41	-7
16	41	-7
18	42	-7
19	41	-7
20	41	-7
21	41	-7
22	40	-7
21	36	-6
21	34	-6
21	32	-6
21	30	-5
20	28	-5
20	26	-5
20	24	-4
20	23	-4
20	22	-4
20	21	-4
20	19	-3
19	19	-3
20	17	-3
19	17	-3
20	15	-3
19	15	-3
-6	42	-7
-5	41	-7
-4	41	-7
-3	41	-7
-2	41	-7
-1	41	-7
0	41	-7
1	41	-7
2	41	-7
3	41	-7
4	41	-7
5	41	-7
6	41	-7
7	42	-7
8	41	-7
9	41	-7
10	41	-7
11	41	-7
12	42	-7
13	42	-7
14	41	-7
15	41	-7
16	41	-7
17	42	-7
18	41	-7
20	41	-7
21	42	-7
22	42	-7
21	37	-7
21	35	-6
21	32	-6
20	30	-5
20	28	-5
20	27	-5
20	25	-4
20	24	-4
20	22	-4
20	21	-4
20	20	-3
20	19	-3
20	18	-3
20	17	-3
19	16	-3
19	15	-3
20	14	-2
-39	46	-7
-36	45	-7
-34	44	-7
-31	43	-7
-30	43	-7
-28	43	-7
-27	43	-7
-25	43	-7
-24	43	-7
-22	43	-7
-21	43	-7
-20	43	-7
-19	43	-7
-17	43	-7
-16	43	-7
-15	43	-7
-14	42	-7
-13	42	-7
-12	43	-7
-11	42	-7
-9	43	-7
-9	43	-7
-7	42	-7
-6	42	-7
-5	43	-7
-4	42	-7
-3	42	-7
-3	42	-7
-1	42	-7
-1	42	-7
1	42	-7
2	42	-7
3	42	-7
3	42	-7
5	42	-7
6	42	-7
7	43	-7
7	42	-7
9	43	-7
10	42	-7
11	43	-7
12	43	-7
13	43	-7
14	43	-7
15	43	-7
16	43	-7
17	43	-7
18	43	-7
20	43	-7
21	43	-7
22	43	-7
21	40	-6
21	36	-6
20	33	-5
20	31	-5
20	29	-5
20	27	-4
20	26	-4
20	24	-4
20	23	-4
20	22	-3
20	20	-3
20	19	-3
20	18	-3
19	17	-3
19	17	-3
19	16	-2
19	15	-2
-9	44	-7
-8	43	-7
-7	43	-7
-5	42	-7
-4	42	-7
-3	43	-7
-2	42	-7
-1	42	-7
0	42	-7
0	42	-7
2	42	-7
2	42	-7
4	42	-7
4	42	-7
6	42	-7
7	42	-7
8	42	-7
9	43	-7
10	43	-7
11	43	-7
12	43	-7
13	43	-7
14	43	-7
15	43	-7
16	43	-7
17	43	-7
18	43	-7
20	43	-7
21	43	-7
22	43	-7
21	39	-6
21	35	-6
20	33	-5
21	31	-5
20	29	-5
20	27	-4
20	26	-4
20	24	-4
20	23	-4
20	21	-3
20	20	-3
20	19	-3
20	18	-3
19	17	-3
19	16	-3
19	16	-2
20	15	-2
-38	45	-6
-35	44	-6
-33	43	-6
-31	43	-6
-29	43	-6
-28	43	-6
-27	43	-6
-25	43	-6
-24	43	-6
-22	43	-6
-21	43	-6
-20	43	-6
-19	43	-6
-17	43	-6
-16	43	-6
-15	42	-6
-14	42	-6
-13	42	-6
-12	42	-6
-10	42	-6
-9	42	-6
-8	41	-6
-7	41	-6
-6	43	-6
-5	42	-6
-4	42	-6
-3	42	-6
-2	42	-6
-1	42	-6
0	42	-6
1	42	-6
2	42	-6
3	42	-6
4	42	-6
5	42	-6
6	42	-6
7	42	-6
8	42	-6
9	42	-6
10	42	-6
11	42	-6
12	42	-6
13	42	-6
14	42	-6
15	42	-6
16	43	-6
17	43	-6
18	43	-6
20	43	-6
21	43	-6
22	43	-6
21	38	-5
21	35	-5
20	33	-5
20	31	-4
20	29	-4
20	27	-4
20	26	-4
20	24	-3
20	23	-3
20	21	-3
20	20	-3
20	19	-3
20	18	-3
20	17	-2
19	16	-2
19	15	-2
20	14	-2
-7	41	-6
-6	42	-6
-5	42	-6
-4	42	-6
-3	42	-6
-2	42	-6
-1	42	-6
0	42	-6
1	42	-6
2	42	-6
3	42	-6
4	42	-6
5	42	-6
6	42	-6
7	42	-6
8	42	-6
9	42	-6
10	42	-6
11	43	-6
12	42	-6
13	42	-6
14	42	-6
15	43	-6
16	43	-6
17	43	-6
19	43	-6
20	43	-6
21	43	-6
22	43	-6
21	37	-5
21	34	-5
21	32	-5
20	30	-4
20	28	-4
20	27	-4
20	25	-4
20	24	-3
20	22	-3
20	21	-3
20	20	-3
20	19	-3
20	18	-3
20	17	-2
19	16	-2
19	15	-2
20	14	-2
-38	45	-6
-35	45	-5
-33	44	-5
-31	43	-5
-29	43	-5
-28	43	-5
-26	43	-5
-25	43	-5
-23	43	-5
-22	43	-5
-21	43	-5
-20	43	-5
-18	43	-5
-17	43	-5
-16	43	-5
-15	43	-5
-13	43	-5
-12	43	-5
-11	42	-5
-10	43	-5
-9	41	-5
-8	40	-5
-7	43	-5
-6	42	-5
-5	42	-5
-4	42	-5
-3	42	-5
-2	42	-5
-1	42	-5
0	42	-5
1	42	-5
2	42	-5
3	42	-5
4	42	-5
5	42	-5
6	42	-5
7	42	-5
8	42	-5
9	42	-5
10	42	-5
11	42	-5
12	43	-5
13	42	-5
14	42	-5
15	43	-5
16	43	-5
18	43	-5
19	43	-5
20	43	-5
21	43	-5
22	43	-5
21	38	-5
21	35	-4
20	33	-4
20	30	-4
20	29	-4
20	27	-3
20	25	-3
20	24	-3
20	23	-3
20	21	-3
20	20	-2
20	19	-2
20	18	-2
19	17	-2
20	16	-2
20	15	-2
20	15	-2
-7	43	-5
-6	42	-5
-4	42	-5
-4	42	-5
-2	42	-5
-1	42	-5
-1	42	-5
1	42	-5
2	42	-5
3	42	-5
3	42	-5
4	42	-5
6	42	-5
7	42	-5
7	42	-5
9	43	-5
10	43	-5
11	43	-5
12	43	-5
13	43	-5
14	43	-5
15	43	-5
16	43	-5
17	43	-5
18	43	-5
19	43	-5
21	43	-5
22	43	-5
21	39	-5
21	36	-4
20	33	-4
20	31	-4
20	29	-4
20	28	-3
20	26	-3
20	24	-3
20	23	-3
20	22	-3
20	21	-3
20	20	-2
20	18	-2
20	17	-2
19	16	-2
19	16	-2
20	14	-2
-37	45	-5
-34	44	-5
-32	43	-5
-30	43	-4
-29	43	-4
-27	43	-5
-26	43	-5
-24	43	-5
-23	43	-5
-22	43	-4
-21	43	-5
-19	43	-4
-18	43	-4
-17	43	-4
-15	43	-4
-14	42	-4
-13	42	-4
-12	42	-4
-11	42	-4
-10	42	-4
-9	42	-4
-8	41	-4
-7	41	-4
-5	41	-4
-5	42	-4
-4	42	-4
-3	42	-4
-2	42	-4
-1	42	-4
0	42	-4
1	42	-4
2	42	-4
3	42	-4
4	42	-4
5	42	-4
6	42	-4
7	42	-4
8	43	-4
9	42	-4
10	43	-4
11	42	-4
12	43	-4
13	43	-4
14	42	-4
15	43	-5
17	43	-5
17	43	-4
19	43	-4
20	43	-5
21	43	-5
22	43	-4
21	37	-4
21	35	-4
20	32	-3
20	30	-3
20	28	-3
20	27	-3
20	25	-3
20	24	-3
20	23	-2
20	21	-2
20	20	-2
20	19	-2
20	18	-2
19	17	-2
19	16	-2
19	15	-2
20	15	-2
-7	41	-4
-5	41	-4
-5	42	-4
-4	42	-4
-3	42	-4
-2	42	-4
-1	42	-4
0	42	-4
1	42	-4
2	42	-4
3	42	-4
4	42	-4
5	42	-4
6	42	-4
7	42	-4
8	42	-4
9	42	-4
10	43	-4
11	42	-4
12	42	-4
13	42	-4
14	42	-4
16	43	-5
17	43	-4
18	43	-4
19	43	-5
20	43	-4
21	43	-5
23	43	-4
21	37	-4
21	34	-4
21	32	-3
20	30	-3
20	28	-3
20	26	-3
20	25	-3
20	24	-3
20	22	-2
20	21	-2
20	20	-2
20	19	-2
20	18	-2
20	17	-2
20	16	-2
19	15	-2
20	14	-2
-38	45	-4
-35	44	-4
-32	43	-4
-30	43	-4
-29	43	-4
-28	43	-4
-26	43	-4
-24	42	-4
-23	43	-4
-22	43	-4
-21	43	-4
-19	43	-4
-18	43	-4
-17	43	-4
-16	43	-4
-14	42	-4
-13	43	-4
-12	43	-4
-11	42	-4
-10	43	-4
-9	42	-4
-8	42	-4
-7	41	-4
-6	41	-4
-5	42	-4
-4	42	-4
-3	42	-4
-2	42	-4
-1	42	-4
0	42	-4
1	42	-4
2	42	-4
3	42	-4
4	42	-4
5	42	-4
6	42	-4
7	42	-4
8	42	-4
9	42	-4
10	42	-4
11	42	-4
12	42	-4
13	43	-4
14	42	-4
15	43	-4
16	43	-4
18	43	-4
19	43	-4
20	43	-4
21	43	-4
22	43	-4
21	38	-3
21	35	-3
20	33	-3
20	31	-3
20	29	-3
20	27	-2
20	25	-2
20	24	-2
20	23	-2
20	21	-2
20	20	-2
20	19	-2
19	18	-2
19	17	-2
19	16	-1
19	16	-1
20	15	-1
-7	42	-4
-6	41	-4
-6	43	-4
-4	42	-4
-3	42	-4
-2	42	-4
-1	42	-4
0	42	-4
1	42	-4
2	42	-4
2	42	-4
4	42	-4
5	42	-4
5	42	-4
7	42	-4
8	42	-4
9	42	-4
9	42	-4
11	42	-4
12	42	-4
13	42	-4
14	42	-4
15	42	-4
16	43	-4
17	43	-4
18	43	-4
19	43	-4
21	43	-4
22	43	-4
22	39	-3
21	36	-3
21	33	-3
20	31	-3
20	29	-3
20	28	-2
20	26	-2
20	24	-2
20	23	-2
20	22	-2
20	20	-2
20	19	-2
20	18	-2
20	18	-2
20	16	-1
19	16	-1
20	15	-1
-38	45	-3
-35	44	-3
-33	44	-3
-31	43	-3
-29	43	-3
-28	43	-3
-26	43	-3
-25	43	-3
-24	43	-3
-22	43	-3
-21	43	-3
-20	43	-3
-18	43	-3
-17	43	-3
-16	43	-3
-15	42	-3
-14	42	-3
-13	42	-3
-11	42	-3
-10	42	-3
-9	42	-3
-8	42	-3
-7	42	-3
-6	41	-3
-5	43	-3
-4	42	-3
-3	42	-3
-2	42	-3
-1	42	-3
0	42	-3
1	42	-3
2	42	-3
3	42	-3
4	42	-3
5	42	-3
6	42	-3
7	42	-3
8	42	-3
9	42	-3
10	42	-3
11	42	-3
12	43	-3
13	43	-3
14	43	-3
15	43	-3
16	43	-3
17	43	-3
18	43	-3
20	43	-3
21	43	-3
22	43	-3
21	39	-3
21	36	-2
21	33	-2
20	31	-2
20	29	-2
20	28	-2
20	26	-2
20	24	-2
20	23	-2
20	22	-2
20	21	-1
20	20	-1
20	18	-1
20	17	-1
20	16	-1
19	16	-1
20	14	-1
-7	43	-3
-6	41	-3
-5	43	-3
-4	42	-3
-3	42	-3
-2	42	-3
-1	42	-3
0	42	-3
1	42	-3
2	42	-3
3	42	-3
4	42	-3
5	42	-3
6	42	-3
7	42	-3
8	42	-3
9	42	-3
10	42	-3
11	42	-3
12	43	-3
13	43	-3
14	43	-3
15	43	-3
16	43	-3
17	43	-3
19	43	-3
20	43	-3
21	43	-3
22	43	-3
21	38	-3
21	35	-2
21	32	-2
20	31	-2
20	29	-2
20	27	-2
20	25	-2
20	24	-2
20	23	-2
20	21	-1
20	20	-1
20	19	-1
20	18	-1
20	17	-1
19	16	-1
20	15	-1
20	15	-1
-37	45	-2
-35	44	-2
-32	43	-2
-31	43	-2
-29	43	-2
-28	43	-2
-26	43	-2
-25	43	-2
-23	43	-2
-22	43	-2
-21	43	-2
-20	43	-2
-18	43	-2
-17	43	-2
-16	43	-2
-15	43	-2
-14	42	-2
-12	43	-2
-12	43	-2
-10	42	-2
-9	42	-2
-8	42	-2
-7	42	-2
-6	42	-2
-5	42	-2
-4	42	-2
-3	42	-2
-2	42	-2
-1	42	-2
0	42	-2
1	42	-2
2	42	-2
3	42	-2
3	42	-2
5	42	-2
5	42	-2
6	42	-2
8	42	-2
8	42	-2
9	43	-2
11	42	-2
12	42	-2
13	42	-2
14	42	-2
15	42	-2
16	43	-2
17	43	-2
18	43	-2
19	43	-2
20	43	-2
22	43	-2
21	40	-2
21	36	-2
21	34	-2
20	32	-2
20	30	-2
20	28	-1
20	26	-1
20	25	-1
20	23	-1
20	22	-1
20	21	-1
20	20	-1
20	19	-1
20	18	-1
19	17	-1
20	16	-1
20	15	-1
-8	43	-2
-6	42	-2
-5	42	-2
-4	42	-2
-3	42	-2
-2	42	-2
-1	42	-2
0	42	-2
1	42	-2
2	42	-2
2	42	-2
4	42	-2
5	42	-2
6	42	-2
7	42	-2
8	42	-2
9	42	-2
10	42	-2
11	42	-2
12	43	-2
13	43	-2
14	42	-2
15	42	-2
16	43	-2
17	43	-2
18	43	-2
19	43	-2
21	43	-2
22	43	-2
22	40	-2
21	36	-2
21	34	-2
20	32	-2
21	29	-2
20	28	-1
20	26	-1
20	25	-1
20	24	-1
20	22	-1
20	21	-1
20	20	-1
20	19	-1
20	18	-1
20	16	-1
20	16	-1
20	15	-1
-39	45	-2
-37	45	-2
-35	44	-2
-32	43	-2
-31	43	-1
-29	43	-1
-28	43	-1
-26	43	-1
-25	43	-1
-23	43	-1
-22	43	-1
-21	43	-2
-20	43	-1
-18	43	-1
-17	43	-1
-16	42	-1
-15	42	-1
-14	42	-1
-13	43	-1
-11	42	-1
-10	42	-1
-9	42	-1
-8	42	-1
-7	42	-1
-6	42	-1
-5	42	-1
-4	42	-1
-3	42	-1
-2	42	-1
-1	42	-1
0	42	-1
1	42	-1
2	42	-1
3	42	-1
4	42	-1
4	42	-1
6	42	-1
7	42	-1
8	42	-1
9	42	-1
10	42	-1
11	42	-1
12	42	-1
13	42	-1
14	42	-1
15	42	-1
16	43	-2
17	43	-2
18	43	-1
20	43	-1
21	43	-2
22	43	-1
21	39	-1
21	36	-1
21	33	-1
21	31	-1
20	29	-1
20	28	-1
20	26	-1
20	25	-1
20	23	-1
20	22	-1
20	21	-1
20	20	-1
20	19	-1
20	18	-1
20	16	-1
20	15	-1
20	15	-1
-8	43	-2
-7	42	-1
-6	42	-1
-4	42	-1
-4	42	-1
-3	42	-1
-2	42	-1
-1	42	-1
0	42	-1
1	42	-1
2	42	-1
3	42	-1
4	42	-1
5	42	-1
6	42	-1
7	42	-1
8	42	-1
9	42	-1
10	42	-1
11	42	-1
12	42	-1
13	42	-1
15	43	-1
15	42	-1
17	43	-1
18	43	-2
19	43	-2
20	43	-1
21	43	-1
22	42	-1
21	37	-1
21	34	-1
21	32	-1
20	30	-1
20	28	-1
20	27	-1
20	25	-1
20	24	-1
20	22	-1
20	21	-1
20	20	-1
20	19	-1
20	18	-1
20	17	-1
20	15	-1
20	15	-1
-38	45	-1
-36	44	-1
-34	44	-1
-31	43	-1
-30	43	-1
-28	43	-1
-27	43	-1
-26	43	-1
-24	43	-1
-23	43	-1
-22	43	-1
-20	43	-1
-19	42	-1
-18	43	-1
-16	42	-1
-15	42	-1
-14	42	-1
-13	42	-1
-12	42	-1
-11	43	-1
-10	42	-1
-9	42	-1
-8	42	-1
-7	42	-1
-6	42	-1
-5	42	-1
-4	42	-1
-3	42	-1
-2	42	-1
-1	42	-1
0	42	-1
1	42	-1
2	42	-1
3	42	-1
4	42	-1
5	42	-1
6	42	-1
7	42	-1
8	42	-1
9	42	-1
10	42	-1
11	42	-1
12	42	-1
13	43	-1
14	42	-1
15	43	-1
17	43	-1
18	43	-1
19	43	-1
20	43	-1
21	43	-1
22	43	-1
21	38	-1
21	35	-1
21	33	-1
20	31	-1
20	29	-1
20	27	0
20	26	0
20	24	0
20	23	0
20	21	0
20	20	0
20	19	0
20	18	0
20	17	0
19	16	0
20	15	0
20	15	0
-9	43	-1
-8	42	-1
-7	42	-1
-6	42	-1
-4	42	-1
-4	42	-1
-2	42	-1
-2	42	-1
-1	42	-1
0	42	-1
1	42	-1
2	42	-1
3	42	-1
4	42	-1
5	42	-1
6	42	-1
7	42	-1
8	42	-1
9	42	-1
10	42	-1
11	43	-1
12	43	-1
13	42	-1
14	43	-1
15	43	-1
17	43	-1
18	43	-1
19	43	-1
20	43	-1
21	43	-1
22	42	-1
21	37	-1
21	34	-1
21	32	-1
20	30	-1
20	29	0
20	27	0
20	25	0
20	24	0
20	23	0
20	21	0
20	20	0
20	19	0
20	18	0
20	17	0
20	16	0
20	15	0
20	15	0
-40	45	0
-38	45	0
-35	44	0
-33	43	0
-31	43	0
-29	43	0
-28	42	0
-26	43	0
-25	43	0
-24	43	0
-22	43	0
-21	43	0
-20	43	0
-18	43	0
-17	43	0
-16	43	0
-15	42	0
-14	42	0
-13	43	0
-12	43	0
-10	42	0
-9	42	0
-8	42	0
-7	42	0
-6	42	0
-5	42	0
-4	42	0
-3	42	0
-2	42	0
-2	42	0
0	42	0
0	42	0
1	42	0
3	42	0
3	42	0
4	42	0
5	42	0
6	42	0
7	42	0
8	42	0
10	42	0
10	42	0
11	42	0
13	42	0
14	42	0
15	42	0
16	42	0
17	43	0
18	43	0
19	43	0
20	43	0
21	43	0
22	40	0
21	37	0
21	34	0
20	32	0
20	30	0
20	28	0
20	27	0
20	25	0
20	24	0
20	23	0
20	21	0
20	20	0
20	19	0
20	18	0
20	17	0
20	16	0
20	15	0
-9	43	0
-8	42	0
-7	42	0
-6	42	0
-5	42	0
-4	42	0
-3	42	0
-2	42	0
-1	42	0
0	42	0
1	42	0
2	42	0
3	42	0
4	42	0
4	42	0
6	42	0
7	42	0
8	42	0
9	42	0
10	42	0
11	43	0
12	43	0
13	43	0
14	43	0
15	42	0
16	42	0
17	43	0
18	43	0
19	43	0
21	43	0
22	43	0
21	39	0
21	36	0
20	33	0
20	31	0
20	29	0
21	28	0
20	26	0
20	25	0
20	23	0
20	22	0
20	21	0
20	19	0
20	19	0
20	18	0
20	16	0
19	16	0
20	15	0
-37	45	1
-34	44	1
-32	43	1
-30	43	1
-29	43	1
-27	43	1
-26	43	1
-24	43	1
-23	43	1
-22	43	1
-20	43	1
-19	43	1
-18	43	1
-17	43	1
-15	42	1
-14	42	1
-13	42	1
-12	42	1
-11	42	1
-10	42	1
-9	42	1
-8	42	1
-7	42	1
-6	42	1
-5	42	1
-4	42	1
-3	42	1
-2	42	1
-1	42	1
0	42	1
1	42	1
2	42	1
3	42	1
4	42	1
5	42	1
6	42	1
7	42	1
8	42	1
9	42	1
10	42	1
11	42	1
12	42	1
13	42	1
14	42	1
15	42	1
16	43	1
18	43	1
19	43	1
20	43	1
21	43	1
22	43	1
21	38	1
21	35	1
21	33	1
21	31	1
21	29	1
20	28	0
20	26	0
20	24	0
20	23	0
20	22	0
20	21	0
20	19	0
20	18	0
20	18	0
20	16	0
20	15	0
20	15	0
-9	43	1
-8	42	1
-7	42	1
-6	42	1
-5	42	1
-4	42	1
-3	42	1
-2	42	1
-1	42	1
0	42	1
1	42	1
2	42	1
3	42	1
4	42	1
5	42	1
6	42	1
7	42	1
8	42	1
9	42	1
10	42	1
11	42	1
12	42	1
13	42	1
14	42	1
15	42	1
16	43	1
17	43	1
19	43	1
20	43	1
21	43	1
22	43	1
21	38	1
21	35	1
21	33	1
21	31	1
21	29	1
20	28	0
20	26	0
20	24	0
20	23	0
20	22	0
20	20	0
20	19	0
20	18	0
20	17	0
20	16	0
20	15	0
20	15	0
-36	45	2
-34	44	2
-32	43	2
-30	43	1
-28	43	1
-27	43	1
-25	43	1
-24	43	1
-23	43	1
-22	43	1
-20	43	1
-19	43	1
-18	43	1
-17	43	1
-15	42	1
-14	42	1
-13	42	1
-12	42	1
-11	42	1
-10	42	1
-9	42	1
-8	42	1
-7	42	1
-6	42	1
-5	42	1
-4	42	1
-3	42	1
-2	42	1
-1	42	1
0	42	1
1	42	1
2	42	1
3	42	1
4	42	1
5	42	1
6	42	1
7	42	1
8	42	1
9	42	1
10	42	1
11	42	1
12	42	1
13	43	1
14	42	1
15	42	1
16	43	1
18	43	2
19	43	1
20	43	1
21	43	1
22	43	1
21	38	1
21	35	1
21	33	1
21	31	1
21	29	1
21	27	1
20	26	1
20	24	1
20	23	1
20	21	1
20	21	1
20	19	1
20	18	1
20	17	1
19	16	1
20	16	1
20	15	1
-7	43	2
-6	42	1
-5	42	1
-4	42	1
-3	42	1
-2	42	1
-1	42	1
0	42	1
1	42	1
2	42	1
3	42	1
4	42	1
5	42	1
6	42	1
7	42	1
8	42	1
9	42	1
10	42	1
11	42	1
12	42	1
13	42	1
14	42	1
15	42	1
16	43	2
17	43	2
18	42	1
20	43	2
21	43	1
22	43	1
21	39	1
21	36	1
21	33	1
21	31	1
21	29	1
21	28	1
20	26	1
20	24	1
20	23	1
20	22	1
20	20	1
20	19	1
20	19	1
20	17	1
20	16	1
20	15	1
20	15	1
-36	45	2
-34	44	2
-32	43	2
-30	43	2
-28	43	2
-27	43	2
-26	43	2
-24	43	2
-23	43	2
-22	43	2
-20	43	2
-19	42	2
-18	43	2
-16	43	2
-16	43	2
-14	42	2
-13	42	2
-12	42	2
-11	42	2
-10	42	2
-9	42	2
-8	42	2
-7	42	2
-6	42	2
-5	42	2
-4	42	2
-3	42	2
-2	42	2
-1	42	2
0	42	2
1	42	2
2	42	2
3	42	2
4	42	2
5	42	2
6	42	2
7	42	2
8	42	2
9	42	2
10	42	2
11	42	2
12	43	2
13	42	2
14	42	2
15	42	2
16	43	2
17	43	2
19	43	2
20	43	2
21	43	2
22	43	2
21	38	2
21	35	2
21	33	2
21	31	2
21	29	2
20	28	1
20	26	1
20	24	1
20	23	1
20	22	1
20	21	1
20	20	1
20	19	1
20	17	1
19	17	1
19	16	1
20	15	1
-8	42	2
-7	42	2
-6	42	2
-5	42	2
-4	42	2
-3	42	2
-2	42	2
-1	42	2
0	42	2
1	42	2
2	42	2
3	42	2
4	42	2
5	42	2
6	42	2
7	42	2
8	42	2
9	42	2
10	42	2
11	42	2
12	42	2
13	42	2
14	42	2
15	42	2
16	42	2
17	43	2
19	43	2
20	43	2
21	43	2
22	43	2
21	39	2
21	36	2
21	33	2
21	32	2
20	30	2
20	28	1
20	26	1
20	25	1
20	23	1
20	22	1
20	21	1
20	20	1
20	19	1
20	18	1
20	17	1
20	15	1
20	14	1
-36	45	3
-34	44	3
-32	43	3
-30	43	3
-28	43	3
-27	43	3
-25	43	3
-24	43	3
-23	43	3
-21	43	3
-20	43	3
-19	43	3
-18	43	3
-16	43	3
-15	42	3
-14	42	3
-13	42	3
-12	42	3
-11	42	3
-10	42	3
-9	42	3
-8	42	3
-7	42	3
-6	42	3
-5	42	3
-4	42	3
-3	42	3
-2	42	3
-1	42	3
0	42	3
1	42	3
2	42	3
3	42	3
4	42	3
5	42	3
6	42	3
7	42	3
8	42	3
9	42	3
10	42	3
11	42	3
12	42	3
13	42	3
14	42	3
15	42	3
17	43	3
18	43	3
19	43	3
20	43	3
21	43	3
22	43	3
21	38	3
21	35	2
21	33	2
21	31	2
21	29	2
21	27	2
20	26	2
20	24	2
20	23	2
20	21	1
20	21	1
20	19	1
20	18	1
20	17	1
20	17	1
20	15	1
20	15	1
-9	43	3
-7	42	3
-7	42	3
-6	42	3
-5	42	3
-4	42	3
-3	42	3
-1	42	3
-1	42	3
0	42	3
1	42	3
2	42	3
3	42	3
4	42	3
5	42	3
6	42	3
7	42	3
8	42	3
9	42	3
10	42	3
11	42	3
12	43	3
13	42	3
15	42	3
15	42	3
17	43	3
18	43	3
19	43	3
20	43	3
21	43	3
21	41	3
21	37	3
21	35	2
21	32	2
21	30	2
21	28	2
20	27	2
21	25	2
20	24	2
20	23	2
20	21	1
20	20	1
20	19	1
20	18	1
20	17	1
20	16	1
20	15	1
20	15	1
-36	45	4
-34	44	4
-32	43	4
-30	43	4
-28	43	4
-27	43	4
-25	43	4
-24	43	4
-23	43	4
-21	43	4
-20	43	4
-19	43	4
-18	43	4
-16	43	4
-15	42	4
-14	42	4
-13	42	4
-12	42	4
-11	42	4
-10	42	4
-9	42	4
-8	42	4
-7	42	4
-6	42	4
-5	42	4
-4	42	4
-3	42	4
-2	42	4
-1	42	4
0	42	4
1	42	4
2	42	4
3	42	4
4	42	4
5	42	4
6	42	4
7	42	4
8	42	4
9	42	4
10	42	4
11	42	4
12	42	4
13	42	4
14	42	4
15	42	4
17	42	4
18	43	4
19	42	4
20	43	4
21	43	4
22	42	4
21	37	3
21	35	3
21	32	3
21	31	3
21	29	3
20	27	2
20	25	2
20	24	2
20	23	2
20	21	2
20	20	2
20	19	2
20	18	2
20	17	1
20	16	1
20	15	1
20	14	1
-7	43	4
-6	42	4
-5	42	4
-4	42	4
-3	42	4
-2	42	4
-1	42	4
0	42	4
1	42	4
2	42	4
3	42	4
4	42	4
5	42	4
6	42	4
7	42	4
8	42	4
9	42	4
10	42	4
11	42	4
12	42	4
13	42	4
14	42	4
15	42	4
16	43	4
17	43	4
19	43	4
20	43	4
21	43	4
22	43	4
21	38	3
21	35	3
21	33	3
21	31	3
20	29	3
21	28	2
21	26	2
20	24	2
20	23	2
20	22	2
20	21	2
20	19	2
20	18	2
20	18	2
20	16	1
20	15	1
20	15	1
-36	45	5
-34	44	5
-31	43	5
-30	43	4
-28	43	5
-27	43	5
-25	42	4
-24	43	4
-23	43	4
-21	43	4
-20	43	5
-19	43	4
-17	42	4
-16	42	4
-15	43	4
-14	42	4
-13	42	4
-12	42	4
-11	42	4
-10	42	4
-9	42	4
-8	42	4
-6	42	4
-5	42	4
-4	42	4
-3	42	4
-2	42	4
-2	42	4
-1	42	4
1	42	4
1	42	4
2	42	4
3	42	4
4	42	4
5	42	4
6	42	4
7	42	4
8	42	4
9	42	4
10	42	4
11	43	4
13	42	4
14	42	4
14	42	4
16	42	4
17	43	5
18	43	4
19	43	5
20	43	4
22	43	4
22	40	4
21	37	4
21	35	4
21	32	3
21	30	3
21	28	3
21	27	3
21	25	3
20	24	3
20	23	2
20	21	2
20	20	2
20	19	2
20	18	2
20	17	2
20	16	2
20	15	2
20	15	2
-8	43	5
-7	42	4
-6	42	4
-5	42	4
-4	42	4
-3	42	4
-2	42	4
-1	42	4
0	42	4
1	42	4
2	42	4
3	42	4
4	42	4
5	42	4
6	42	4
7	42	4
8	43	4
9	42	4
10	43	4
11	42	4
12	42	4
13	42	4
14	42	4
15	42	4
17	43	5
18	43	4
19	43	5
20	43	5
21	43	5
22	41	4
21	38	4
21	35	4
21	33	3
21	31	3
21	29	3
21	27	3
20	26	3
20	24	3
20	23	2
20	22	2
20	20	2
20	19	2
20	18	2
20	17	2
20	16	2
20	15	2
20	15	2
-37	45	6
-35	44	5
-32	43	5
-30	43	5
-29	43	5
-27	43	5
-26	43	5
-25	43	5
-23	42	5
-22	43	5
-20	43	5
-19	43	5
-18	43	5
-17	43	5
-16	43	5
-14	42	5
-13	42	5
-12	42	5
-11	42	5
-10	42	5
-9	42	5
-8	42	5
-7	42	5
-6	42	5
-5	42	5
-4	42	5
-3	42	5
-2	42	5
-1	42	5
0	42	5
1	42	5
2	42	5
3	42	5
4	42	5
5	42	5
6	42	5
7	42	5
8	42	5
9	42	5
10	42	5
11	42	5
12	42	5
13	42	5
14	42	5
15	42	5
17	43	5
18	43	5
19	43	5
20	43	5
21	43	5
22	41	5
21	38	5
21	35	4
21	33	4
21	31	4
21	29	4
21	27	3
20	26	3
20	24	3
21	23	3
20	22	3
20	21	3
20	19	2
20	18	2
20	17	2
20	16	2
20	15	2
20	15	2
-7	43	5
-5	42	5
-4	42	5
-3	42	5
-2	42	5
-2	42	5
-1	42	5
0	42	5
2	42	5
3	42	5
3	42	5
5	42	5
5	42	5
7	42	5
8	42	5
8	42	5
10	42	5
11	42	5
12	43	5
13	42	5
14	42	5
15	42	5
16	43	5
17	42	5
18	43	5
20	43	5
21	43	5
22	43	5
21	39	5
21	36	4
21	34	4
21	32	4
21	30	4
21	28	3
21	27	3
21	25	3
20	24	3
20	22	3
20	21	3
20	20	2
20	19	2
20	18	2
20	17	2
20	16	2
20	15	2
-39	45	6
-36	44	6
-33	44	6
-31	43	6
-29	43	6
-28	43	6
-27	42	6
-25	43	6
-24	43	6
-23	43	6
-21	43	6
-20	43	6
-19	43	6
-17	42	6
-16	43	6
-15	42	6
-14	42	6
-13	42	6
-12	42	6
-11	42	6
-10	42	6
-8	42	6
-8	42	6
-7	42	6
-6	42	6
-5	42	6
-4	42	6
-2	42	6
-1	42	6
-1	42	6
0	42	6
1	42	6
2	42	6
4	42	6
4	42	6
5	42	6
6	42	6
7	42	6
8	42	6
9	42	6
10	42	6
12	42	6
12	42	6
14	42	6
15	42	6
16	42	6
17	43	6
18	42	6
19	43	6
20	43	6
21	43	6
22	40	6
21	37	5
21	34	5
21	32	5
21	30	4
21	29	4
21	27	4
20	26	4
20	24	3
20	23	3
20	21	3
20	20	3
20	19	3
20	18	3
20	17	2
20	16	2
20	15	2
20	15	2
-9	43	6
-8	42	6
-7	42	6
-6	42	6
-5	42	6
-4	42	6
-3	42	6
-2	42	6
-1	42	6
0	42	6
1	42	6
2	42	6
3	42	6
4	42	6
5	42	6
6	42	6
7	42	6
8	42	6
9	42	6
10	42	6
11	42	6
12	42	6
13	42	6
14	42	6
15	42	6
17	43	6
18	43	6
19	43	6
20	43	6
21	43	6
22	41	6
21	38	5
21	35	5
21	33	5
21	31	4
21	29	4
21	27	4
21	26	4
21	24	3
20	23	3
20	22	3
20	21	3
20	19	3
20	19	3
20	17	2
20	16	2
20	15	2
20	14	2
-37	45	7
-34	44	7
-32	43	7
-30	43	7
-29	43	7
-27	43	7
-26	43	7
-24	43	7
-23	43	7
-22	42	7
-20	43	7
-19	43	7
-18	42	7
-17	42	7
-16	43	7
-14	43	7
-13	42	7
-12	42	7
-11	42	7
-10	42	7
-9	42	7
-8	42	7
-7	42	7
-6	42	7
-5	42	7
-4	42	7
-3	42	7
-2	42	7
-1	42	7
0	42	7
1	42	7
2	42	7
3	42	7
4	42	7
5	42	7
6	42	7
7	42	7
8	42	7
9	42	7
10	42	7
11	42	7
12	42	7
13	42	7
14	42	7
16	43	7
17	43	7
18	43	7
19	43	7
20	43	7
21	43	7
22	41	7
21	38	6
21	35	6
21	33	5
21	31	5
21	29	5
21	28	4
21	26	4
20	25	4
20	23	4
20	22	3
20	21	3
20	20	3
20	19	3
20	17	3
20	17	3
20	15	2
20	15	2
-7	42	7
-6	42	7
-5	42	7
-4	42	7
-3	42	7
-2	42	7
-1	42	7
0	42	7
1	42	7
2	42	7
3	42	7
4	42	7
5	42	7
6	42	7
7	42	7
8	42	7
9	42	7
10	42	7
11	42	7
12	42	7
13	42	7
15	42	7
16	43	7
17	42	7
18	42	7
19	42	7
20	43	7
22	43	7
22	40	6
21	37	6
21	35	5
21	32	5
21	30	5
21	29	5
21	27	4
21	26	4
20	24	4
20	23	4
20	21	3
20	20	3
20	19	3
20	18	3
20	17	3
20	16	2
20	15	2
20	14	2
