0	0	0
-70	18	11
-69	24	14
-137	64	37
-115	63	36
-98	62	36
-84	61	35
-79	61	35
-76	61	35
-72	60	35
-70	61	35
-67	61	35
-64	61	35
-60	61	35
-58	61	35
-54	60	35
-52	60	35
-49	60	35
-47	60	35
-44	60	34
-42	59	34
-40	59	34
-38	59	34
-36	59	34
-34	59	34
-32	59	34
-30	59	34
-28	58	34
-26	58	34
-24	58	34
-23	58	34
-21	58	33
-19	58	33
-18	58	33
-16	58	33
-14	57	33
-13	57	33
-11	57	33
-10	57	33
-8	57	33
-7	57	33
-5	57	33
-4	57	33
-2	56	33
-1	56	33
1	56	33
2	56	32
4	56	33
5	56	32
6	56	32
8	56	32
9	56	32
11	56	32
12	56	32
13	56	32
15	55	32
16	55	32
18	55	32
19	55	32
21	55	32
22	55	32
24	55	32
25	55	32
27	55	32
29	55	32
30	55	32
32	55	32
34	55	32
36	55	32
37	54	31
39	55	32
41	54	31
43	54	31
45	54	31
47	54	31
49	54	31
51	54	31
53	54	31
55	54	31
58	54	31
60	54	31
63	54	31
66	54	31
68	54	31
71	54	31
74	53	31
77	53	31
81	53	31
84	53	31
93	53	31
94	52	30
94	46	27
-71	19	11
-69	24	14
-112	63	36
-103	63	37
-81	61	35
-77	61	35
-74	60	35
-70	60	35
-68	61	35
-65	61	35
-62	61	35
-59	60	35
-56	60	35
-53	60	35
-51	60	35
-48	60	34
-46	60	34
-43	59	34
-41	59	34
-39	59	34
-37	59	34
-35	59	34
-33	59	34
-31	58	34
-29	58	34
-27	58	34
-25	58	34
-23	58	33
-22	58	33
-20	58	33
-18	58	33
-17	58	33
-15	58	33
-14	57	33
-12	57	33
-10	57	33
-9	57	33
-7	57	33
-6	57	33
-4	57	33
-3	57	33
-1	56	33
0	56	33
1	56	33
3	56	32
4	56	32
6	56	32
7	56	32
9	56	32
10	56	32
11	56	32
13	56	32
14	55	32
16	55	32
17	55	32
19	55	32
20	55	32
22	55	32
23	55	32
25	55	32
27	55	32
28	55	32
30	55	32
31	55	32
33	55	32
35	55	32
37	54	31
38	55	31
40	54	31
42	55	32
44	54	31
46	54	31
48	54	31
50	54	31
52	54	31
55	54	31
57	54	31
60	54	31
62	54	31
65	54	31
68	54	31
70	54	31
74	54	31
77	53	31
80	53	31
84	53	31
81	49	28
93	52	30
94	47	27
96	46	26
-70	20	10
-70	24	12
-69	25	13
-112	65	33
-82	63	32
-77	63	32
-74	63	32
-70	62	32
-69	64	32
-65	63	32
-62	63	32
-59	63	32
-56	63	32
-53	62	32
-51	62	32
-48	62	32
-46	62	32
-43	62	31
-41	62	31
-39	61	31
-37	61	31
-35	61	31
-33	61	31
-31	61	31
-29	61	31
-27	60	31
-25	60	31
-24	60	31
-22	60	31
-20	60	30
-19	60	31
-17	60	30
-15	60	30
-14	60	30
-12	59	30
-10	59	30
-9	59	30
-7	59	30
-6	59	30
-4	59	30
-3	59	30
-1	59	30
0	58	30
1	58	30
3	58	30
4	58	30
6	58	30
7	58	30
9	58	30
10	58	29
12	58	29
13	58	29
14	57	29
16	58	29
17	57	29
19	58	29
20	57	29
22	57	29
23	57	29
25	57	29
27	57	29
28	57	29
30	57	29
32	57	29
33	57	29
35	57	29
37	57	29
39	56	29
40	56	29
43	56	29
44	56	29
46	56	29
49	56	29
51	56	29
53	56	28
55	56	29
58	56	29
60	56	28
63	56	28
65	56	28
68	56	28
71	55	28
74	56	28
77	55	28
81	55	28
84	55	28
94	54	27
94	49	25
94	46	24
-69	20	10
-69	24	12
-141	67	34
-117	66	33
-99	64	33
-85	63	32
-80	63	32
-76	63	32
-72	62	32
-70	63	32
-68	63	32
-64	63	32
-61	63	32
-58	63	32
-55	63	32
-53	62	32
-50	62	32
-47	62	32
-45	62	31
-43	61	31
-40	61	31
-38	61	31
-36	61	31
-34	61	31
-32	61	31
-30	61	31
-28	61	31
-26	60	31
-25	60	31
-23	60	31
-21	60	31
-19	60	31
-18	60	30
-16	60	30
-14	59	30
-13	59	30
-11	59	30
-10	59	30
-8	59	30
-7	59	30
-5	59	30
-4	59	30
-2	59	30
-1	59	30
1	58	30
2	58	30
3	58	30
5	58	30
6	58	30
8	58	30
9	58	29
11	58	29
12	58	29
14	57	29
15	57	29
16	57	29
18	58	29
20	57	29
21	57	29
23	57	29
24	57	29
26	57	29
27	57	29
29	57	29
31	57	29
32	57	29
34	57	29
36	57	29
38	57	29
40	57	29
42	57	29
43	56	29
45	56	29
47	56	29
49	56	29
52	56	29
54	56	28
56	56	28
59	56	29
61	56	28
64	56	28
67	56	28
70	56	28
73	55	28
76	56	28
79	55	28
82	55	28
82	52	27
94	55	28
94	50	26
94	47	24
-69	19	8
-69	25	11
-135	67	30
-114	65	29
-96	64	29
-82	63	28
-78	63	28
-74	63	28
-70	62	28
-69	64	28
-65	63	28
-63	63	28
-59	63	28
-56	63	28
-54	63	28
-51	62	28
-49	62	28
-46	62	28
-44	62	27
-41	62	27
-39	61	27
-37	61	27
-35	61	27
-33	61	27
-31	61	27
-29	61	27
-28	61	27
-26	61	27
-24	60	27
-22	60	27
-21	60	27
-19	60	27
-17	60	27
-16	60	27
-14	60	27
-12	59	26
-11	59	26
-9	59	26
-8	59	26
-6	59	26
-5	59	26
-3	59	26
-2	59	26
-1	58	26
1	59	26
2	58	26
4	58	26
5	58	26
6	58	26
8	58	26
9	58	26
11	58	26
12	58	26
13	58	26
15	58	26
16	58	26
18	57	26
19	58	26
21	57	25
22	57	26
24	57	26
25	57	25
27	57	25
28	57	26
30	57	25
32	57	25
33	57	25
35	57	25
37	57	25
39	56	25
41	57	25
43	57	25
45	57	25
46	56	25
49	56	25
51	56	25
53	56	25
55	56	25
57	56	25
60	56	25
62	56	25
65	56	25
68	56	25
71	56	25
74	56	25
77	55	25
80	55	25
84	55	25
93	56	25
94	54	24
94	48	21
-70	20	9
-70	24	11
-69	26	11
-119	67	30
-99	65	29
-85	64	28
-80	63	28
-77	63	28
-73	63	28
-71	64	28
-68	64	28
-64	63	28
-61	63	28
-58	63	28
-55	63	28
-53	62	28
-50	62	28
-47	62	28
-45	62	27
-43	62	28
-41	61	27
-38	61	27
-36	61	27
-34	61	27
-32	61	27
-30	61	27
-29	61	27
-27	60	27
-25	60	27
-23	60	27
-22	60	27
-20	60	27
-18	60	27
-17	60	27
-15	60	27
-13	59	26
-12	59	26
-10	59	26
-9	59	26
-8	59	26
-6	59	26
-5	59	26
-3	59	26
-2	59	26
0	58	26
1	58	26
3	58	26
4	58	26
6	58	26
7	58	26
8	58	26
10	58	26
11	58	26
13	58	26
14	58	26
15	58	26
17	58	26
18	57	26
20	57	26
21	57	26
23	57	25
24	57	25
26	57	25
27	57	25
29	57	26
31	57	25
32	57	25
34	57	25
36	57	25
38	57	25
40	57	25
41	57	25
43	56	25
45	56	25
47	56	25
49	56	25
51	56	25
54	56	25
56	56	25
58	56	25
61	56	25
64	56	25
66	56	25
69	56	25
72	55	25
75	55	25
79	55	25
82	55	25
82	53	23
94	55	25
94	47	21
-71	19	7
-70	23	9
-69	25	10
-143	66	26
-117	64	25
-98	63	24
-84	62	24
-80	62	24
-76	61	23
-72	61	23
-70	62	24
-67	62	24
-63	62	24
-60	61	24
-57	61	24
-55	61	23
-52	61	23
-47	61	23
-40	60	23
-37	61	23
-34	59	23
-32	59	23
-30	59	23
-29	59	23
-27	59	23
-25	59	22
-23	59	23
-22	58	22
-20	58	22
-18	58	22
-17	58	22
-15	58	22
-14	58	22
-12	58	22
-11	58	22
-9	58	22
-8	57	22
-7	57	22
-5	57	22
-4	57	22
-3	57	22
-1	57	22
0	57	22
2	57	22
3	57	22
4	57	22
6	57	22
7	57	22
8	57	22
10	56	22
11	57	22
12	56	22
14	56	22
15	56	22
16	56	22
18	56	21
19	56	22
21	56	22
22	56	21
24	56	21
25	56	21
26	55	21
28	56	21
30	55	21
31	55	21
33	55	21
35	56	21
36	55	21
38	55	21
40	55	21
42	55	21
44	55	21
46	55	21
48	55	21
50	55	21
52	54	21
54	55	21
57	54	21
59	54	21
61	54	21
64	54	21
67	54	21
70	54	21
73	54	21
76	54	21
79	54	21
83	54	21
93	53	20
94	48	18
94	45	17
-71	20	8
-69	24	9
-137	65	25
-114	64	25
-97	63	24
-82	62	24
-78	62	24
-74	61	23
-70	61	23
-68	62	24
-65	62	24
-62	62	24
-59	61	24
-56	61	23
-53	61	23
-51	61	23
-49	62	24
-42	61	23
-39	59	23
-35	59	23
-33	60	23
-32	59	23
-30	59	23
-28	59	23
-26	59	23
-24	59	23
-23	58	22
-21	58	22
-19	58	22
-18	58	22
-16	58	22
-15	58	22
-13	58	22
-12	58	22
-10	58	22
-9	58	22
-7	58	22
-6	57	22
-5	57	22
-3	57	22
-2	57	22
0	57	22
1	57	22
2	57	22
4	57	22
5	57	22
6	57	22
7	57	22
9	57	22
10	56	22
12	56	22
13	56	22
14	56	22
16	56	22
17	56	22
19	56	21
20	56	21
21	56	21
23	56	21
24	56	21
26	56	21
27	56	21
29	55	21
30	55	21
32	55	21
34	55	21
35	55	21
37	55	21
39	55	21
41	55	21
43	55	21
45	55	21
47	55	21
49	55	21
51	55	21
53	54	21
55	54	21
57	54	21
60	54	21
62	54	21
65	54	21
68	54	21
71	54	21
74	54	21
77	54	21
81	54	21
84	54	21
93	54	21
94	52	20
93	46	18
-70	19	6
-69	23	8
-69	25	8
-139	65	21
-116	64	21
-98	63	20
-83	61	20
-79	61	20
-74	61	20
-71	61	20
-69	62	20
-66	61	20
-63	61	20
-59	61	20
-57	61	20
-54	61	20
-51	60	20
-47	58	19
-44	58	19
-42	58	19
-40	58	19
-38	57	19
-36	59	19
-34	59	19
-32	59	19
-30	59	19
-28	59	19
-26	58	19
-25	59	19
-23	58	19
-21	58	19
-20	58	19
-18	58	19
-17	58	19
-15	58	19
-14	58	19
-13	58	19
-11	58	19
-10	57	19
-8	57	19
-7	57	19
-5	57	19
-4	57	18
-3	57	18
-2	57	18
0	57	18
1	57	18
3	57	18
4	56	18
5	56	18
7	56	18
8	56	18
9	56	18
10	56	18
11	56	18
13	56	18
14	56	18
16	56	18
17	56	18
18	56	18
20	56	18
21	56	18
23	56	18
24	55	18
25	55	18
27	55	18
29	55	18
30	55	18
32	55	18
33	55	18
35	55	18
37	55	18
38	55	18
40	55	18
42	55	18
44	54	18
46	54	18
48	55	18
50	54	18
52	54	18
54	54	18
56	54	18
58	54	17
61	54	18
64	54	18
67	54	17
70	54	18
73	54	17
76	54	17
79	54	17
83	54	17
80	47	15
94	52	17
94	48	15
94	45	15
-69	18	6
-287	73	24
-197	60	19
-70	24	8
-99	63	20
-85	62	20
-80	61	20
-76	61	20
-72	61	20
-70	62	20
-67	62	20
-64	61	20
-61	61	20
-58	61	20
-55	61	20
-52	60	20
-48	58	19
-45	58	19
-43	58	19
-41	58	19
-39	58	19
-37	57	19
-37	60	20
-34	59	19
-32	59	19
-31	59	19
-29	59	19
-27	59	19
-25	58	19
-24	58	19
-22	58	19
-21	58	19
-19	58	19
-17	58	19
-16	58	19
-15	58	19
-13	57	19
-12	58	19
-10	57	19
-9	57	19
-7	57	19
-6	57	19
-5	57	18
-3	57	18
-2	57	18
-1	57	18
1	56	18
2	57	18
3	57	18
5	56	18
6	56	18
7	56	18
9	56	18
10	56	18
11	56	18
12	56	18
14	56	18
15	56	18
17	56	18
18	56	18
19	56	18
21	56	18
22	56	18
24	56	18
25	55	18
27	55	18
28	55	18
30	55	18
31	55	18
33	55	18
35	55	18
36	55	18
38	55	18
40	55	18
41	55	18
43	55	18
45	55	18
47	55	18
49	54	18
51	54	18
54	54	18
56	54	18
58	54	18
61	54	18
63	54	17
66	54	17
69	54	18
72	54	17
75	54	17
79	54	17
82	54	17
81	48	15
93	53	17
94	48	16
93	45	15
-70	19	5
-69	23	6
-138	64	17
-114	63	17
-86	61	16
-82	61	16
-77	60	16
-73	60	16
-70	60	16
-68	61	16
-65	61	16
-61	61	16
-58	60	16
-56	60	16
-53	59	16
-50	59	16
-40	59	16
-37	59	16
-35	58	16
-33	58	16
-31	58	16
-30	58	16
-28	58	15
-26	58	15
-24	57	15
-23	57	15
-21	57	15
-20	57	15
-18	57	15
-17	57	15
-15	57	15
-14	57	15
-12	57	15
-11	57	15
-10	56	15
-8	56	15
-7	56	15
-6	56	15
-4	56	15
-3	56	15
-2	56	15
0	56	15
1	56	15
2	56	15
4	56	15
5	56	15
6	55	15
7	55	15
8	55	15
10	55	15
11	55	15
12	55	15
14	55	15
15	55	15
16	55	15
18	55	15
19	55	15
20	55	15
22	55	15
23	55	15
25	55	15
26	55	15
28	54	15
29	54	15
31	54	15
32	54	15
34	54	14
35	54	14
37	54	15
39	54	15
41	54	14
43	54	14
44	54	14
46	54	14
48	54	14
51	54	14
52	53	14
55	54	14
57	53	14
60	53	14
62	53	14
64	53	14
67	53	14
70	53	14
74	53	14
77	53	14
80	53	14
84	53	14
93	53	14
94	51	14
93	45	12
-70	19	5
-69	24	6
-70	29	8
-114	63	17
-100	62	17
-85	61	16
-81	61	16
-76	60	16
-72	60	16
-70	61	16
-67	61	16
-64	60	16
-61	60	16
-58	60	16
-55	60	16
-52	60	16
-50	60	16
-39	59	16
-36	58	16
-35	58	16
-33	58	16
-31	58	16
-29	58	16
-27	58	15
-26	58	15
-24	58	15
-22	57	15
-21	57	15
-19	57	15
-18	57	15
-16	57	15
-15	57	15
-13	57	15
-12	57	15
-11	57	15
-9	56	15
-8	56	15
-7	56	15
-5	56	15
-4	56	15
-3	56	15
-1	56	15
0	56	15
1	56	15
2	56	15
4	56	15
5	55	15
6	55	15
8	55	15
9	55	15
10	55	15
11	55	15
13	55	15
14	55	15
15	55	15
17	55	15
18	55	15
19	55	15
21	55	15
22	55	15
24	54	15
25	55	15
26	54	15
28	54	15
29	54	15
31	54	14
32	54	15
34	54	15
36	54	14
37	54	14
39	54	14
41	54	14
43	54	14
45	54	14
47	53	14
49	53	14
51	54	14
53	54	14
55	53	14
58	53	14
60	53	14
63	53	14
65	53	14
68	53	14
71	53	14
74	53	14
78	53	14
81	53	14
84	52	14
93	53	14
93	45	12
-69	17	4
-70	23	5
-70	24	5
-140	64	14
-116	62	13
-49	30	6
-47	30	6
-78	60	13
-74	59	13
-70	59	13
-68	60	13
-65	60	13
-62	60	13
-59	60	13
-56	59	13
-53	59	13
-50	59	12
-39	57	12
-38	59	12
-35	58	12
-33	58	12
-31	57	12
-29	57	12
-28	57	12
-26	57	12
-25	57	12
-23	57	12
-22	57	12
-20	57	12
-18	56	12
-17	56	12
-16	56	12
-14	56	12
-13	56	12
-11	56	12
-10	56	12
-9	56	12
-8	56	12
-6	56	12
-5	55	12
-4	55	12
-2	55	12
-1	55	12
0	55	12
2	55	12
3	55	12
4	55	12
5	55	12
7	55	12
8	55	12
9	55	12
10	55	12
11	55	12
13	55	12
14	54	12
15	54	12
17	54	12
18	54	12
19	54	11
21	54	11
22	54	12
23	54	11
25	54	11
26	54	11
28	54	11
29	54	11
31	54	11
32	53	11
34	54	11
36	53	11
37	53	11
39	53	11
40	53	11
42	53	11
44	53	11
46	53	11
48	53	11
50	53	11
53	53	11
55	53	11
57	53	11
59	52	11
65	53	11
68	53	11
70	52	11
74	52	11
77	52	11
80	52	11
84	52	11
93	52	11
94	50	11
93	45	9
94	40	9
-65	16	3
-71	19	4
-70	23	5
-122	64	14
-47	29	6
-79	60	13
-76	60	13
-72	59	13
-70	60	13
-66	60	13
-63	60	13
-60	60	13
-57	59	13
-54	59	13
-51	59	12
-39	57	12
-36	58	12
-34	58	12
-32	58	12
-30	57	12
-29	57	12
-27	57	12
-25	57	12
-24	57	12
-22	57	12
-21	57	12
-19	57	12
-17	56	12
-16	56	12
-15	56	12
-13	56	12
-12	56	12
-11	56	12
-9	56	12
-8	56	12
-6	56	12
-5	55	12
-4	55	12
-3	55	12
-1	55	12
0	55	12
1	55	12
2	55	12
4	55	12
5	55	12
6	55	12
7	55	12
9	55	12
10	55	12
11	55	12
12	54	12
14	54	12
15	54	12
16	54	12
18	54	12
19	54	11
20	54	11
22	54	11
23	54	11
24	54	11
26	54	11
27	54	11
29	54	11
30	54	11
32	54	11
33	54	11
35	53	11
37	53	11
38	53	11
40	53	11
42	53	11
44	53	11
46	53	11
47	53	11
50	53	11
52	53	11
54	53	11
56	53	11
59	53	11
61	53	11
44	35	8
73	52	11
76	52	11
79	52	11
83	52	11
81	48	10
93	50	11
94	46	10
-70	18	3
-70	23	4
-70	28	4
-49	29	5
-47	29	5
-46	30	5
-46	31	5
-79	59	9
-76	59	9
-71	58	9
-70	60	9
-66	59	9
-63	59	9
-60	59	9
-57	58	9
-54	58	9
-51	58	9
-49	59	9
-45	56	9
-38	57	9
-36	57	9
-34	57	9
-32	57	9
-30	57	9
-29	57	9
-27	56	9
-26	56	9
-24	56	9
-22	56	9
-21	56	9
-19	56	9
-18	56	9
-16	56	9
-15	55	9
-14	55	9
-12	55	9
-11	55	9
-10	55	9
-8	55	9
-7	55	9
-6	55	9
-5	55	9
-3	55	9
-2	55	9
-1	55	9
0	54	9
2	54	9
3	54	9
4	54	9
5	54	9
7	54	9
8	54	9
9	54	9
10	54	9
11	54	9
13	54	9
14	54	8
15	54	9
16	54	8
18	53	8
19	53	8
20	53	8
22	53	8
23	53	8
24	53	8
26	53	8
27	53	8
29	53	8
30	53	8
32	53	8
33	53	8
35	53	8
37	53	8
38	53	8
40	52	8
42	52	8
43	52	8
46	52	8
48	52	8
49	52	8
44	44	7
43	41	6
41	37	6
40	35	6
43	36	6
69	52	8
72	52	8
76	52	8
79	51	8
83	51	8
81	48	8
93	50	8
94	45	7
94	37	6
-70	18	3
-70	23	4
-118	62	10
-50	29	5
-47	29	5
-46	30	5
-47	32	5
-79	59	9
-75	59	9
-71	59	9
-70	60	10
-66	59	9
-62	59	9
-59	59	9
-56	59	9
-53	58	9
-51	58	9
-49	58	9
-41	54	8
-40	58	9
-38	57	9
-36	57	9
-34	57	9
-32	57	9
-30	57	9
-28	56	9
-27	56	9
-25	56	9
-23	56	9
-22	56	9
-21	56	9
-19	56	9
-18	56	9
-16	56	9
-15	55	9
-13	56	9
-12	55	9
-11	55	9
-9	55	9
-8	55	9
-7	55	9
-6	55	9
-4	55	9
-3	55	9
-2	55	9
0	55	9
1	54	9
2	54	9
3	54	9
4	54	9
6	54	9
7	54	9
8	54	9
9	54	9
10	54	9
12	54	9
13	54	9
14	54	8
16	54	8
17	54	8
18	53	8
19	53	8
21	53	8
22	53	8
24	53	8
25	53	8
26	53	8
28	53	8
29	53	8
31	53	8
32	53	8
34	53	8
35	53	8
37	52	8
39	52	8
40	52	8
42	52	8
44	53	8
46	52	8
48	52	8
44	46	7
43	43	7
42	39	6
41	37	6
41	35	6
43	35	6
70	52	8
74	52	8
77	52	8
80	52	8
84	51	8
93	51	8
94	49	8
93	44	7
94	39	6
-108	21	2
-71	18	2
-71	23	2
-69	28	3
-69	29	3
-50	29	3
-47	29	3
-46	29	3
-46	31	3
-70	60	6
-66	59	6
-63	59	6
-60	59	6
-57	58	6
-54	58	6
-52	58	6
-50	58	6
-36	57	6
-34	57	6
-32	57	6
-31	56	6
-29	56	6
-27	56	6
-26	56	6
-24	56	6
-23	56	6
-21	56	6
-19	56	6
-18	56	6
-16	55	6
-15	55	6
-14	55	6
-12	55	6
-11	55	6
-10	55	6
-9	55	6
-7	55	6
-6	55	6
-5	55	6
-4	55	6
-2	54	6
-1	54	6
0	54	6
1	54	6
3	54	6
4	54	6
5	54	6
6	54	6
7	54	6
8	54	6
10	53	6
11	54	6
12	53	6
13	54	6
15	53	6
16	53	6
17	53	6
18	53	6
20	53	6
21	53	6
22	53	6
24	53	6
25	53	6
26	53	6
28	53	6
29	53	6
31	53	6
32	53	6
34	52	6
35	53	6
37	52	6
39	52	5
40	52	5
42	52	5
44	52	5
46	52	5
41	44	5
41	42	4
42	41	4
40	37	4
44	36	4
70	51	5
73	51	5
76	51	5
80	51	5
84	51	5
92	51	5
94	49	5
83	41	4
94	44	5
94	39	4
94	36	4
-101	21	2
-71	24	2
-138	61	6
-49	29	3
-46	29	3
-46	30	3
-47	32	3
-71	59	6
-68	59	6
-65	59	6
-62	59	6
-59	59	6
-56	58	6
-53	58	6
-50	58	6
-41	54	6
-36	56	6
-35	57	6
-33	57	6
-32	56	6
-30	56	6
-28	56	6
-26	56	6
-25	56	6
-23	56	6
-22	56	6
-20	56	6
-19	55	6
-17	56	6
-16	55	6
-14	55	6
-13	55	6
-12	55	6
-10	55	6
-9	55	6
-8	55	6
-7	55	6
-5	55	6
-4	55	6
-3	55	6
-2	54	6
0	54	6
1	54	6
2	54	6
3	54	6
5	54	6
6	54	6
7	54	6
8	54	6
9	54	6
10	54	6
12	53	6
13	54	6
14	54	6
15	53	6
17	53	6
18	53	6
19	53	6
20	53	6
22	53	6
23	53	6
25	53	6
26	53	6
27	53	6
29	53	6
30	52	6
32	53	6
33	52	6
35	52	6
37	53	6
38	52	6
40	52	5
42	52	5
43	52	5
46	52	5
41	44	5
41	42	4
42	41	4
40	37	4
44	36	4
70	51	5
73	51	5
76	51	5
80	51	5
83	51	5
93	52	5
94	49	5
93	44	5
94	39	4
94	37	4
-106	16	1
-104	18	1
-102	20	1
-70	18	1
-70	23	1
-70	28	1
-69	33	2
-85	60	3
-80	60	3
-76	59	3
-72	59	3
-69	59	3
-65	58	3
-62	58	3
-59	58	3
-56	58	3
-53	57	3
-51	58	3
-43	54	3
-35	56	3
-33	56	3
-32	56	3
-30	55	3
-28	56	3
-27	55	3
-25	55	3
-24	55	3
-22	55	3
-21	55	3
-19	55	3
-18	55	3
-16	55	3
-15	55	3
-14	55	3
-12	54	3
-11	54	3
-10	54	3
-8	54	3
-7	54	3
-6	54	3
-5	54	3
-3	54	3
-2	54	3
-1	54	3
0	54	3
2	53	3
3	53	3
4	53	3
5	53	3
6	53	3
7	53	3
9	53	3
10	53	3
11	53	3
12	53	3
13	53	3
14	53	3
16	53	3
17	53	3
18	53	3
20	52	3
21	52	3
22	52	3
24	52	3
25	52	3
26	52	3
28	52	3
29	52	3
31	52	3
32	52	3
34	52	3
35	52	3
37	52	3
38	52	3
40	52	3
42	51	3
41	48	2
40	44	2
38	40	2
38	39	2
39	37	2
38	35	2
39	34	2
41	35	2
44	36	2
45	34	2
73	51	3
76	50	3
80	51	3
83	50	3
83	48	3
92	50	3
94	49	3
84	41	2
93	43	2
94	38	2
93	36	2
-106	16	1
-103	19	1
-103	21	1
-69	23	1
-68	28	1
-118	62	3
-83	60	3
-79	60	3
-74	59	3
-71	59	3
-67	59	3
-64	58	3
-61	58	3
-57	58	3
-55	58	3
-52	58	3
-50	58	3
-37	57	3
-35	56	3
-33	56	3
-31	56	3
-29	56	3
-28	56	3
-26	55	3
-24	55	3
-23	55	3
-21	55	3
-20	55	3
-19	55	3
-17	55	3
-16	55	3
-14	54	3
-13	54	3
-12	54	3
-10	54	3
-9	54	3
-8	54	3
-6	54	3
-5	54	3
-4	54	3
-3	54	3
-2	54	3
-1	54	3
1	53	3
2	53	3
3	53	3
4	53	3
6	53	3
7	53	3
8	53	3
9	53	3
10	53	3
12	53	3
13	53	3
14	53	3
15	53	3
16	53	3
18	53	3
19	52	3
20	52	3
21	52	3
23	52	3
24	52	3
26	52	3
27	52	3
28	52	3
30	52	3
31	52	3
33	52	3
34	52	3
36	52	3
38	52	3
39	52	3
41	51	3
43	51	3
39	45	2
39	43	2
39	40	2
39	38	2
39	36	2
38	34	2
41	36	2
42	35	2
45	35	2
46	34	2
75	51	3
78	51	3
82	50	3
93	50	3
94	45	2
94	42	2
93	37	2
-105	15	0
-102	17	0
-102	20	0
-102	29	0
-70	22	0
-85	60	0
-80	59	0
-76	59	0
-72	59	0
-69	58	0
-65	58	0
-62	58	0
-59	58	0
-30	32	0
-29	32	0
-27	33	0
-26	33	0
-26	33	0
-25	34	0
-24	34	0
-23	34	0
-22	35	0
-21	35	0
-20	35	0
-19	36	0
-27	55	0
-25	55	0
-24	55	0
-22	55	0
-21	55	0
-19	55	0
-18	54	0
-16	54	0
-15	54	0
-14	54	0
-12	54	0
-11	54	0
-10	54	0
-8	54	0
-7	54	0
-6	54	0
-5	54	0
-4	53	0
-2	53	0
-1	53	0
0	53	0
1	53	0
2	53	0
3	53	0
5	53	0
6	53	0
7	53	0
8	53	0
10	53	0
11	52	0
12	52	0
13	52	0
14	52	0
16	52	0
17	52	0
18	52	0
19	52	0
20	52	0
22	52	0
23	52	0
24	52	0
26	52	0
27	52	0
29	52	0
30	52	0
32	52	0
33	52	0
35	51	0
36	51	0
38	51	0
40	51	0
41	51	0
43	51	0
40	45	0
39	42	0
38	39	0
38	37	0
38	35	0
38	34	0
41	35	0
42	34	0
44	34	0
45	34	0
75	50	0
79	50	0
82	50	0
94	49	0
94	44	0
93	36	0
-106	14	0
-104	16	0
-101	18	0
-102	21	0
-71	17	0
-72	22	0
-69	23	0
-68	28	0
-82	59	0
-78	59	0
-74	59	0
-70	58	0
-66	58	0
-63	58	0
-60	58	0
-30	32	0
-29	32	0
-28	33	0
-27	33	0
-26	33	0
-25	34	0
-24	34	0
-23	34	0
-22	34	0
-21	35	0
-20	35	0
-19	35	0
-25	55	0
-24	55	0
-22	55	0
-21	55	0
-20	55	0
-18	55	0
-17	54	0
-15	54	0
-14	54	0
-13	54	0
-11	54	0
-10	54	0
-9	54	0
-7	54	0
-6	54	0
-5	53	0
-4	53	0
-3	53	0
-1	53	0
0	53	0
1	53	0
2	53	0
3	53	0
5	53	0
6	53	0
7	53	0
8	53	0
9	53	0
11	53	0
12	53	0
13	52	0
14	52	0
15	52	0
17	52	0
18	52	0
19	52	0
20	52	0
22	52	0
23	52	0
24	52	0
26	52	0
27	52	0
29	52	0
30	52	0
32	52	0
33	51	0
35	52	0
36	52	0
38	51	0
40	51	0
41	51	0
43	51	0
40	45	0
39	42	0
38	38	0
38	37	0
38	35	0
38	34	0
41	35	0
42	34	0
44	34	0
45	34	0
75	50	0
79	50	0
82	50	0
94	49	0
95	44	0
93	36	0
-108	13	-1
-103	15	-1
-101	17	-1
-102	20	-1
-66	15	-1
-99	28	-1
-70	23	-1
-147	63	-3
-79	59	-3
-75	58	-3
-71	58	-3
-68	58	-3
-64	58	-3
-61	57	-3
-29	32	-2
-28	32	-2
-27	32	-2
-26	33	-2
-25	33	-2
-24	34	-2
-23	34	-2
-22	34	-2
-22	34	-2
-21	35	-2
-20	35	-2
-26	55	-3
-25	55	-3
-23	54	-3
-22	54	-3
-20	54	-3
-19	54	-3
-17	54	-3
-16	54	-3
-15	54	-3
-13	54	-3
-12	54	-3
-11	53	-3
-9	53	-3
-8	53	-3
-7	53	-3
-6	53	-3
-5	53	-3
-3	53	-3
-2	53	-3
-1	53	-3
0	53	-3
1	53	-3
3	52	-3
4	52	-3
5	52	-3
6	52	-3
7	52	-3
9	52	-3
10	52	-3
11	52	-3
12	52	-3
13	52	-3
14	52	-3
16	52	-3
17	52	-3
18	52	-3
19	52	-3
21	52	-3
22	52	-3
23	52	-3
25	51	-3
26	52	-3
27	51	-3
29	51	-3
30	51	-3
32	51	-3
34	52	-3
35	51	-3
36	51	-3
38	51	-3
40	51	-3
42	51	-3
43	51	-3
39	43	-2
38	39	-2
38	38	-2
38	36	-2
38	35	-2
39	34	-2
39	33	-2
41	33	-2
44	33	-2
45	34	-2
75	50	-3
79	50	-3
82	50	-3
94	49	-3
94	43	-2
93	35	-2
-108	13	-1
-103	15	-1
-101	17	-1
-102	20	-1
-66	15	-1
-99	29	-1
-70	23	-1
-68	27	-1
-84	60	-3
-79	59	-3
-75	59	-3
-71	58	-3
-67	58	-3
-64	58	-3
-61	58	-3
-31	32	-2
-29	32	-2
-28	32	-2
-27	33	-2
-26	33	-2
-25	33	-2
-24	34	-2
-23	34	-2
-22	34	-2
-21	34	-2
-20	35	-2
-20	35	-2
-26	55	-3
-25	55	-3
-23	54	-3
-21	54	-3
-20	54	-3
-19	54	-3
-17	54	-3
-16	54	-3
-14	54	-3
-13	54	-3
-12	54	-3
-11	54	-3
-9	54	-3
-8	53	-3
-7	53	-3
-5	53	-3
-4	53	-3
-3	53	-3
-2	53	-3
-1	53	-3
1	53	-3
2	53	-3
3	52	-3
4	52	-3
5	52	-3
6	52	-3
8	52	-3
9	52	-3
10	52	-3
11	52	-3
12	52	-3
14	52	-3
15	52	-3
16	52	-3
17	52	-3
19	52	-3
20	52	-3
21	52	-3
23	52	-3
24	52	-3
25	51	-3
27	51	-3
28	51	-3
29	51	-3
31	51	-3
32	51	-3
34	51	-3
36	51	-3
37	51	-3
39	51	-3
41	51	-3
42	51	-3
40	46	-2
39	42	-2
37	38	-2
37	37	-2
38	36	-2
38	34	-2
39	33	-2
40	33	-2
42	33	-2
45	33	-2
46	33	-2
77	49	-3
81	50	-3
84	49	-3
93	49	-3
94	45	-2
93	42	-2
93	37	-2
80	29	-2
80	27	-1
-107	12	-1
-101	14	-1
-100	16	-2
-101	18	-2
-101	21	-2
-70	17	-2
-70	22	-2
-100	42	-4
-69	32	-3
-48	30	-3
-77	58	-6
-73	58	-6
-69	58	-6
-65	57	-6
-62	57	-6
-59	57	-6
-29	31	-3
-29	32	-3
-28	32	-3
-26	32	-3
-25	33	-3
-25	33	-3
-24	33	-4
-23	34	-4
-22	34	-4
-21	34	-4
-20	34	-4
-19	35	-4
-27	54	-6
-25	54	-6
-24	54	-6
-22	54	-6
-21	54	-6
-19	54	-6
-18	54	-6
-16	54	-6
-15	53	-6
-14	53	-6
-13	53	-6
-11	53	-6
-10	53	-6
-9	53	-6
-7	53	-6
-6	53	-6
-5	53	-6
-4	53	-6
-3	53	-6
-1	53	-6
0	52	-5
1	52	-5
2	52	-5
3	52	-5
4	52	-5
6	52	-5
7	52	-5
8	52	-5
9	52	-5
9	42	-4
9	36	-4
9	34	-4
10	34	-4
11	34	-4
12	34	-4
12	34	-4
13	34	-4
14	34	-4
15	34	-4
16	34	-4
17	34	-4
18	34	-4
30	51	-5
31	51	-5
32	51	-5
34	50	-5
36	51	-5
37	50	-5
39	50	-5
41	50	-5
42	50	-5
38	43	-5
37	39	-4
37	37	-4
37	36	-4
38	35	-4
39	34	-4
39	33	-4
40	32	-3
41	32	-3
43	32	-3
45	32	-3
77	49	-5
81	49	-5
84	49	-5
93	49	-5
93	41	-4
94	37	-4
93	34	-4
-105	13	-1
-101	15	-2
-101	17	-2
-101	19	-2
-97	28	-3
-70	22	-2
-46	28	-3
-45	29	-3
-79	58	-6
-75	58	-6
-71	58	-6
-68	58	-6
-64	57	-6
-61	57	-6
-31	32	-3
-29	31	-3
-28	32	-3
-27	32	-3
-26	33	-3
-25	33	-3
-24	33	-3
-23	33	-4
-22	34	-4
-21	34	-4
-20	34	-4
-20	34	-4
-26	54	-6
-24	54	-6
-23	54	-6
-20	54	-6
-19	54	-6
-17	54	-6
-16	54	-6
-14	53	-6
-13	53	-6
-12	53	-6
-10	53	-6
-9	53	-6
-8	53	-6
-7	53	-6
-6	53	-6
-4	53	-6
-3	53	-6
-2	53	-6
-1	52	-5
0	52	-5
2	52	-5
3	52	-5
4	52	-5
5	52	-5
6	52	-5
7	52	-5
8	52	-5
10	52	-5
9	39	-4
9	35	-4
10	34	-4
11	34	-4
11	34	-4
12	34	-4
13	34	-4
14	34	-4
15	34	-4
16	34	-4
16	34	-4
17	34	-4
18	34	-4
30	51	-5
32	51	-5
33	51	-5
35	51	-5
37	51	-5
38	50	-5
40	50	-5
42	50	-5
39	45	-5
37	40	-4
37	38	-4
37	37	-4
38	36	-4
39	34	-4
39	34	-4
40	33	-3
41	32	-3
42	31	-3
44	32	-3
76	49	-5
79	49	-5
83	49	-5
81	45	-5
92	49	-5
94	48	-5
93	42	-4
94	38	-4
93	35	-4
93	30	-3
93	27	-3
-101	13	-2
-100	15	-2
-100	17	-3
-100	20	-3
-72	16	-3
-99	36	-6
-49	30	-5
-82	58	-9
-78	58	-9
-74	58	-9
-70	57	-9
-66	57	-9
-63	57	-9
-60	56	-9
-30	31	-5
-29	31	-5
-28	32	-5
-27	32	-5
-26	32	-5
-25	33	-5
-24	33	-5
-23	33	-5
-22	34	-5
-21	34	-5
-20	34	-5
-19	34	-5
-26	54	-9
-24	54	-9
-23	53	-8
-21	53	-8
-20	53	-8
-18	53	-8
-17	53	-8
-15	53	-8
-14	53	-8
-13	53	-8
-11	53	-8
-10	53	-8
-9	53	-8
-8	53	-8
-6	52	-8
-5	52	-8
-4	52	-8
-3	52	-8
-1	52	-8
0	52	-8
1	52	-8
2	51	-8
3	52	-8
4	51	-8
5	51	-8
7	51	-8
8	51	-8
9	51	-8
10	52	-8
9	37	-6
9	34	-5
10	34	-5
11	34	-5
11	34	-5
12	33	-5
13	33	-5
14	33	-5
15	33	-5
16	33	-5
17	33	-5
17	34	-5
19	34	-5
31	50	-8
32	50	-8
34	50	-8
35	50	-8
37	50	-8
38	50	-8
41	50	-8
42	50	-8
38	42	-7
36	39	-6
36	37	-6
37	36	-6
38	35	-5
38	34	-5
39	33	-5
39	32	-5
41	31	-5
42	31	-5
44	31	-5
77	49	-8
80	49	-8
84	48	-8
93	48	-8
94	47	-7
93	41	-7
93	34	-5
93	27	-4
-102	13	-2
-101	15	-2
-100	17	-3
-100	19	-3
-96	25	-4
-71	21	-3
-71	23	-4
-69	27	-4
-46	28	-4
-83	59	-9
-74	58	-9
-70	57	-9
-67	57	-9
-63	57	-9
-60	57	-9
-30	31	-5
-29	31	-5
-28	32	-5
-27	32	-5
-26	32	-5
-25	33	-5
-24	33	-5
-23	33	-5
-22	34	-5
-21	34	-5
-20	34	-5
-19	34	-5
-26	54	-9
-24	54	-8
-23	53	-8
-21	53	-8
-20	54	-8
-18	54	-8
-17	53	-8
-15	53	-8
-14	53	-8
-13	53	-8
-11	53	-8
-10	53	-8
-9	53	-8
-8	53	-8
-6	52	-8
-5	52	-8
-4	52	-8
-3	52	-8
-2	52	-8
-1	52	-8
1	52	-8
2	51	-8
3	51	-8
4	51	-8
5	51	-8
7	51	-8
8	51	-8
9	51	-8
10	52	-8
9	37	-6
9	34	-5
10	34	-5
11	34	-5
11	34	-5
12	33	-5
13	33	-5
14	33	-5
15	33	-5
16	33	-5
17	33	-5
18	34	-5
31	50	-8
32	50	-8
34	50	-8
35	50	-8
37	50	-8
39	50	-8
41	50	-8
42	50	-8
38	42	-7
37	39	-6
36	37	-6
37	35	-6
38	35	-5
38	34	-5
39	32	-5
40	32	-5
41	31	-5
42	31	-5
45	31	-5
77	49	-8
81	49	-8
83	48	-8
93	49	-8
93	41	-6
94	36	-6
93	34	-5
82	27	-4
93	29	-5
-109	7	-2
-103	9	-2
-100	14	-3
-100	16	-3
-99	18	-4
-93	26	-5
-70	22	-5
-100	42	-9
-45	28	-6
-81	58	-12
-77	57	-12
-73	57	-12
-69	57	-12
-65	57	-12
-62	56	-12
-29	31	-7
-28	31	-7
-27	32	-7
-26	32	-7
-25	32	-7
-25	33	-7
-24	33	-7
-23	33	-7
-22	33	-7
-21	33	-7
-20	34	-7
-19	34	-7
-27	54	-11
-25	53	-11
-24	53	-11
-22	53	-11
-20	53	-11
-19	53	-11
-18	53	-11
-16	53	-11
-15	53	-11
-14	53	-11
-13	52	-11
-11	52	-11
-10	52	-11
-9	52	-11
-7	52	-11
-6	52	-11
-5	52	-11
-4	52	-11
-2	52	-11
-1	52	-11
0	52	-11
1	51	-11
2	51	-11
4	51	-11
5	51	-11
6	51	-11
7	51	-11
8	51	-11
9	51	-11
9	41	-9
9	35	-8
9	34	-7
10	33	-7
11	33	-7
12	33	-7
12	33	-7
13	33	-7
14	33	-7
15	33	-7
16	33	-7
17	33	-7
18	33	-7
30	50	-11
31	50	-11
33	50	-11
34	50	-11
36	50	-11
37	50	-11
39	50	-11
41	49	-11
43	49	-10
37	40	-9
36	38	-8
37	36	-8
37	35	-7
37	34	-7
38	33	-7
38	32	-7
39	31	-7
41	31	-7
43	31	-7
74	48	-10
77	48	-10
81	48	-10
81	46	-10
94	48	-10
74	33	-7
73	31	-7
75	30	-6
75	28	-6
74	26	-6
81	23	-5
80	21	-4
-109	7	-2
-103	9	-2
-100	14	-3
-100	16	-3
-99	18	-4
-93	26	-5
-70	22	-5
-69	26	-6
-68	31	-7
-45	28	-6
-80	58	-12
-76	57	-12
-72	57	-12
-68	57	-12
-65	57	-12
-62	56	-12
-29	31	-7
-28	31	-7
-27	32	-7
-26	32	-7
-25	32	-7
-24	33	-7
-23	33	-7
-22	33	-7
-21	33	-7
-20	34	-7
-20	34	-7
-26	53	-11
-25	53	-11
-23	53	-11
-22	53	-11
-20	53	-11
-19	53	-11
-17	53	-11
-16	53	-11
-15	53	-11
-13	53	-11
-12	52	-11
-11	52	-11
-10	52	-11
-8	52	-11
-7	52	-11
-6	52	-11
-4	52	-11
-3	52	-11
-2	52	-11
-1	52	-11
0	51	-11
2	51	-11
3	51	-11
4	51	-11
5	51	-11
6	51	-11
7	51	-11
8	51	-11
10	51	-11
9	39	-8
9	35	-7
9	33	-7
10	33	-7
11	33	-7
12	33	-7
13	33	-7
14	33	-7
15	33	-7
15	33	-7
16	33	-7
17	33	-7
18	33	-7
30	50	-11
32	50	-11
33	50	-11
35	50	-11
36	50	-11
38	50	-11
40	50	-11
42	50	-11
38	43	-9
37	39	-8
36	37	-8
36	36	-8
37	35	-7
37	33	-7
38	32	-7
39	32	-7
40	31	-7
41	31	-7
43	31	-7
75	48	-10
79	48	-10
82	48	-10
82	46	-10
94	47	-10
73	32	-7
74	30	-6
74	29	-6
74	27	-6
74	25	-5
93	27	-6
-110	7	-2
-100	11	-3
-100	13	-3
-99	15	-4
-99	17	-5
-99	19	-5
-70	16	-4
-71	23	-6
-98	40	-11
-52	31	-8
-78	57	-15
-74	57	-15
-70	56	-15
-67	56	-15
-64	56	-15
-60	56	-15
-30	30	-8
-29	31	-8
-27	31	-8
-27	31	-8
-26	32	-8
-25	32	-9
-24	32	-9
-23	33	-9
-22	33	-9
-21	33	-9
-20	33	-9
-19	34	-9
-26	53	-14
-24	53	-14
-23	53	-14
-21	53	-14
-20	53	-14
-18	52	-14
-17	52	-14
-15	52	-14
-14	52	-14
-13	52	-14
-11	52	-14
-10	52	-14
-9	52	-14
-8	52	-14
-6	52	-14
-5	52	-14
-4	52	-14
-3	51	-14
-2	51	-14
0	51	-14
1	51	-14
2	51	-14
3	51	-14
5	51	-14
6	51	-14
7	51	-14
8	51	-14
9	51	-14
10	51	-14
9	36	-10
9	33	-9
10	33	-9
11	33	-9
12	33	-9
12	33	-9
13	33	-9
14	33	-9
15	33	-9
16	33	-9
17	33	-9
18	33	-9
31	50	-13
33	50	-13
34	50	-13
36	49	-13
37	49	-13
39	49	-13
41	49	-13
43	49	-13
37	40	-11
36	37	-10
36	36	-10
37	34	-9
37	33	-9
38	32	-9
38	32	-8
39	31	-8
41	31	-8
42	30	-8
74	48	-13
77	48	-13
81	48	-13
84	48	-13
94	48	-13
72	34	-9
71	32	-9
72	30	-8
72	28	-8
73	27	-7
74	26	-7
79	22	-6
82	21	-6
92	22	-6
-109	7	-2
-101	11	-3
-99	13	-3
-99	15	-4
-99	17	-5
-99	19	-5
-71	16	-4
-71	21	-6
-99	40	-11
-52	31	-8
-51	32	-9
-74	57	-15
-70	57	-15
-66	56	-15
-63	56	-15
-60	56	-15
-30	30	-8
-29	31	-8
-27	31	-8
-27	31	-8
-26	32	-9
-25	32	-9
-24	32	-9
-23	33	-9
-22	33	-9
-21	33	-9
-20	34	-9
-19	34	-9
-27	53	-14
-25	53	-14
-24	53	-14
-22	53	-14
-21	53	-14
-19	53	-14
-18	53	-14
-17	52	-14
-15	52	-14
-14	52	-14
-13	52	-14
-11	52	-14
-10	52	-14
-9	52	-14
-7	52	-14
-6	52	-14
-5	51	-14
-4	52	-14
-3	51	-14
-1	51	-14
0	51	-14
1	51	-14
2	51	-14
4	51	-14
5	51	-14
6	51	-14
7	51	-14
8	51	-14
9	51	-14
9	41	-11
9	35	-9
10	33	-9
10	33	-9
11	33	-9
12	33	-9
13	33	-9
13	33	-9
14	33	-9
15	33	-9
16	33	-9
17	33	-9
18	33	-9
30	50	-13
31	50	-13
33	49	-13
35	49	-13
36	49	-13
38	50	-13
40	49	-13
41	49	-13
38	43	-11
37	39	-11
37	37	-10
37	36	-10
37	34	-9
37	33	-9
38	32	-9
38	31	-8
40	31	-8
41	30	-8
43	31	-8
75	48	-13
78	48	-13
82	48	-13
94	47	-13
71	33	-9
71	31	-8
72	30	-8
72	28	-7
75	27	-7
75	25	-7
93	28	-7
80	21	-6
92	21	-6
-110	6	-2
-102	10	-3
-101	12	-4
-100	14	-5
-99	16	-5
-99	18	-6
-70	15	-5
-95	26	-8
-69	21	-7
-98	41	-13
-68	31	-10
-80	57	-18
-77	57	-18
-73	56	-18
-69	56	-18
-65	55	-18
-62	55	-18
-29	30	-10
-28	31	-10
-27	31	-10
-26	31	-10
-25	31	-10
-24	32	-10
-24	32	-10
-22	32	-11
-22	33	-11
-21	33	-11
-20	33	-11
-19	34	-11
-27	53	-17
-25	52	-17
-24	53	-17
-22	52	-17
-21	52	-17
-19	52	-17
-18	52	-17
-16	52	-17
-15	52	-17
-14	52	-17
-12	52	-17
-11	52	-17
-10	52	-17
-9	51	-17
-7	51	-17
-6	51	-17
-5	51	-17
-4	51	-17
-3	51	-17
-1	51	-17
0	51	-16
1	51	-16
2	51	-16
3	51	-16
5	50	-16
6	50	-16
7	50	-16
8	50	-16
9	50	-16
9	41	-13
9	35	-11
10	33	-11
10	33	-11
11	33	-11
12	32	-11
13	33	-11
14	32	-11
14	32	-10
15	32	-10
16	32	-11
17	33	-11
18	33	-11
30	49	-16
31	49	-16
33	49	-16
34	49	-16
36	49	-16
38	49	-16
39	49	-16
41	48	-16
43	49	-16
36	39	-13
36	37	-12
36	35	-11
37	35	-11
37	33	-11
38	32	-10
38	31	-10
39	30	-10
40	30	-10
42	30	-10
74	47	-15
77	48	-15
80	47	-15
84	47	-15
93	47	-15
71	34	-11
72	32	-10
72	30	-10
72	28	-9
73	27	-9
75	26	-8
92	26	-8
92	20	-6
-104	8	-2
-100	9	-3
-100	14	-4
-99	16	-5
-99	18	-6
-95	26	-8
-69	21	-7
-99	41	-13
-52	31	-10
-78	57	-18
-74	56	-18
-70	56	-18
-66	56	-18
-63	55	-18
-60	55	-18
-29	30	-10
-29	30	-10
-28	31	-10
-27	31	-10
-25	31	-10
-25	32	-10
-24	32	-10
-23	32	-11
-22	32	-11
-21	33	-11
-20	33	-11
-19	33	-11
-26	53	-17
-24	53	-17
-23	52	-17
-21	52	-17
-20	52	-17
-18	52	-17
-17	52	-17
-16	52	-17
-14	52	-17
-13	52	-17
-11	52	-17
-10	52	-17
-9	51	-17
-8	51	-17
-7	51	-17
-5	51	-17
-4	51	-16
-3	51	-17
-2	51	-17
0	51	-16
1	50	-16
2	50	-16
3	51	-16
4	50	-16
5	50	-16
7	50	-16
8	50	-16
9	50	-16
10	50	-16
9	37	-12
9	33	-11
10	33	-11
11	33	-11
12	32	-11
12	32	-11
13	32	-11
14	33	-11
15	32	-11
16	32	-11
17	32	-11
18	33	-11
19	33	-11
31	49	-16
32	49	-16
34	49	-16
35	49	-16
37	49	-16
39	49	-16
40	49	-16
42	49	-16
37	40	-13
36	37	-12
36	36	-12
37	35	-11
38	34	-11
38	33	-11
38	31	-10
39	31	-10
40	30	-10
41	30	-10
43	30	-10
76	48	-15
79	47	-15
83	47	-15
72	35	-11
72	33	-11
72	31	-10
72	29	-9
73	28	-9
75	27	-9
75	25	-8
93	27	-9
81	22	-7
93	23	-7
92	21	-7
-102	7	-3
-100	9	-4
-100	13	-5
-95	25	-10
-71	21	-8
-70	26	-10
-45	27	-10
-79	56	-22
-75	56	-22
-71	56	-21
-67	55	-21
-64	55	-21
-61	55	-21
-30	30	-11
-29	30	-12
-28	30	-12
-27	31	-12
-26	31	-12
-25	31	-12
-24	32	-12
-23	32	-12
-22	32	-12
-21	33	-12
-20	33	-13
-20	33	-13
-26	52	-20
-24	52	-20
-23	52	-20
-21	52	-20
-20	52	-20
-18	52	-20
-17	52	-20
-16	52	-20
-14	51	-20
-13	51	-20
-12	51	-20
-10	51	-20
-9	51	-20
-8	51	-20
-7	51	-20
-5	51	-20
-4	51	-19
-3	51	-19
-1	51	-19
0	51	-19
1	51	-19
2	50	-19
3	50	-19
4	50	-19
6	50	-19
7	50	-19
8	50	-19
9	50	-19
10	50	-19
9	35	-13
9	33	-13
10	33	-12
11	32	-12
12	32	-12
13	32	-12
14	32	-12
14	32	-12
15	32	-12
16	32	-12
17	32	-12
18	32	-12
31	49	-19
33	49	-19
34	49	-19
36	49	-19
37	48	-19
39	48	-19
41	48	-19
38	42	-16
36	39	-15
36	37	-14
36	35	-13
36	34	-13
37	32	-12
37	31	-12
38	31	-12
39	30	-12
40	30	-11
42	30	-11
74	47	-18
77	47	-18
80	47	-18
84	47	-18
93	47	-18
94	45	-17
80	36	-14
74	31	-12
74	29	-11
74	27	-11
74	26	-10
93	26	-10
85	22	-8
93	22	-9
92	20	-8
-101	8	-3
-100	9	-4
-100	12	-4
-100	14	-5
-71	15	-6
-95	25	-10
-70	21	-8
-69	26	-10
-45	27	-10
-78	56	-22
-74	56	-21
-70	56	-21
-67	55	-21
-63	55	-21
-60	55	-21
-30	30	-12
-28	30	-12
-28	30	-12
-27	31	-12
-26	31	-12
-25	31	-12
-24	32	-12
-23	32	-12
-22	32	-12
-21	32	-12
-20	33	-13
-19	33	-13
-26	52	-20
-24	52	-20
-22	52	-20
-21	52	-20
-20	52	-20
-18	52	-20
-17	52	-20
-15	52	-20
-14	51	-20
-12	51	-20
-11	51	-20
-10	51	-20
-9	51	-20
-7	51	-20
-6	51	-19
-5	51	-19
-4	51	-19
-3	51	-19
-1	51	-19
0	51	-19
1	50	-19
2	50	-19
4	50	-19
5	50	-19
6	50	-19
7	50	-19
8	50	-19
9	50	-19
9	39	-15
9	34	-13
10	33	-12
10	32	-12
11	32	-12
12	32	-12
13	32	-12
14	32	-12
14	32	-12
16	32	-12
16	32	-12
17	32	-12
18	33	-12
30	49	-19
32	49	-19
34	49	-19
35	49	-19
37	49	-19
38	49	-19
40	48	-19
42	48	-19
37	40	-15
36	38	-15
36	36	-14
36	34	-13
37	33	-13
37	32	-12
37	31	-12
38	30	-12
39	30	-11
41	30	-11
43	30	-11
75	47	-18
78	47	-18
82	47	-18
93	46	-18
81	37	-14
74	32	-12
73	30	-11
74	28	-11
74	26	-10
76	25	-10
80	22	-8
79	16	-6
79	14	-5
-103	6	-3
-99	8	-4
-101	10	-5
-100	12	-5
-100	17	-7
-99	18	-8
-69	15	-7
-66	19	-8
-64	20	-9
-69	26	-11
-61	41	-18
-59	41	-18
-57	42	-19
-54	42	-19
-52	42	-19
-49	42	-19
-47	42	-19
-29	30	-13
-28	30	-13
-27	30	-13
-26	30	-14
-25	31	-14
-25	31	-14
-23	31	-14
-23	32	-14
-22	32	-14
-21	32	-14
-20	33	-14
-19	33	-15
-21	42	-19
-20	42	-19
-19	41	-18
-18	42	-19
-17	42	-19
-15	42	-19
-14	42	-19
-13	41	-18
-12	42	-18
-11	42	-19
-10	42	-18
-8	41	-18
-7	42	-19
-7	42	-19
-5	42	-19
-4	42	-19
-3	42	-19
-2	42	-19
-1	42	-19
0	42	-19
1	42	-19
2	42	-19
3	42	-18
4	42	-19
5	42	-19
6	42	-19
7	42	-19
8	42	-19
9	42	-19
9	37	-16
9	33	-15
10	32	-14
11	32	-14
11	32	-14
12	32	-14
13	32	-14
14	32	-14
15	32	-14
16	32	-14
17	32	-14
18	32	-14
19	32	-14
26	43	-19
26	42	-19
28	42	-19
29	42	-19
32	42	-19
38	42	-19
37	39	-17
36	36	-16
36	35	-16
36	33	-15
37	32	-14
37	31	-14
38	30	-14
39	30	-13
40	29	-13
42	29	-13
73	47	-21
76	46	-21
80	46	-21
84	46	-21
84	44	-20
82	39	-17
81	36	-16
75	29	-13
75	28	-12
75	26	-11
92	26	-12
80	21	-9
92	20	-9
80	15	-7
92	14	-6
-104	6	-3
-101	10	-5
-100	12	-5
-100	16	-7
-99	18	-8
-69	15	-7
-66	19	-8
-64	20	-9
-69	26	-11
-61	41	-18
-59	41	-18
-57	42	-19
-53	41	-18
-52	42	-19
-49	42	-19
-47	42	-19
-29	30	-13
-28	30	-13
-27	30	-13
-26	30	-14
-25	31	-14
-24	31	-14
-23	31	-14
-23	32	-14
-22	32	-14
-21	32	-14
-20	32	-14
-19	33	-15
-21	42	-19
-20	42	-19
-19	41	-18
-17	42	-19
-16	42	-19
-15	42	-19
-14	42	-19
-13	41	-18
-11	42	-19
-11	42	-19
-9	42	-18
-8	41	-18
-7	42	-19
-6	42	-19
-5	42	-19
-4	42	-19
-3	42	-19
-2	42	-18
-1	42	-19
0	42	-19
1	42	-19
2	42	-19
3	42	-19
4	42	-19
5	42	-19
6	42	-19
7	42	-19
8	42	-19
9	42	-19
9	36	-16
9	32	-14
10	32	-14
11	32	-14
12	32	-14
13	32	-14
13	32	-14
14	32	-14
15	32	-14
16	32	-14
17	32	-14
18	32	-14
26	43	-19
28	42	-19
29	42	-19
33	43	-19
34	43	-19
36	44	-20
37	42	-19
37	41	-18
37	38	-17
36	36	-16
36	35	-16
36	33	-15
37	32	-14
37	31	-14
38	30	-13
39	30	-13
40	29	-13
42	29	-13
74	47	-21
77	47	-21
81	47	-21
83	45	-20
83	43	-19
75	29	-13
75	27	-12
74	25	-11
93	26	-11
92	19	-9
92	11	-6
-333	3	-2
-103	7	-3
-99	9	-4
-100	12	-6
-95	16	-8
-99	18	-9
-67	17	-9
-66	19	-9
-64	20	-10
-83	34	-17
-50	33	-17
-48	34	-17
-46	34	-17
-43	34	-17
-42	34	-17
-40	34	-17
-38	34	-17
-36	34	-17
-30	29	-15
-29	30	-15
-27	30	-15
-27	30	-15
-26	30	-15
-24	31	-16
-24	31	-16
-23	31	-16
-22	32	-16
-21	32	-16
-20	32	-16
-19	33	-17
-19	33	-17
-17	33	-17
-17	33	-17
-16	33	-17
-14	33	-17
-14	33	-17
-13	33	-17
-12	33	-17
-11	33	-17
-10	33	-17
-9	33	-17
-8	33	-17
-7	33	-17
-6	33	-17
-5	33	-17
-5	33	-17
-4	33	-17
-3	33	-17
-2	33	-17
-1	33	-17
0	33	-17
0	33	-17
1	33	-17
2	33	-17
3	33	-17
4	33	-17
5	33	-17
6	33	-17
6	33	-17
7	33	-17
8	33	-17
9	33	-17
10	32	-16
10	32	-16
11	32	-16
12	32	-16
13	32	-16
14	32	-16
15	32	-16
15	32	-16
16	32	-16
17	32	-16
21	34	-17
23	34	-17
23	34	-17
25	34	-17
26	34	-17
27	34	-17
29	35	-18
30	34	-17
31	34	-17
32	34	-17
34	34	-17
35	34	-18
37	35	-18
38	34	-17
37	31	-16
37	30	-15
38	30	-15
40	29	-15
41	29	-15
43	29	-15
58	35	-18
62	35	-18
64	35	-18
72	36	-18
74	35	-18
79	36	-18
78	33	-17
76	30	-15
69	26	-13
77	24	-12
92	25	-13
92	19	-10
92	13	-7
-323	6	-3
-105	6	-3
-102	7	-4
-96	9	-5
-95	11	-6
-66	15	-8
-66	17	-8
-65	18	-9
-65	19	-10
-64	20	-10
-69	25	-13
-50	33	-17
-49	33	-17
-46	34	-17
-44	33	-17
-43	34	-17
-40	33	-17
-38	34	-17
-37	34	-17
-31	30	-15
-29	30	-15
-28	30	-15
-27	30	-15
-26	30	-15
-25	31	-16
-24	31	-16
-23	31	-16
-22	32	-16
-21	32	-16
-20	32	-16
-20	32	-16
-19	33	-17
-18	33	-17
-17	33	-17
-16	33	-17
-15	33	-17
-14	33	-17
-13	34	-17
-12	33	-17
-11	33	-17
-10	33	-17
-9	33	-17
-8	33	-17
-7	33	-17
-6	33	-17
-6	33	-17
-5	33	-17
-4	33	-17
-3	33	-17
-2	33	-17
-1	33	-17
0	33	-17
0	33	-17
1	33	-17
2	33	-17
3	33	-17
4	33	-17
4	33	-17
5	33	-17
6	33	-17
7	33	-17
8	33	-17
9	33	-17
9	32	-16
10	32	-16
11	32	-16
12	32	-16
13	32	-16
14	32	-16
14	32	-16
15	32	-16
16	32	-16
17	32	-16
21	34	-17
22	34	-17
24	34	-17
25	34	-17
26	34	-17
27	34	-17
29	35	-18
30	34	-17
31	34	-17
32	34	-17
34	34	-18
36	34	-17
37	34	-18
39	34	-17
37	31	-16
37	30	-15
38	30	-15
40	29	-15
41	29	-15
55	35	-18
58	35	-18
62	36	-18
64	35	-18
71	36	-18
75	36	-18
79	36	-18
78	33	-17
69	26	-13
77	24	-12
93	25	-13
82	20	-10
93	21	-11
92	19	-10
92	13	-7
