0	0	0
-213	78	78
-267	102	102
-264	107	107
-265	113	113
-262	118	118
-261	124	124
-262	131	131
-261	136	136
-251	138	138
-242	139	139
-231	139	139
-221	140	140
-209	139	139
-201	140	140
-192	140	140
-183	140	140
-175	140	140
-167	141	141
-160	141	141
-153	142	142
-145	141	141
-138	141	141
-131	141	141
-125	142	142
-119	142	142
-113	142	142
-107	142	142
-101	142	142
-95	142	142
-89	142	142
-83	141	141
-78	142	142
-73	143	143
-18	44	44
-10	37	37
-9	37	37
-8	37	37
-7	37	37
-5	37	37
-4	37	37
-3	37	37
-2	37	37
-1	37	37
1	37	37
2	37	37
3	37	37
4	37	37
6	37	37
7	37	37
8	37	37
9	37	37
11	37	37
12	37	37
13	37	37
27	54	54
27	49	49
27	45	45
27	42	42
26	39	39
26	36	36
26	33	33
26	31	31
26	29	29
25	28	28
25	26	26
25	24	24
25	23	23
25	22	22
25	20	20
25	19	19
25	18	18
24	17	17
24	16	16
24	15	15
24	14	14
24	14	14
-211	78	78
-266	103	103
-264	108	108
-266	115	115
-262	119	119
-263	125	125
-264	132	132
-263	138	138
-252	139	139
-241	140	140
-230	140	140
-219	140	140
-208	139	139
-200	140	140
-192	141	141
-182	140	140
-174	141	141
-167	141	141
-159	142	142
-152	142	142
-145	142	142
-138	142	142
-131	142	142
-124	141	141
-118	141	141
-111	141	141
-106	143	143
-100	142	142
-94	142	142
-88	142	142
-83	142	142
-77	142	142
-73	143	143
-10	37	37
-9	37	37
-8	37	37
-7	37	37
-5	37	37
-4	37	37
-3	37	37
-2	37	37
0	37	37
1	37	37
2	37	37
3	37	37
4	37	37
6	37	37
7	37	37
8	37	37
9	37	37
11	37	37
12	37	37
13	37	37
27	53	53
27	49	49
27	45	45
27	42	42
26	38	38
26	36	36
26	33	33
26	31	31
26	29	29
25	28	28
25	26	26
25	24	24
25	23	23
25	21	21
25	20	20
24	19	19
24	18	18
24	17	17
24	16	16
24	15	15
24	15	15
24	14	14
-218	84	71
-267	109	91
-264	114	96
-263	120	101
-262	126	106
-261	131	110
-262	139	116
-262	146	122
-259	152	127
-245	151	126
-235	151	127
-226	152	128
-215	152	127
-204	152	127
-196	152	128
-187	152	128
-178	152	128
-170	152	128
-163	153	129
-156	154	129
-150	155	130
-142	154	129
-134	153	128
-127	153	129
-121	153	129
-115	153	129
-109	154	129
-103	154	130
-97	155	130
-91	154	130
-85	154	129
-80	155	130
-75	154	130
-19	46	39
-18	48	41
-11	40	34
-10	40	34
-8	40	34
-7	40	34
-6	40	34
-5	40	34
-3	40	34
-2	40	34
-1	40	34
0	40	34
2	40	34
3	40	34
4	40	34
5	40	34
6	40	34
8	40	34
9	40	34
10	40	34
11	40	34
13	40	34
28	61	51
27	55	46
27	51	42
27	46	39
27	43	36
26	40	34
26	37	31
26	35	29
26	33	27
26	31	26
25	29	24
25	27	23
25	25	21
25	24	20
25	23	19
25	21	18
24	20	17
24	19	16
24	18	15
24	17	14
24	16	14
24	15	13
-217	85	71
-271	111	93
-264	115	96
-263	121	101
-261	126	106
-262	133	112
-261	139	117
-261	146	123
-258	152	127
-244	151	127
-232	151	127
-225	153	128
-212	152	127
-203	152	128
-194	152	128
-185	152	127
-177	153	128
-168	152	128
-162	153	129
-154	154	129
-148	154	129
-139	153	129
-133	154	129
-126	154	129
-119	153	129
-114	154	129
-107	154	129
-102	155	130
-96	155	130
-90	154	130
-84	153	129
-79	154	129
-74	155	130
-18	46	39
-18	48	41
-11	40	34
-9	40	34
-8	40	34
-7	40	34
-5	40	34
-4	40	34
-3	40	34
-2	40	34
0	40	34
1	40	34
2	40	34
3	40	34
4	40	34
6	40	34
7	40	34
8	40	34
9	40	34
10	40	34
12	40	34
13	40	34
27	58	49
27	53	45
27	49	41
27	45	38
26	42	35
26	39	33
26	36	31
26	34	29
26	32	27
25	30	25
25	28	24
25	26	22
25	25	21
25	23	20
25	22	18
25	21	17
24	20	16
24	19	16
24	18	15
24	17	14
24	16	13
24	15	13
-221	89	62
-272	116	81
-264	119	83
-259	123	86
-263	132	92
-262	138	97
-261	145	101
-261	152	107
-258	165	116
-244	164	115
-234	165	116
-225	166	116
-215	167	117
-204	166	116
-196	167	117
-185	166	116
-178	167	117
-170	167	117
-162	167	117
-155	168	118
-149	169	118
-141	168	118
-134	169	118
-127	168	117
-120	168	118
-114	168	118
-107	168	117
-102	169	118
-96	169	118
-90	168	118
-85	170	119
-79	168	118
-74	169	118
-18	49	34
-18	52	37
-10	44	31
-9	44	31
-8	44	31
-6	44	31
-5	44	31
-4	44	31
-3	44	31
-1	44	31
0	44	31
1	44	31
2	44	31
4	44	31
5	44	31
6	44	31
7	44	31
9	44	31
10	44	31
11	44	31
13	44	31
28	67	47
27	61	43
27	56	39
27	52	36
27	48	33
26	44	31
26	41	29
26	39	27
26	36	25
26	34	23
25	31	22
25	30	21
25	28	19
25	26	18
25	25	17
25	23	16
24	22	15
24	21	15
24	20	14
24	18	13
24	18	12
24	16	12
24	16	11
-272	112	79
-267	117	82
-217	101	70
-264	129	90
-265	136	95
-265	143	100
-260	148	104
-261	164	115
-253	166	117
-240	166	116
-229	166	116
-220	167	117
-209	166	117
-199	166	116
-191	167	117
-183	168	118
-174	167	117
-166	168	117
-158	168	118
-152	168	118
-145	169	118
-138	169	119
-130	168	118
-122	167	117
-117	168	118
-110	168	118
-105	169	118
-99	169	118
-93	169	119
-87	169	118
-82	169	119
-76	169	118
-70	168	118
-11	44	31
-10	44	31
-8	44	31
-7	44	31
-6	44	31
-5	44	31
-3	44	31
-2	44	31
-1	44	31
0	44	31
2	44	31
3	44	31
4	44	31
5	44	31
7	44	31
8	44	31
9	44	31
11	44	31
12	44	31
13	44	31
27	64	45
27	58	41
27	53	37
27	49	34
27	46	32
26	42	30
26	40	28
26	37	26
26	34	24
26	32	23
25	30	21
25	29	20
25	27	19
25	25	18
25	24	17
25	23	16
25	21	15
24	20	14
24	19	13
24	18	13
24	17	12
24	16	11
24	15	11
-220	86	49
-273	112	65
-265	116	67
-265	123	71
-262	135	78
-262	142	82
-263	150	87
-261	156	90
-260	164	95
-259	172	99
-261	181	105
-260	189	109
-253	193	112
-241	193	111
-228	191	110
-219	192	111
-208	192	111
-200	194	112
-190	192	111
-181	192	111
-174	193	112
-165	193	112
-158	195	112
-150	194	112
-142	193	112
-136	194	112
-129	195	112
-122	194	112
-115	195	112
-108	194	112
-102	195	113
-96	194	112
-89	194	112
-83	194	112
-78	194	112
-72	195	113
-67	196	113
-10	51	30
-8	51	29
-7	51	29
-5	51	29
-4	51	29
-3	51	29
-1	51	29
0	51	29
2	51	29
3	51	29
4	51	29
5	51	29
7	51	29
8	51	29
10	51	29
11	51	29
12	51	29
29	78	45
28	70	40
28	64	37
27	58	34
27	54	31
27	50	29
27	46	27
26	43	25
26	40	23
26	38	22
26	35	20
26	33	19
25	31	18
25	29	17
25	27	16
25	26	15
25	24	14
25	23	13
25	22	13
24	21	12
24	19	11
24	18	11
24	17	10
24	16	9
24	15	9
24	15	9
-220	86	49
-272	112	65
-264	116	67
-265	123	71
-263	135	78
-262	142	82
-263	150	87
-260	157	90
-261	165	95
-258	171	99
-263	183	105
-260	189	109
-253	193	112
-241	193	111
-227	191	110
-219	192	111
-208	192	111
-200	193	112
-190	192	111
-181	192	111
-173	193	112
-165	193	112
-158	195	112
-150	194	112
-142	193	112
-135	194	112
-129	195	112
-122	196	113
-115	195	112
-109	195	112
-102	195	112
-96	194	112
-89	194	112
-83	194	112
-78	194	112
-72	195	113
-67	198	114
-10	51	30
-8	51	29
-7	51	29
-5	51	29
-4	51	29
-3	51	29
-1	51	29
0	51	29
1	51	29
3	51	29
4	51	29
5	51	29
7	51	29
8	51	29
10	51	29
11	51	29
13	51	29
29	77	44
28	69	40
28	63	36
27	58	33
27	53	31
27	49	29
27	46	27
26	43	25
26	40	23
26	37	21
26	35	20
26	33	19
25	31	18
25	29	17
25	27	16
25	26	15
25	24	14
25	23	13
25	22	12
24	21	12
24	19	11
24	18	11
24	17	10
24	16	9
24	15	9
-216	84	39
-209	87	40
-230	101	47
-264	137	64
-261	143	67
-259	149	70
-262	159	74
-258	164	77
-260	174	81
-259	181	85
-260	191	89
-260	200	93
-258	209	97
-257	217	101
-247	219	102
-237	220	103
-224	218	102
-213	218	102
-204	218	102
-194	217	101
-185	217	101
-178	220	102
-168	218	102
-160	218	102
-152	219	102
-145	219	102
-137	220	102
-131	221	103
-123	220	103
-116	220	103
-109	220	103
-103	220	103
-96	220	103
-89	220	103
-84	221	103
-16	53	25
-71	220	102
-11	56	26
-10	58	27
-9	57	27
10	58	27
12	58	27
14	58	27
28	85	40
29	81	38
28	73	34
28	66	31
28	61	28
27	56	26
27	52	24
26	42	20
26	39	18
26	37	17
26	34	16
26	32	15
25	30	14
25	29	13
25	27	13
25	26	12
25	24	11
25	23	11
25	22	10
24	20	10
24	19	9
24	18	8
24	17	8
24	16	8
24	15	7
24	15	7
-214	86	40
-206	88	41
-263	118	55
-262	139	65
-261	146	68
-263	154	72
-260	161	75
-260	169	79
-260	177	83
-261	187	87
-260	195	91
-260	204	95
-258	212	99
-252	218	102
-242	219	102
-232	220	103
-220	219	102
-209	217	101
-200	218	102
-190	218	101
-182	219	102
-173	218	102
-165	219	102
-157	219	102
-149	219	102
-142	220	103
-134	219	102
-128	221	103
-119	219	102
-113	221	103
-106	220	103
-99	219	102
-93	221	103
-87	220	103
-80	220	103
-12	55	26
-11	57	27
-9	58	27
-8	58	27
10	59	27
11	58	27
13	58	27
28	89	41
28	81	38
28	76	35
28	69	32
28	63	29
27	58	27
27	53	25
25	45	21
26	43	20
26	40	19
26	37	17
26	35	16
26	33	15
25	31	14
25	29	14
25	27	13
25	26	12
25	25	11
25	23	11
25	22	10
24	21	10
24	19	9
24	18	9
24	17	8
24	16	8
24	16	7
24	15	7
-212	82	30
-206	85	31
-204	89	33
-205	95	35
-205	101	37
-258	134	49
-263	143	52
-260	150	55
-260	157	57
-261	166	61
-258	173	63
-259	182	66
-258	190	69
-260	201	73
-258	209	76
-257	219	80
-260	231	84
-254	236	86
-252	245	89
-233	238	87
-221	237	86
-198	234	85
-187	231	84
-176	230	84
-168	230	84
-160	230	84
-156	237	86
-154	247	90
-152	256	93
-145	259	94
-136	257	93
-129	258	94
-122	259	94
-115	261	95
-105	257	93
-99	258	94
-92	258	94
-84	257	93
-77	257	94
-71	258	94
14	68	25
28	94	34
28	84	31
29	80	29
28	73	27
28	67	24
28	61	22
25	51	19
25	47	17
25	44	16
27	43	15
26	40	14
26	37	13
26	35	13
25	33	12
25	31	11
25	29	11
25	27	10
25	26	9
25	24	9
25	23	8
25	22	8
24	21	8
24	19	7
24	18	7
24	17	6
24	16	6
24	15	6
24	14	5
-213	82	30
-207	85	31
-205	89	32
-205	95	35
-204	100	36
-257	132	48
-262	142	52
-261	149	54
-260	157	57
-260	165	60
-260	173	63
-258	181	66
-258	190	69
-258	199	72
-258	208	76
-256	217	79
-258	228	83
-253	235	85
-252	245	89
-235	240	87
-222	238	86
-212	238	87
-201	236	86
-190	234	85
-179	232	84
-169	230	84
-162	232	84
-157	237	86
-156	247	90
-154	257	94
-146	258	94
-137	256	93
-130	258	94
-122	259	94
-115	261	95
-106	257	93
-100	258	94
-93	259	94
-85	256	93
-78	257	94
-71	258	94
-12	56	20
14	67	24
28	95	35
28	85	31
29	80	29
29	74	27
28	67	24
28	62	22
25	52	19
25	47	17
25	44	16
27	43	16
26	40	14
26	37	13
26	35	13
26	33	12
25	31	11
25	29	11
25	28	10
25	26	9
25	25	9
25	23	8
25	22	8
25	20	7
24	19	7
24	19	7
24	17	6
24	16	6
24	16	6
24	14	5
-220	76	20
-210	78	21
-207	82	22
-206	88	23
-204	92	25
-204	98	26
-204	104	28
-201	108	29
-262	148	40
-260	155	41
-259	162	44
-260	171	46
-258	178	48
-258	188	50
-257	196	52
-260	207	56
-258	216	58
-257	225	60
-254	233	62
-246	237	64
-234	235	63
-221	234	63
-209	231	62
-200	232	62
-188	229	61
-174	222	60
-167	224	60
-160	226	61
-156	232	62
-158	247	66
-157	258	69
-156	271	73
-156	286	77
-151	293	78
-129	283	76
-138	321	86
-113	282	76
-105	283	76
-98	284	76
-103	321	86
-94	320	86
-86	319	86
-77	320	86
-70	321	86
-13	77	21
32	137	37
30	114	31
29	100	27
28	89	24
28	80	21
29	76	20
28	70	19
28	64	17
26	41	11
26	39	10
26	36	10
26	34	9
26	32	9
26	30	8
25	28	8
25	27	7
25	25	7
25	24	6
25	23	6
24	21	6
24	20	5
24	19	5
24	18	5
24	17	5
24	16	4
24	15	4
24	14	4
24	13	4
-224	77	21
-211	77	21
-209	82	22
-206	86	23
-203	91	24
-205	97	26
-204	103	28
-202	107	29
-262	146	39
-260	153	41
-259	160	43
-260	170	45
-258	176	47
-258	185	50
-258	195	52
-259	205	55
-258	214	57
-256	223	60
-254	231	62
-252	240	64
-235	234	63
-223	234	63
-212	233	62
-201	232	62
-190	229	61
-175	222	60
-167	222	60
-161	225	60
-157	231	62
-157	244	65
-156	255	68
-156	268	72
-156	284	76
-152	291	78
-140	324	87
-122	301	81
-106	281	75
-99	283	76
-104	321	86
-95	320	86
-86	319	86
-78	320	86
-71	322	86
32	137	37
30	115	31
29	100	27
28	88	24
28	80	21
29	76	20
28	70	19
28	64	17
26	41	11
26	39	10
26	36	10
26	34	9
26	32	9
26	30	8
25	28	8
25	27	7
25	25	7
25	24	6
25	22	6
24	21	6
24	20	5
24	19	5
24	18	5
24	17	5
24	16	4
24	15	4
24	14	4
24	13	4
-212	74	13
-206	78	14
-207	83	15
-206	88	16
-205	94	16
-205	100	18
-204	105	18
-202	110	19
-257	147	26
-255	153	27
-259	164	29
-260	173	31
-343	239	42
-326	239	42
-309	238	42
-292	236	42
-257	218	38
-255	227	40
-255	237	42
-239	234	41
-226	231	41
-213	229	40
-203	228	40
-193	228	40
-184	228	40
-172	224	39
-164	224	40
-158	226	40
-157	236	42
-157	249	44
-156	261	46
-155	272	48
-155	289	51
-144	283	50
-133	279	49
-125	279	49
-119	282	50
-111	281	50
-102	279	49
-95	278	49
-94	298	53
-83	288	51
-71	272	48
-64	270	48
-59	278	49
30	119	21
29	103	18
28	91	16
28	82	14
28	76	13
28	72	13
28	66	12
28	61	11
26	46	8
27	42	7
26	39	7
26	37	7
26	35	6
26	33	6
26	31	5
25	29	5
25	27	5
25	26	5
25	24	4
25	23	4
25	22	4
25	20	4
24	19	3
24	18	3
24	17	3
24	16	3
24	15	3
24	14	3
24	13	2
24	13	2
-214	74	13
-206	77	14
-207	83	15
-206	88	15
-204	93	16
-204	98	17
-204	104	18
-204	110	19
-257	145	26
-253	151	27
-258	162	29
-259	171	30
-329	240	42
-314	240	42
-295	237	42
-257	216	38
-255	225	40
-254	235	41
-241	234	41
-228	232	41
-215	229	40
-206	229	40
-195	228	40
-185	227	40
-175	225	40
-164	221	39
-158	225	40
-157	235	41
-157	246	43
-155	256	45
-155	271	48
-155	287	51
-146	285	50
-134	278	49
-127	279	49
-119	281	50
-112	281	49
-103	279	49
-96	279	49
-94	297	52
-84	287	51
-72	272	48
-65	272	48
30	120	21
29	104	18
29	92	16
28	82	14
28	76	13
29	72	13
28	66	12
28	61	11
27	42	7
26	40	7
26	37	7
26	35	6
26	33	6
26	31	5
25	29	5
25	28	5
25	26	5
25	24	4
25	23	4
25	22	4
25	21	4
24	20	3
24	19	3
24	17	3
24	16	3
24	16	3
24	15	3
24	13	2
24	13	2
-204	66	6
-205	71	6
-208	77	7
-207	83	7
-207	88	8
-205	93	8
-204	98	9
-203	104	9
-258	138	12
-248	141	12
-242	145	13
-242	153	13
-242	161	14
-328	228	20
-320	234	20
-301	231	20
-287	231	20
-257	218	19
-255	226	20
-245	228	20
-233	227	20
-219	224	20
-211	226	20
-199	224	20
-188	221	19
-181	224	20
-170	220	19
-161	220	19
-158	226	20
-157	236	21
-156	247	22
-155	259	23
-154	270	24
-155	287	25
-154	302	26
-145	302	26
-144	318	28
-131	310	27
-125	316	28
-96	329	29
-88	331	29
-80	329	29
-72	331	29
30	110	10
29	96	8
28	86	7
28	77	7
29	74	6
28	68	6
28	63	5
28	58	5
26	42	4
27	41	4
26	38	3
26	36	3
26	34	3
26	32	3
25	30	3
25	28	2
25	26	2
25	25	2
25	24	2
25	22	2
24	21	2
25	20	2
24	19	2
24	18	2
24	17	1
24	16	1
24	15	1
24	14	1
24	13	1
24	12	1
24	12	1
-208	66	6
-206	70	6
-206	76	7
-206	82	7
-206	87	8
-206	93	8
-203	97	9
-203	103	9
-258	138	12
-250	141	12
-242	144	13
-241	152	13
-242	160	14
-335	232	20
-323	235	21
-306	234	20
-288	231	20
-258	217	19
-256	226	20
-246	228	20
-234	227	20
-220	224	20
-210	225	20
-200	223	20
-189	221	19
-182	224	20
-170	220	19
-161	219	19
-157	224	20
-157	236	21
-156	247	22
-156	259	23
-154	269	24
-154	286	25
-154	302	26
-144	299	26
-144	318	28
-132	310	27
-125	315	28
-96	329	29
-88	330	29
-80	330	29
-72	330	29
30	109	10
29	96	8
29	86	7
28	77	7
29	74	6
29	68	6
28	63	5
28	58	5
26	42	4
27	41	4
27	38	3
26	36	3
26	33	3
26	32	3
26	30	3
25	28	2
25	26	2
25	25	2
25	24	2
25	22	2
24	21	2
25	20	2
24	19	2
24	18	2
24	17	1
24	16	1
24	15	1
24	14	1
24	13	1
24	12	1
24	11	1
-215	61	0
-203	63	0
-199	67	0
-206	74	0
-206	80	0
-206	85	0
-205	91	0
-204	96	0
-205	102	0
-252	132	0
-257	142	0
-249	145	0
-245	151	0
-242	157	0
-238	163	0
-319	228	0
-304	229	0
-291	230	0
-255	211	0
-256	222	0
-248	226	0
-233	222	0
-222	222	0
-210	220	0
-202	222	0
-191	220	0
-182	220	0
-171	217	0
-162	216	0
-157	220	0
-157	230	0
-156	240	0
-156	252	0
-154	263	0
-153	276	0
-154	293	0
0	18	0
29	94	0
29	73	0
29	67	0
28	62	0
28	57	0
26	39	0
26	38	0
26	35	0
26	33	0
26	31	0
26	29	0
25	28	0
25	26	0
25	25	0
25	23	0
25	22	0
25	21	0
25	20	0
25	18	0
24	18	0
24	17	0
24	16	0
24	15	0
24	14	0
24	13	0
24	12	0
24	12	0
24	11	0
-209	62	0
-200	64	0
-204	71	0
-210	79	0
-207	83	0
-205	88	0
-204	93	0
-203	98	0
-251	128	0
-258	139	0
-254	145	0
-246	148	0
-242	153	0
-237	159	0
-328	229	0
-313	230	0
-296	228	0
-255	207	0
-257	219	0
-255	227	0
-238	222	0
-226	221	0
-215	220	0
-205	221	0
-194	219	0
-184	218	0
-176	218	0
-166	216	0
-159	217	0
-158	227	0
-156	236	0
-156	248	0
-155	259	0
-154	272	0
-154	287	0
-153	303	0
-1	19	0
0	19	0
1	18	0
29	75	0
29	69	0
29	63	0
28	58	0
26	38	0
26	36	0
26	34	0
26	32	0
26	30	0
26	28	0
25	27	0
25	25	0
25	24	0
25	23	0
25	21	0
25	20	0
24	19	0
24	18	0
24	17	0
24	16	0
24	15	0
24	14	0
24	13	0
24	12	0
24	12	0
24	11	0
-219	55	-5
-207	58	-5
-207	63	-5
-208	68	-6
-206	73	-6
-206	79	-7
-206	84	-7
-205	89	-8
-204	95	-8
-204	100	-9
-252	131	-11
-261	143	-12
-261	151	-13
-259	158	-14
-257	165	-14
-339	227	-20
-324	229	-20
-305	227	-20
-294	229	-20
-254	208	-18
-256	220	-19
-247	222	-19
-232	219	-19
-220	218	-19
-210	218	-19
-199	216	-19
-191	217	-19
-181	216	-19
-170	213	-19
-162	213	-19
-157	217	-19
-157	228	-20
-156	237	-21
-155	248	-22
-155	261	-23
-153	272	-24
-153	288	-25
-153	304	-27
-150	316	-28
-5	18	-2
-4	18	-2
-92	320	-28
-83	317	-28
-72	304	-27
-1	18	-2
-1	18	-2
-1	17	-2
0	17	-2
0	17	-2
1	17	-2
1	17	-2
1	17	-2
2	18	-2
2	17	-2
3	17	-2
3	18	-2
4	18	-2
4	18	-2
4	18	-2
5	18	-2
5	17	-2
6	18	-2
6	18	-2
7	18	-2
7	18	-2
24	46	-4
24	41	-4
27	38	-3
26	36	-3
26	34	-3
26	32	-3
26	30	-3
25	28	-2
25	26	-2
25	25	-2
25	24	-2
25	22	-2
25	21	-2
25	20	-2
25	19	-2
24	18	-2
24	17	-1
24	16	-1
24	15	-1
24	14	-1
24	13	-1
24	12	-1
24	12	-1
23	11	-1
24	10	-1
-215	56	-5
-205	59	-5
-208	65	-6
-205	69	-6
-209	76	-7
-205	80	-7
-205	85	-7
-205	91	-8
-203	96	-8
-249	124	-11
-260	137	-12
-262	146	-13
-260	153	-13
-258	160	-14
-258	168	-15
-335	229	-20
-315	226	-20
-302	228	-20
-255	203	-18
-254	212	-19
-255	222	-19
-241	220	-19
-228	219	-19
-217	219	-19
-207	218	-19
-196	217	-19
-186	216	-19
-176	214	-19
-166	213	-19
-158	212	-19
-157	222	-19
-157	233	-20
-155	241	-21
-155	254	-22
-154	266	-23
-153	279	-24
-154	297	-26
-152	311	-27
-149	323	-28
-5	18	-2
-5	18	-2
-4	18	-2
-87	318	-28
-79	317	-28
-2	18	-2
-1	18	-2
-1	18	-2
0	17	-2
0	17	-2
0	17	-2
1	17	-2
1	17	-2
2	17	-2
2	17	-2
3	18	-2
3	17	-2
3	18	-2
4	18	-2
4	18	-2
5	17	-2
5	18	-2
6	18	-2
6	18	-2
6	18	-2
7	18	-2
7	18	-2
29	61	-5
40	72	-6
27	40	-3
26	37	-3
26	34	-3
26	33	-3
26	31	-3
26	29	-3
26	27	-2
25	26	-2
25	24	-2
25	23	-2
25	21	-2
25	20	-2
25	19	-2
24	18	-2
24	17	-2
24	16	-1
24	15	-1
24	14	-1
24	13	-1
24	13	-1
24	12	-1
24	11	-1
24	10	-1
-217	53	-9
-207	56	-10
-207	61	-11
-208	66	-12
-205	71	-12
-206	76	-13
-205	82	-14
-205	87	-15
-205	93	-16
-203	98	-17
-254	128	-23
-259	138	-24
-253	143	-25
-260	155	-27
-258	162	-29
-326	225	-40
-306	223	-39
-20	18	-3
-255	205	-36
-254	214	-38
-249	220	-39
-233	215	-38
-221	215	-38
-211	214	-38
-200	213	-38
-191	213	-38
-182	212	-37
-171	210	-37
-163	210	-37
-158	213	-38
-158	224	-40
-156	233	-41
-155	244	-43
-155	256	-45
-153	266	-47
-153	282	-50
-153	297	-52
-151	312	-55
-6	18	-3
-5	17	-3
-4	17	-3
-4	17	-3
-4	17	-3
-3	17	-3
-3	17	-3
-2	17	-3
-2	17	-3
-1	17	-3
-1	17	-3
-1	17	-3
0	17	-3
0	17	-3
1	17	-3
1	17	-3
2	17	-3
2	17	-3
3	17	-3
3	17	-3
3	17	-3
4	17	-3
4	17	-3
5	17	-3
5	17	-3
6	17	-3
6	17	-3
6	17	-3
7	17	-3
8	17	-3
28	58	-10
25	44	-8
25	41	-7
26	39	-7
27	39	-7
26	36	-6
26	34	-6
26	32	-6
26	30	-5
26	28	-5
25	26	-5
25	25	-4
25	23	-4
25	22	-4
25	21	-4
25	20	-4
25	19	-3
24	18	-3
24	17	-3
24	16	-3
24	15	-3
24	14	-2
24	13	-2
24	12	-2
24	12	-2
24	11	-2
24	10	-2
24	9	-2
-216	53	-9
-208	56	-10
-208	61	-11
-208	66	-12
-205	71	-12
-207	77	-14
-205	81	-14
-205	87	-15
-204	93	-16
-203	98	-17
-253	128	-23
-257	138	-24
-254	144	-25
-259	155	-27
-258	162	-29
-342	226	-40
-325	225	-40
-308	224	-40
-255	205	-36
-256	216	-38
-246	218	-38
-232	216	-38
-222	215	-38
-209	214	-38
-198	212	-37
-190	213	-38
-180	211	-37
-170	210	-37
-160	208	-37
-157	214	-38
-157	224	-40
-156	235	-41
-155	245	-43
-154	256	-45
-153	270	-48
-153	284	-50
-153	300	-53
-150	313	-55
-5	18	-3
-5	17	-3
-4	17	-3
-4	17	-3
-3	17	-3
-3	17	-3
-3	17	-3
-2	17	-3
-2	17	-3
-1	17	-3
-1	17	-3
0	17	-3
1	17	-3
1	17	-3
1	17	-3
2	17	-3
2	17	-3
3	17	-3
3	17	-3
4	17	-3
4	17	-3
4	17	-3
5	17	-3
5	17	-3
6	17	-3
6	17	-3
7	17	-3
7	17	-3
25	44	-8
25	40	-7
27	38	-7
26	35	-6
26	33	-6
26	31	-5
26	29	-5
26	27	-5
25	26	-5
25	24	-4
25	23	-4
25	22	-4
25	21	-4
25	20	-3
24	19	-3
24	17	-3
24	16	-3
24	16	-3
24	15	-3
24	14	-2
24	12	-2
24	12	-2
24	11	-2
24	10	-2
24	9	-2
24	9	-2
-214	46	-12
-204	49	-13
-204	54	-14
-205	59	-16
-207	65	-17
-205	69	-19
-205	75	-20
-205	80	-21
-205	85	-23
-204	90	-24
-203	96	-26
-226	112	-30
-212	112	-30
-211	117	-31
-203	119	-32
-204	126	-34
-204	132	-35
-204	139	-37
-307	218	-58
-293	219	-59
-255	200	-54
-257	211	-57
-250	215	-58
-235	213	-57
-222	210	-56
-213	212	-57
-201	209	-56
-193	210	-56
-183	210	-56
-173	207	-56
-163	205	-55
-158	209	-56
-156	217	-58
-157	229	-61
-152	234	-63
-146	236	-63
-138	235	-63
-135	244	-65
-135	257	-69
-129	261	-70
-6	18	-5
-5	17	-4
-4	17	-4
-4	17	-4
-4	17	-4
-3	17	-4
-3	16	-4
-2	17	-4
-1	17	-4
-1	17	-4
0	17	-4
1	17	-4
1	17	-4
2	17	-4
2	17	-4
3	17	-4
3	17	-4
3	17	-4
4	17	-4
4	17	-4
5	17	-4
5	17	-4
6	17	-4
6	17	-4
7	17	-4
7	17	-4
29	58	-16
28	53	-14
28	49	-13
27	46	-12
27	43	-11
27	40	-11
27	38	-10
26	35	-9
26	33	-9
26	31	-8
26	29	-8
26	28	-7
25	26	-7
25	25	-7
25	23	-6
25	22	-6
25	21	-6
25	20	-5
25	18	-5
25	17	-5
24	16	-4
24	16	-4
24	15	-4
24	14	-4
24	13	-3
24	12	-3
24	11	-3
24	11	-3
23	10	-3
24	9	-2
24	8	-2
24	8	-2
-215	46	-12
-205	48	-13
-205	53	-14
-205	59	-16
-207	64	-17
-205	69	-18
-207	74	-20
-205	79	-21
-205	85	-23
-204	90	-24
-204	95	-25
-228	112	-30
-212	111	-30
-210	116	-31
-203	119	-32
-202	124	-33
-204	132	-35
-204	138	-37
-309	219	-59
-296	220	-59
-255	199	-53
-258	211	-56
-251	215	-58
-237	214	-57
-223	211	-56
-215	212	-57
-202	209	-56
-194	211	-57
-183	209	-56
-173	207	-56
-164	206	-55
-158	209	-56
-156	217	-58
-157	228	-61
-153	234	-63
-145	235	-63
-137	234	-63
-135	243	-65
-135	256	-69
-130	262	-70
-6	18	-5
-5	17	-4
-4	17	-4
-4	17	-4
-4	17	-4
-3	17	-4
-3	17	-4
-2	17	-4
-2	17	-4
-1	17	-4
-1	17	-4
-1	17	-4
0	17	-4
0	17	-4
1	17	-4
1	17	-4
1	17	-4
2	17	-4
2	17	-4
3	17	-4
3	17	-4
3	17	-4
4	17	-4
4	17	-4
5	17	-4
5	17	-4
5	17	-4
6	17	-4
7	17	-4
7	17	-5
29	59	-16
28	53	-14
28	50	-13
27	46	-12
27	43	-12
27	40	-11
27	38	-10
27	36	-10
26	33	-9
26	31	-8
26	29	-8
26	28	-7
26	26	-7
25	25	-7
25	23	-6
25	22	-6
25	21	-6
25	20	-5
25	19	-5
25	17	-5
24	17	-4
24	16	-4
24	15	-4
24	14	-4
24	13	-3
24	12	-3
24	12	-3
24	11	-3
23	10	-3
23	9	-3
23	9	-2
24	8	-2
-207	29	-10
-197	32	-12
-206	38	-14
-207	42	-15
-207	47	-17
-207	52	-19
-207	57	-21
-207	62	-22
-206	66	-24
-205	71	-26
-205	76	-28
-205	81	-30
-205	87	-32
-203	91	-33
-203	97	-35
-205	103	-37
-199	106	-39
-197	110	-40
-196	116	-42
-190	118	-43
-194	127	-46
-192	132	-48
-203	145	-53
-257	193	-70
-258	203	-74
-256	211	-77
-253	218	-79
-244	221	-80
-230	218	-79
-220	218	-79
-32	38	-14
-30	38	-14
-25	35	-13
-24	37	-14
-23	38	-14
-22	38	-14
-21	38	-14
-20	38	-14
-19	38	-14
-17	38	-14
-16	38	-14
-5	17	-6
-4	17	-6
-4	17	-6
-3	17	-6
-3	17	-6
-3	17	-6
-2	17	-6
-2	17	-6
-1	17	-6
-1	17	-6
-1	17	-6
0	17	-6
0	17	-6
1	17	-6
1	17	-6
2	17	-6
2	17	-6
2	17	-6
3	17	-6
3	17	-6
5	17	-6
5	17	-6
5	17	-6
6	17	-6
6	17	-6
7	17	-6
7	17	-6
30	62	-23
28	54	-20
28	50	-18
28	47	-17
27	44	-16
27	41	-15
27	38	-14
27	36	-13
26	34	-12
26	32	-12
26	30	-11
26	28	-10
26	27	-10
25	25	-9
25	24	-9
25	22	-8
25	21	-8
25	20	-7
25	19	-7
25	18	-6
24	17	-6
24	16	-6
24	15	-5
24	14	-5
24	13	-5
24	12	-5
24	12	-4
24	11	-4
24	10	-4
24	9	-3
24	8	-3
24	8	-3
23	8	-3
23	7	-3
23	6	-2
23	5	-2
24	6	-2
-209	28	-10
-196	31	-11
-207	37	-14
-206	42	-15
-208	47	-17
-207	52	-19
-207	57	-21
-207	61	-22
-206	66	-24
-205	71	-26
-206	76	-28
-205	81	-30
-205	86	-31
-203	91	-33
-204	97	-35
-205	103	-38
-199	106	-39
-198	111	-40
-196	116	-42
-191	119	-43
-195	127	-46
-192	132	-48
-202	146	-53
-256	193	-70
-258	203	-74
-256	211	-77
-253	219	-80
-229	217	-79
-218	218	-79
-33	38	-14
-32	38	-14
-30	38	-14
-25	35	-13
-24	37	-14
-23	38	-14
-22	38	-14
-21	39	-14
-19	38	-14
-19	39	-14
-17	38	-14
-16	39	-14
-5	18	-6
-5	17	-6
-4	17	-6
-4	17	-6
-3	17	-6
-3	17	-6
-3	17	-6
-2	17	-6
-2	17	-6
-1	17	-6
-1	17	-6
0	17	-6
0	17	-6
0	17	-6
1	17	-6
1	17	-6
2	17	-6
2	17	-6
3	17	-6
3	17	-6
3	17	-6
4	17	-6
4	17	-6
5	17	-6
5	17	-6
6	17	-6
6	17	-6
6	17	-6
7	17	-6
7	17	-6
29	58	-21
28	53	-19
28	49	-18
27	46	-17
27	43	-16
27	40	-15
27	37	-14
27	35	-13
26	33	-12
26	31	-11
26	29	-11
26	28	-10
25	26	-9
25	24	-9
25	23	-8
25	22	-8
25	21	-7
25	20	-7
25	18	-7
25	17	-6
24	17	-6
24	15	-6
24	14	-5
24	14	-5
24	13	-5
24	12	-4
24	11	-4
24	11	-4
24	10	-4
24	9	-3
24	8	-3
23	8	-3
23	7	-3
23	6	-2
23	6	-2
23	5	-2
-203	28	-13
-202	32	-15
-208	37	-17
-208	42	-20
-207	47	-22
-207	51	-24
-207	56	-26
-207	61	-28
-206	65	-30
-208	70	-33
-205	74	-35
-205	80	-37
-205	85	-39
-204	89	-42
-204	95	-44
-204	100	-47
-197	102	-48
-198	108	-50
-196	113	-53
-194	118	-55
-195	124	-58
-203	136	-63
-202	142	-66
-256	187	-87
-257	197	-92
-255	205	-95
-253	213	-99
-227	210	-98
-216	210	-98
-25	38	-17
-24	38	-18
-22	37	-17
-21	37	-17
-20	37	-17
-19	38	-18
-18	37	-17
-16	38	-18
-5	17	-8
-4	16	-8
-4	16	-8
-3	16	-8
-3	16	-7
-2	16	-8
-2	16	-8
-2	16	-8
-1	16	-8
-1	16	-7
0	16	-8
0	16	-8
0	16	-7
1	16	-7
1	16	-7
2	16	-7
2	16	-8
3	16	-8
3	16	-8
4	16	-8
5	16	-8
5	16	-8
6	16	-8
6	16	-7
6	16	-8
7	16	-8
7	17	-8
28	56	-26
28	51	-24
28	47	-22
27	44	-21
27	41	-19
27	38	-18
27	36	-17
27	34	-16
26	32	-15
26	30	-14
26	28	-13
26	27	-12
26	25	-12
25	24	-11
25	22	-10
25	21	-10
25	20	-9
25	19	-9
25	18	-8
25	17	-8
24	16	-7
24	15	-7
24	14	-7
24	13	-6
24	13	-6
24	12	-6
24	11	-5
24	10	-5
24	10	-5
24	9	-4
23	8	-4
23	8	-4
24	7	-3
23	6	-3
23	6	-3
23	6	-3
-200	30	-14
-206	35	-16
-207	39	-18
-208	44	-21
-208	49	-23
-208	54	-25
-207	58	-27
-207	63	-29
-205	67	-31
-209	74	-34
-206	78	-36
-205	82	-38
-204	87	-41
-205	93	-43
-206	99	-46
-201	102	-48
-196	105	-49
-196	111	-52
-190	113	-53
-195	122	-57
-193	126	-59
-203	139	-65
-256	184	-86
-254	192	-89
-256	202	-94
-254	210	-98
-231	210	-98
-221	211	-98
-207	207	-97
-26	34	-16
-25	37	-17
-24	37	-17
-22	37	-17
-21	37	-17
-20	37	-17
-19	38	-18
-18	38	-18
-17	37	-17
-5	17	-8
-4	16	-8
-3	16	-8
-3	16	-8
-3	16	-7
-2	16	-8
-2	16	-8
-1	16	-8
-1	16	-8
0	16	-8
0	16	-8
0	16	-7
1	16	-8
1	16	-7
2	16	-7
2	16	-7
2	16	-7
4	16	-8
4	16	-8
5	16	-8
5	16	-8
5	16	-8
6	16	-8
6	16	-8
7	16	-8
7	16	-8
29	57	-27
28	52	-24
28	48	-22
27	45	-21
27	42	-19
27	39	-18
27	36	-17
26	34	-16
26	32	-15
26	30	-14
26	29	-13
26	27	-12
26	25	-12
25	24	-11
25	22	-10
25	21	-10
25	20	-9
25	19	-9
25	18	-8
25	17	-8
25	16	-7
24	15	-7
24	14	-7
24	13	-6
24	13	-6
24	12	-5
24	11	-5
24	10	-5
24	10	-4
24	9	-4
24	8	-4
24	7	-3
23	7	-3
23	6	-3
23	6	-3
23	6	-3
-197	27	-16
-207	33	-19
-208	37	-21
-207	41	-24
-207	46	-26
-206	50	-29
-207	54	-31
-207	59	-34
-205	63	-36
-206	68	-39
-206	73	-42
-205	77	-45
-204	82	-47
-203	87	-50
-204	92	-53
-205	98	-57
-206	104	-60
-206	109	-63
-196	110	-63
-193	114	-66
-194	120	-69
-203	132	-76
-203	138	-79
-255	181	-104
-257	191	-110
-256	199	-115
-254	207	-119
-34	32	-18
-33	32	-18
-32	32	-19
-29	32	-18
-28	32	-18
-26	32	-19
-24	32	-19
-23	32	-18
-21	32	-18
-20	31	-18
-19	32	-18
-18	32	-18
-17	32	-18
-16	31	-18
-15	32	-18
-14	32	-18
-5	16	-9
-5	16	-9
-4	16	-9
-4	16	-9
-3	16	-9
-3	16	-9
-2	16	-9
-2	16	-9
-2	16	-9
-1	16	-9
-1	16	-9
0	16	-9
0	16	-9
1	16	-9
1	16	-9
1	16	-9
2	16	-9
2	16	-9
4	16	-9
4	16	-9
4	16	-9
5	16	-9
5	16	-9
6	16	-9
6	16	-9
7	16	-9
7	16	-9
8	16	-9
28	52	-30
28	48	-28
28	45	-26
27	42	-24
27	39	-22
27	36	-21
27	34	-20
26	32	-18
26	30	-17
26	28	-16
26	27	-15
25	25	-14
25	24	-14
25	22	-13
25	21	-12
25	20	-11
25	19	-11
25	18	-10
25	17	-10
25	16	-9
24	15	-9
24	14	-8
24	13	-8
24	13	-7
24	12	-7
24	11	-7
24	11	-6
24	9	-5
24	9	-5
24	8	-5
24	8	-4
23	7	-4
23	7	-4
23	6	-4
23	5	-3
23	5	-3
-198	27	-15
-207	32	-19
-207	36	-21
-208	41	-24
-207	45	-26
-206	49	-29
-207	54	-31
-207	59	-34
-205	63	-36
-205	68	-39
-205	72	-42
-205	77	-44
-204	82	-47
-203	86	-50
-203	92	-53
-204	97	-56
-206	103	-60
-206	109	-63
-196	109	-63
-193	113	-65
-194	119	-69
-203	131	-76
-203	137	-79
-255	181	-104
-256	190	-110
-255	198	-114
-254	207	-120
-34	31	-18
-33	32	-18
-31	32	-18
-29	31	-18
-28	32	-18
-26	32	-19
-24	31	-18
-23	32	-18
-22	32	-18
-20	31	-18
-19	32	-18
-18	32	-18
-17	32	-18
-16	32	-18
-15	32	-18
-14	32	-18
-5	16	-9
-5	16	-9
-4	16	-9
-3	16	-9
-3	16	-9
-2	16	-9
-2	16	-9
-2	16	-9
-1	16	-9
-1	16	-9
0	16	-9
0	16	-9
1	16	-9
1	16	-9
1	16	-9
2	16	-9
2	16	-9
3	16	-9
3	16	-9
4	16	-9
4	16	-9
4	16	-9
5	16	-9
5	16	-9
6	16	-9
6	16	-9
7	16	-9
7	16	-9
28	47	-27
28	44	-25
27	41	-24
27	38	-22
27	36	-21
27	34	-19
26	32	-18
26	30	-17
26	28	-16
26	26	-15
26	25	-14
25	24	-14
25	22	-13
25	21	-12
25	20	-11
25	19	-11
25	17	-10
25	17	-10
25	16	-9
24	15	-8
24	14	-8
24	13	-8
24	12	-7
24	11	-7
24	11	-6
24	10	-6
24	9	-5
24	9	-5
24	8	-5
23	8	-5
23	7	-4
23	7	-4
23	5	-3
23	5	-3
23	5	-3
-208	21	-15
-201	24	-17
-203	29	-20
-207	33	-23
-208	37	-26
-87	19	-13
-209	54	-38
-208	58	-41
-205	62	-44
-206	67	-47
-205	71	-50
-205	76	-53
-204	80	-56
-204	85	-59
-203	89	-62
-212	104	-72
-205	106	-74
-207	112	-78
-204	116	-81
-205	123	-86
-203	128	-89
-32	24	-17
-31	24	-17
-30	24	-17
-28	24	-17
-27	24	-17
-25	23	-16
-24	24	-17
-23	24	-17
-22	24	-17
-21	24	-17
-20	24	-17
-19	24	-17
-18	24	-17
-17	24	-17
-16	24	-16
-15	24	-17
-14	24	-17
-13	24	-17
-12	24	-16
-12	24	-16
-10	24	-17
-10	24	-16
-5	16	-11
-5	16	-11
-4	16	-11
-4	16	-11
-3	15	-11
-3	15	-11
-2	16	-11
-2	15	-11
-1	15	-11
-1	15	-11
-1	15	-11
0	15	-11
0	15	-11
1	15	-11
1	15	-11
2	15	-11
2	15	-11
3	15	-11
3	15	-11
3	15	-11
4	16	-11
4	16	-11
5	16	-11
5	15	-11
6	15	-11
6	15	-11
7	15	-11
7	15	-11
8	15	-11
12	24	-17
13	24	-17
14	24	-17
15	24	-17
15	24	-17
27	35	-25
27	33	-23
27	31	-22
26	29	-21
26	27	-19
26	26	-18
26	25	-17
25	23	-16
25	22	-15
25	21	-14
25	20	-14
25	18	-13
25	17	-12
25	17	-12
24	16	-11
24	15	-10
24	14	-10
24	13	-9
24	12	-9
24	12	-8
24	11	-7
24	10	-7
24	9	-7
24	9	-6
24	8	-6
24	7	-5
24	7	-5
24	6	-4
23	6	-4
23	5	-3
23	5	-3
23	5	-3
23	4	-3
23	4	-3
-212	20	-14
-215	25	-17
-204	27	-19
-206	32	-22
-207	36	-25
-87	18	-13
-204	43	-30
-207	48	-34
-207	53	-37
-209	58	-40
-209	62	-43
-206	65	-46
-209	71	-50
-205	74	-52
-204	79	-55
-204	84	-59
-204	88	-62
-204	93	-65
-214	103	-72
-206	104	-73
-206	110	-77
-206	116	-81
-206	121	-85
-204	126	-88
-34	24	-17
-32	24	-17
-30	24	-17
-29	24	-17
-27	24	-17
-25	24	-17
-23	24	-17
-22	24	-17
-21	24	-17
-20	24	-17
-19	24	-17
-18	24	-17
-17	24	-17
-16	24	-17
-15	24	-17
-14	24	-17
-13	24	-16
-12	24	-17
-12	24	-16
-11	24	-16
-10	23	-16
-5	16	-11
-5	16	-11
-4	16	-11
-4	16	-11
-3	15	-11
-3	15	-11
-1	15	-11
-1	15	-11
-1	15	-11
0	15	-11
0	15	-11
1	15	-11
1	15	-11
2	15	-11
2	15	-11
2	15	-11
3	15	-11
3	15	-11
4	15	-11
4	16	-11
5	15	-11
5	15	-11
6	15	-11
6	15	-11
7	15	-11
7	15	-11
8	15	-11
13	24	-17
13	24	-17
14	24	-17
15	24	-17
15	24	-17
27	36	-25
27	34	-23
26	32	-22
26	30	-21
26	28	-19
26	26	-18
26	25	-17
26	23	-16
25	22	-15
25	21	-14
25	20	-14
25	18	-13
25	17	-12
25	17	-12
25	16	-11
24	15	-10
24	14	-10
24	13	-9
24	13	-9
24	12	-8
24	11	-8
24	10	-7
24	10	-7
24	9	-6
24	9	-6
24	8	-6
23	7	-5
24	6	-4
23	6	-4
23	6	-4
23	5	-3
23	4	-3
23	4	-3
23	3	-2
-216	15	-13
-204	18	-15
-211	23	-19
-205	26	-22
-206	30	-25
-206	34	-28
-206	37	-31
-207	41	-35
-208	45	-38
-207	49	-41
-206	53	-44
-205	57	-48
-208	62	-52
-206	65	-55
-205	70	-59
-204	74	-62
-203	78	-65
-203	82	-69
-203	87	-73
-229	103	-86
-212	100	-84
-208	104	-87
-34	20	-16
-32	20	-17
-31	20	-17
-29	20	-16
-28	20	-17
-26	20	-16
-10	9	-8
-10	9	-8
-9	9	-8
-9	9	-8
-8	9	-8
-19	19	-16
-10	17	-14
-9	19	-16
-9	19	-16
-8	19	-16
-5	16	-13
-4	15	-13
-4	15	-13
-3	15	-13
-3	15	-13
-3	15	-13
-2	15	-13
-2	15	-13
-1	15	-13
-1	15	-13
0	15	-13
0	15	-13
1	15	-13
1	15	-13
1	15	-13
2	15	-13
2	15	-12
3	15	-13
3	15	-13
4	15	-13
4	15	-12
5	15	-13
5	15	-12
6	15	-12
6	15	-12
7	15	-13
7	15	-13
7	15	-13
11	19	-16
11	20	-16
12	20	-16
13	19	-16
14	20	-16
14	20	-17
15	20	-16
26	30	-25
26	28	-23
26	26	-22
26	25	-21
26	23	-20
25	22	-19
25	21	-18
25	20	-16
25	19	-16
25	17	-15
25	16	-14
25	16	-13
25	15	-13
24	14	-12
24	13	-11
24	13	-11
24	12	-10
24	11	-9
24	10	-9
24	10	-8
24	9	-8
24	9	-7
24	8	-7
24	7	-6
24	7	-6
23	6	-5
23	6	-5
23	5	-4
23	5	-4
23	4	-4
23	4	-3
23	3	-3
23	3	-2
-219	15	-13
-205	18	-15
-212	22	-19
-205	25	-21
-206	29	-25
-206	33	-28
-208	37	-31
-207	41	-34
-207	45	-38
-209	49	-41
-205	52	-44
-205	56	-47
-209	62	-52
-207	65	-55
-205	69	-58
-204	73	-61
-204	78	-65
-204	82	-69
-202	86	-72
-227	102	-85
-215	102	-85
-207	103	-86
-34	20	-17
-32	20	-17
-31	20	-17
-29	20	-17
-28	20	-16
-26	20	-16
-9	9	-8
-9	9	-8
-9	9	-8
-8	9	-8
-19	19	-16
-10	17	-14
-9	19	-16
-9	19	-16
-8	19	-16
-5	16	-13
-4	15	-13
-4	15	-13
-3	15	-13
-3	15	-13
-3	15	-13
-2	15	-13
-2	15	-13
-1	15	-13
-1	15	-13
0	15	-13
0	15	-13
1	15	-13
1	15	-12
2	15	-13
2	15	-13
2	15	-13
3	15	-13
3	15	-12
4	15	-13
4	15	-13
5	15	-13
5	15	-13
6	15	-13
6	15	-13
7	15	-12
7	15	-13
8	15	-13
10	20	-17
11	19	-16
12	19	-16
12	20	-16
13	19	-16
14	20	-16
14	20	-17
15	20	-16
26	30	-25
26	28	-23
26	26	-22
26	25	-21
26	23	-20
26	22	-18
25	21	-17
25	20	-16
25	19	-16
25	17	-15
25	16	-14
25	16	-13
25	15	-12
25	14	-12
24	13	-11
24	12	-10
24	12	-10
24	11	-9
24	10	-9
24	10	-8
24	9	-7
24	9	-7
24	8	-7
23	8	-6
24	7	-6
23	6	-5
24	5	-5
23	5	-4
23	4	-4
23	4	-3
23	4	-3
23	4	-3
23	3	-3
-218	9	-9
-207	12	-12
-205	15	-15
-202	18	-18
-84	10	-10
-85	12	-12
-85	13	-13
-83	14	-14
-85	16	-16
-207	51	-51
-210	55	-55
-204	57	-57
-203	61	-61
-204	65	-65
-204	69	-69
-204	74	-74
-203	77	-77
-33	15	-15
-32	15	-15
-30	15	-15
-28	15	-15
-11	7	-7
-26	15	-15
-23	15	-15
-21	15	-15
-20	16	-16
-19	15	-15
-18	15	-15
-17	15	-15
-15	15	-15
-8	8	-8
-7	8	-8
-13	15	-15
-12	15	-15
-12	15	-15
-11	15	-15
-10	15	-15
-10	15	-15
-8	15	-15
-8	15	-15
-7	15	-15
-7	15	-15
-6	15	-15
-6	15	-15
-5	15	-15
-5	15	-15
-4	15	-15
-4	15	-15
-3	15	-15
-3	15	-15
-2	15	-15
-2	15	-15
-1	15	-15
-1	15	-15
0	15	-15
0	15	-15
1	15	-15
1	15	-15
1	15	-15
2	15	-15
3	15	-15
3	15	-15
4	15	-15
4	15	-15
5	15	-15
5	15	-15
5	15	-15
6	15	-15
7	15	-15
7	15	-15
8	15	-15
8	15	-15
9	15	-15
9	15	-15
9	15	-15
10	15	-15
11	15	-15
12	15	-15
12	15	-15
13	15	-15
13	15	-15
14	15	-15
14	15	-15
15	15	-15
26	23	-23
25	21	-21
25	20	-20
25	19	-19
25	18	-18
25	17	-17
25	16	-16
25	15	-15
25	14	-14
25	14	-14
24	13	-13
24	12	-12
24	11	-11
24	11	-11
24	10	-10
24	9	-9
24	9	-9
24	9	-9
24	8	-8
24	7	-7
24	7	-7
23	6	-6
24	6	-6
23	5	-5
23	5	-5
23	4	-4
23	4	-4
23	4	-4
23	3	-3
23	3	-3
23	2	-2
23	2	-2
23	2	-2
-219	8	-8
-210	11	-11
-204	14	-14
-202	18	-18
-86	10	-10
-88	12	-12
-86	13	-13
-84	14	-14
-83	15	-15
-208	50	-50
-209	54	-54
-204	57	-57
-202	60	-60
-204	65	-65
-205	69	-69
-205	73	-73
-204	77	-77
-34	15	-15
-32	15	-15
-30	15	-15
-29	15	-15
-11	7	-7
-11	7	-7
-23	15	-15
-22	15	-15
-21	16	-16
-19	15	-15
-18	15	-15
-17	15	-15
-16	15	-15
-15	15	-15
-7	8	-8
-14	15	-15
-12	15	-15
-12	15	-15
-11	15	-15
-10	15	-15
-9	15	-15
-8	15	-15
-8	15	-15
-7	15	-15
-7	15	-15
-7	15	-15
-6	15	-15
-5	15	-15
-5	15	-15
-4	15	-15
-4	15	-15
-3	15	-15
-3	15	-15
-2	15	-15
-2	15	-15
-1	15	-15
-1	15	-15
0	15	-15
0	15	-15
1	15	-15
1	15	-15
2	15	-15
2	15	-15
3	15	-15
3	15	-15
4	15	-15
4	15	-15
4	15	-15
5	15	-15
6	15	-15
6	15	-15
7	15	-15
7	15	-15
8	15	-15
8	15	-15
8	15	-15
9	15	-15
10	15	-15
10	15	-15
10	15	-15
11	15	-15
12	15	-15
13	15	-15
13	15	-15
14	14	-14
14	15	-15
15	15	-15
16	15	-15
26	22	-22
25	20	-20
25	19	-19
25	18	-18
25	17	-17
25	16	-16
25	15	-15
25	15	-15
25	14	-14
24	13	-13
24	12	-12
24	11	-11
24	11	-11
24	10	-10
24	10	-10
24	9	-9
24	8	-8
24	8	-8
24	7	-7
23	7	-7
24	6	-6
23	6	-6
23	5	-5
23	5	-5
23	4	-4
23	4	-4
23	4	-4
23	3	-3
23	3	-3
23	3	-3
23	2	-2
23	2	-2
23	1	-1
-217	3	-3
-212	6	-7
-208	9	-10
-206	12	-14
-204	15	-18
-88	10	-12
-83	11	-13
-81	12	-14
-80	13	-15
-80	14	-17
-80	15	-18
-204	47	-56
-205	50	-60
-204	54	-64
-205	57	-68
-206	61	-73
-34	12	-15
-32	12	-15
-12	6	-7
-27	12	-15
-25	12	-14
-24	12	-15
-24	13	-15
-21	12	-14
-20	12	-15
-19	12	-14
-18	12	-14
-17	12	-14
-16	12	-14
-16	12	-14
-14	12	-15
-14	12	-15
-13	12	-15
-11	12	-14
-11	12	-14
-10	12	-14
-10	12	-15
-9	12	-14
-9	12	-14
-8	12	-14
-8	12	-14
-7	12	-14
-7	12	-14
-6	12	-14
-6	12	-14
-5	12	-14
-5	12	-14
-4	12	-14
-4	12	-14
-3	12	-14
-3	12	-14
-2	12	-14
-2	12	-14
-2	12	-14
-1	12	-14
-1	12	-14
0	12	-14
0	12	-14
0	12	-14
1	12	-14
1	12	-14
2	12	-14
2	12	-14
3	12	-14
3	12	-14
3	12	-14
4	12	-14
4	12	-14
5	12	-14
5	12	-14
6	12	-14
6	12	-14
7	12	-14
7	12	-14
8	12	-14
8	12	-14
9	12	-14
9	12	-14
10	12	-14
10	12	-14
11	12	-14
11	12	-14
12	12	-14
13	12	-14
13	12	-14
14	12	-14
14	12	-14
15	12	-14
16	12	-14
25	18	-21
25	17	-20
25	16	-19
25	15	-18
25	14	-17
25	13	-16
24	13	-15
24	12	-14
24	11	-13
24	10	-12
24	10	-12
24	9	-11
24	9	-11
24	8	-10
24	8	-9
24	7	-9
24	7	-8
24	6	-7
23	6	-7
23	5	-7
23	5	-6
23	5	-6
23	4	-5
23	4	-5
23	3	-4
23	3	-4
23	2	-3
23	2	-3
23	2	-2
23	1	-2
23	1	-2
23	1	-1
-216	3	-4
-211	6	-7
-208	9	-11
-207	12	-15
-205	15	-18
-86	10	-12
-83	11	-13
-81	12	-14
-80	13	-16
-80	14	-17
-80	16	-19
-204	47	-56
-203	50	-60
-203	54	-64
-204	58	-69
-208	63	-75
-34	12	-15
-32	12	-15
-12	6	-7
-26	12	-15
-25	12	-14
-20	12	-14
-19	12	-14
-18	12	-14
-17	12	-14
-16	12	-15
-15	12	-15
-15	12	-14
-13	12	-14
-12	12	-15
-12	12	-14
-11	12	-14
-10	12	-14
-10	12	-15
-9	12	-14
-9	12	-14
-8	12	-14
-8	12	-14
-7	12	-14
-7	12	-14
-6	12	-14
-6	12	-14
-5	12	-14
-5	12	-14
-4	12	-14
-4	12	-14
-3	12	-14
-3	12	-14
-2	12	-14
-2	12	-14
-2	12	-14
-1	12	-14
-1	12	-14
0	12	-14
0	12	-14
1	12	-14
1	12	-14
1	12	-14
2	12	-14
2	12	-14
3	12	-14
3	12	-14
4	12	-14
4	12	-14
4	12	-14
5	12	-14
5	12	-14
6	12	-14
6	12	-14
7	12	-14
7	12	-14
8	12	-14
8	12	-14
9	12	-14
9	12	-14
10	12	-14
10	12	-14
11	12	-14
11	12	-14
12	12	-14
13	12	-14
13	12	-14
14	12	-14
15	12	-14
15	12	-14
16	12	-14
25	17	-21
25	16	-20
25	16	-19
25	15	-17
25	14	-16
24	13	-16
25	12	-15
24	12	-14
24	11	-13
24	11	-13
24	10	-12
24	9	-11
24	9	-11
24	8	-10
24	8	-9
24	7	-8
24	7	-8
24	6	-7
23	6	-7
23	5	-6
23	5	-6
23	4	-5
23	4	-5
23	4	-5
23	3	-4
23	3	-4
23	2	-3
23	2	-2
23	2	-2
23	1	-1
23	1	-1
23	1	-1
-217	0	1
-210	2	-3
-209	5	-7
-207	8	-11
-207	11	-15
-206	13	-19
-88	8	-11
-85	9	-12
-82	9	-14
-80	10	-15
-79	11	-16
-80	13	-18
-79	14	-20
-82	15	-22
-204	48	-68
-206	52	-74
-33	10	-15
-31	10	-15
-12	5	-7
-12	5	-7
-26	10	-15
-25	10	-15
-21	10	-15
-20	10	-15
-18	10	-15
-18	10	-14
-17	10	-14
-16	10	-15
-15	10	-14
-14	10	-15
-13	10	-14
-13	10	-14
-11	10	-14
-11	10	-14
-10	10	-14
-9	10	-14
-8	10	-14
-8	10	-14
-8	10	-14
-7	10	-14
-7	10	-14
-6	10	-14
-6	10	-14
-5	10	-14
-5	10	-14
-4	10	-14
-4	10	-14
-4	10	-14
-3	10	-14
-3	10	-14
-2	10	-14
-2	10	-14
-1	10	-14
-1	10	-14
-1	10	-14
0	10	-14
0	10	-14
1	10	-14
1	10	-14
1	10	-14
2	10	-14
2	10	-14
3	10	-14
3	10	-14
3	10	-14
4	10	-14
4	10	-14
5	10	-14
5	10	-14
5	10	-14
6	10	-14
6	10	-14
7	10	-14
8	10	-14
9	10	-14
9	10	-14
10	10	-14
10	10	-14
11	10	-14
11	10	-14
12	10	-14
12	10	-14
13	10	-14
14	10	-14
14	10	-14
25	15	-21
25	14	-20
25	13	-19
24	12	-18
24	12	-17
24	11	-16
24	10	-15
24	10	-14
24	9	-13
24	9	-13
25	8	-12
24	7	-10
24	7	-10
24	6	-9
24	6	-8
24	5	-7
23	5	-8
23	5	-7
23	4	-6
23	4	-5
23	3	-5
23	3	-5
23	3	-4
23	3	-4
23	2	-3
23	2	-3
23	2	-3
23	1	-2
23	1	-1
23	1	-1
-213	2	-2
-209	4	-6
-208	7	-10
-207	10	-14
-206	12	-18
-86	8	-12
-82	9	-13
-80	10	-15
-79	11	-16
-79	12	-18
-79	13	-19
-81	15	-21
-204	47	-67
-205	50	-72
-35	10	-15
-32	10	-15
-30	10	-15
-12	5	-7
-27	10	-15
-25	10	-15
-20	10	-15
-19	10	-15
-18	10	-15
-17	10	-15
-16	10	-14
-15	10	-15
-14	10	-15
-14	10	-14
-13	10	-14
-12	10	-15
-11	10	-14
-10	10	-14
-9	10	-15
-9	10	-14
-8	10	-14
-8	10	-14
-7	10	-14
-7	10	-14
-6	10	-14
-6	10	-14
-5	10	-14
-5	10	-14
-4	10	-14
-4	10	-14
-4	10	-14
-3	10	-14
-3	10	-14
-2	10	-14
-2	10	-14
-1	10	-14
-1	10	-14
-1	10	-14
0	10	-14
0	10	-14
1	10	-14
1	10	-14
1	10	-14
2	10	-14
2	10	-14
3	10	-14
3	10	-14
3	10	-14
4	10	-14
4	10	-14
4	10	-14
5	10	-14
5	10	-14
6	10	-14
6	10	-14
7	10	-14
7	10	-14
7	10	-14
8	10	-14
9	10	-14
9	10	-14
10	10	-14
10	10	-14
11	10	-14
11	10	-14
12	10	-14
12	10	-14
13	10	-14
13	10	-14
14	10	-14
25	15	-21
25	14	-20
25	13	-19
25	12	-18
24	12	-17
24	11	-16
24	11	-15
24	10	-14
24	9	-13
24	9	-13
25	8	-12
24	7	-10
24	7	-10
24	6	-9
24	6	-8
23	6	-8
24	5	-7
23	5	-7
23	4	-6
23	4	-6
23	4	-6
23	3	-5
23	3	-4
23	3	-4
23	2	-4
23	2	-3
23	1	-2
23	1	-2
23	1	-2
23	1	-1
23	0	0
23	0	0
-215	-4	6
-208	-1	2
-208	2	-3
-209	4	-7
-207	6	-11
-207	9	-15
-207	11	-19
-204	13	-23
-203	16	-27
-85	8	-15
-83	9	-16
-81	10	-17
-80	11	-19
-31	8	-14
-30	8	-14
-26	8	-14
-24	8	-14
-17	8	-14
-16	8	-14
-15	8	-14
-15	8	-14
-14	8	-14
-13	8	-14
-12	8	-14
-12	8	-14
-8	5	-9
-7	5	-9
-10	8	-13
-9	8	-13
-9	8	-14
-8	8	-13
-8	8	-13
-7	8	-13
-7	8	-13
-6	8	-13
-6	8	-13
-5	8	-13
-5	8	-13
-5	8	-13
-4	8	-13
-4	8	-13
-3	8	-13
-3	8	-13
-3	8	-13
-2	8	-13
-2	8	-13
-2	8	-13
-1	8	-13
-1	8	-13
-1	8	-13
0	8	-13
0	8	-13
1	8	-13
1	8	-13
1	8	-13
2	8	-13
2	8	-13
2	8	-13
3	8	-13
3	8	-13
3	8	-13
4	8	-13
4	8	-13
4	8	-13
5	8	-13
5	8	-13
6	8	-13
6	8	-13
7	8	-13
7	8	-13
7	8	-13
8	8	-13
8	8	-13
9	8	-14
9	8	-13
9	8	-13
10	8	-13
11	8	-13
11	8	-13
12	8	-13
12	8	-13
25	11	-20
24	11	-19
24	10	-18
24	10	-17
24	9	-16
24	9	-15
25	6	-10
24	5	-9
23	5	-8
23	5	-8
23	4	-8
23	4	-7
23	3	-6
23	3	-6
23	3	-5
23	3	-5
23	2	-4
23	2	-3
23	2	-3
23	2	-3
23	1	-2
23	1	-2
23	1	-1
-220	-5	9
-216	-3	5
-208	0	0
-207	2	-4
-209	5	-8
-207	7	-12
-207	9	-16
-207	12	-20
-205	14	-24
-85	9	-15
-82	9	-16
-80	10	-17
-31	8	-14
-29	8	-14
-26	8	-14
-24	8	-14
-19	8	-15
-17	8	-14
-16	8	-14
-16	8	-14
-14	8	-14
-14	8	-14
-13	8	-14
-12	8	-14
-12	8	-14
-7	6	-10
-7	5	-9
-10	8	-13
-9	8	-13
-8	8	-13
-8	8	-13
-7	8	-13
-7	8	-13
-7	8	-13
-6	8	-13
-6	8	-13
-5	8	-13
-5	8	-13
-5	8	-13
-4	8	-13
-4	8	-13
-3	8	-13
-3	8	-13
-3	8	-13
-2	8	-13
-2	8	-13
-1	8	-13
-1	8	-13
-1	8	-13
0	8	-13
0	8	-13
0	8	-13
1	8	-13
1	8	-13
1	8	-13
2	8	-13
2	8	-13
2	8	-13
3	8	-13
3	8	-13
4	8	-13
4	8	-13
4	8	-13
5	8	-13
5	8	-13
5	8	-13
6	8	-13
6	8	-13
7	8	-13
7	8	-13
7	8	-13
8	8	-13
8	8	-13
9	8	-13
9	8	-13
10	8	-13
10	8	-13
11	8	-13
11	8	-13
12	8	-13
12	8	-13
25	11	-20
24	11	-19
24	10	-18
24	10	-17
24	9	-16
24	9	-15
26	7	-11
24	6	-10
24	5	-9
24	5	-8
23	4	-8
23	4	-8
23	4	-7
23	3	-6
23	3	-6
23	3	-5
23	3	-5
23	2	-4
23	2	-3
23	2	-3
23	1	-2
23	1	-2
23	1	-2
23	1	-1
23	0	0
23	0	0
-219	-7	14
-212	-4	9
-213	-2	5
-208	0	0
-208	2	-4
-209	4	-9
-208	6	-13
-208	8	-17
-206	10	-22
-204	12	-26
-82	7	-15
-82	8	-17
25	5	-10
23	4	-9
23	4	-8
23	3	-7
23	3	-7
23	3	-6
23	2	-5
23	2	-5
23	2	-4
23	2	-4
23	1	-3
23	1	-3
23	1	-3
23	1	-2
23	1	-2
-222	-8	17
-218	-6	12
-211	-3	7
-210	-1	3
-207	1	-2
-209	3	-6
-210	5	-10
-207	7	-15
-206	9	-19
-206	11	-23
-206	13	-28
-83	8	-16
25	5	-11
24	4	-9
23	4	-8
23	4	-8
23	3	-7
23	3	-6
23	3	-6
23	3	-5
23	2	-4
23	2	-4
23	2	-3
23	1	-3
23	1	-2
23	1	-2
23	1	-2
23	1	-1
23	0	-1
23	0	0
-218	-43	117
-218	-41	111
-219	-38	105
-218	-36	99
-217	-34	93
-216	-32	87
-215	-29	81
-216	-28	76
-214	-26	70
-214	-24	65
-222	-11	32
-219	-10	26
-213	-8	21
-214	-6	16
-211	-4	11
-212	-2	7
-208	-1	2
-207	1	-3
-209	3	-7
-209	4	-12
-208	6	-16
-208	8	-21
-206	9	-25
-204	11	-30
25	3	-8
23	3	-7
23	2	-6
23	2	-6
23	2	-6
23	2	-5
23	2	-5
23	1	-4
23	1	-3
23	1	-2
23	1	-2
23	1	-2
23	0	-1
-216	-41	114
-218	-39	108
-219	-37	103
-218	-35	97
-215	-33	90
-217	-31	85
-218	-29	80
-216	-27	73
-215	-25	68
-210	-22	61
-220	-11	29
-217	-9	24
-213	-7	19
-213	-5	14
-211	-3	9
-212	-2	5
-208	0	0
-209	2	-5
-209	3	-9
-208	5	-14
-208	7	-18
-206	8	-23
-206	10	-27
25	3	-9
24	3	-8
23	2	-6
23	2	-6
23	2	-6
23	2	-5
23	2	-4
23	2	-4
23	1	-3
23	1	-3
23	1	-2
23	1	-2
23	1	-1
23	0	-1
23	0	0
-217	-32	121
-218	-31	115
-218	-29	108
-217	-27	102
-217	-26	96
-215	-24	90
-215	-22	84
-218	-21	79
-214	-19	72
-210	-18	66
-203	-16	58
-221	-13	48
-218	-11	42
-214	-10	36
-214	-8	31
-215	-7	27
-213	-6	22
-213	-5	17
-212	-3	12
-213	-2	7
-209	-1	2
-207	1	-3
-209	2	-7
-210	3	-12
-208	4	-16
-208	6	-21
24	2	-8
23	2	-6
23	1	-5
23	1	-5
23	1	-5
23	1	-4
23	1	-3
23	1	-2
23	1	-2
23	0	-1
23	0	-1
-218	-31	117
-218	-29	110
-217	-28	103
-216	-26	97
-215	-24	91
-215	-23	85
-216	-21	80
-214	-20	74
-211	-18	67
-204	-16	60
-219	-12	43
-214	-10	37
-214	-9	33
-217	-8	28
-214	-6	23
-214	-5	18
-211	-3	13
-212	-2	8
-210	-1	3
-207	0	-1
-208	2	-6
-210	3	-11
-209	4	-16
-208	5	-20
24	2	-7
23	2	-6
23	1	-5
23	1	-5
23	1	-4
23	1	-4
23	1	-3
23	1	-3
23	1	-2
23	0	-1
