0	0	0
-79	17	17
-77	18	18
-76	19	19
-76	20	20
-75	21	21
-75	22	22
-77	26	26
-76	27	27
-78	30	30
-76	31	31
-74	32	32
-71	34	34
-68	34	34
-64	34	34
-61	34	34
-58	34	34
-55	34	34
-53	33	33
-50	34	34
-48	34	34
-46	34	34
-44	33	33
-42	34	34
-40	34	34
-38	34	34
-36	34	34
-34	33	33
-32	33	33
-30	33	33
-29	33	33
-27	33	33
-26	33	33
-23	34	34
-21	33	33
-20	33	33
-19	33	33
-17	33	33
-16	34	34
-15	33	33
-13	33	33
-12	33	33
-11	33	33
-10	33	33
-8	33	33
-7	33	33
-6	33	33
-4	33	33
-3	33	33
-2	33	33
-1	33	33
0	33	33
1	33	33
3	33	33
4	33	33
5	33	33
6	33	33
7	33	33
9	33	33
10	33	33
11	33	33
12	33	33
14	33	33
15	33	33
16	34	34
17	33	33
19	34	34
20	33	33
22	34	34
23	33	33
27	33	33
29	33	33
30	34	34
32	33	33
33	33	33
35	33	33
37	34	34
39	34	34
41	34	34
42	33	33
44	34	34
47	34	34
49	34	34
51	34	34
53	34	34
56	34	34
59	34	34
61	34	34
64	34	34
67	34	34
70	34	34
72	33	33
89	38	38
-79	17	17
-77	17	17
-76	20	20
-75	21	21
-76	22	22
-77	26	26
-77	27	27
-78	30	30
-77	31	31
-74	32	32
-71	34	34
-67	34	34
-64	34	34
-61	34	34
-58	34	34
-55	34	34
-53	34	34
-51	34	34
-48	34	34
-46	34	34
-44	34	34
-41	34	34
-40	34	34
-38	34	34
-36	34	34
-34	33	33
-32	33	33
-30	33	33
-29	34	34
-27	34	34
-23	34	34
-21	33	33
-20	34	34
-19	34	34
-17	33	33
-16	33	33
-14	33	33
-13	33	33
-12	33	33
-10	33	33
-9	33	33
-8	33	33
-7	33	33
-6	33	33
-4	33	33
-3	33	33
-2	33	33
-1	33	33
0	33	33
2	33	33
3	34	34
4	33	33
5	33	33
6	33	33
7	33	33
9	33	33
10	33	33
11	33	33
12	33	33
14	33	33
15	33	33
16	33	33
18	33	33
19	34	34
20	33	33
22	33	33
23	33	33
27	34	34
29	33	33
30	34	34
32	34	34
34	33	33
35	34	34
37	34	34
39	34	34
41	34	34
43	34	34
45	34	34
47	34	34
49	34	34
52	34	34
54	34	34
57	34	34
59	34	34
62	34	34
65	34	34
68	34	34
72	34	34
-79	19	15
-75	22	18
-75	23	19
-76	28	23
-77	30	24
-78	34	27
-76	35	28
-75	38	31
-70	37	30
-67	37	30
-64	37	30
-61	37	30
-58	37	30
-55	37	30
-52	37	30
-50	37	30
-48	37	30
-45	37	30
-43	37	30
-41	37	30
-39	37	30
-37	37	30
-35	37	30
-34	37	30
-32	37	30
-30	37	30
-28	37	30
-27	37	30
-22	37	30
-21	37	30
-20	37	30
-18	37	30
-17	37	30
-15	37	30
-14	37	30
-13	37	30
-12	37	30
-10	37	30
-9	37	30
-8	37	30
-7	37	30
-5	37	30
-4	37	30
-3	37	30
-2	37	30
-1	37	30
1	37	30
2	37	30
3	37	30
4	37	30
5	37	30
7	37	30
8	37	30
9	37	30
10	37	30
11	37	30
13	37	30
14	37	30
15	37	30
17	37	30
18	37	30
19	37	30
20	37	30
22	37	30
23	37	30
28	37	30
29	37	30
31	37	30
32	37	30
34	37	30
36	37	30
38	37	30
39	37	30
41	37	30
43	37	30
45	37	30
47	37	30
49	37	30
52	37	30
54	37	30
57	37	30
59	37	30
62	38	30
65	37	30
68	37	30
72	38	31
-79	19	15
-77	20	16
-75	22	18
-75	23	19
-77	28	23
-77	30	24
-78	34	27
-77	35	28
-70	37	30
-67	37	30
-64	37	30
-61	37	30
-58	37	30
-55	37	30
-52	37	30
-50	37	30
-48	37	30
-45	37	30
-43	37	30
-41	37	30
-39	37	30
-37	37	30
-35	37	30
-34	37	30
-32	37	30
-30	37	30
-29	37	30
-27	37	30
-22	37	30
-21	37	30
-20	37	30
-18	37	30
-17	37	30
-16	37	30
-14	37	30
-13	37	30
-12	37	30
-10	37	30
-9	37	30
-8	37	30
-6	37	30
-5	37	30
-4	37	30
-3	37	30
-2	37	30
0	37	30
1	37	30
2	37	30
3	37	30
4	37	30
6	37	30
7	37	30
8	37	30
9	37	30
10	37	30
12	37	30
13	37	30
14	37	30
15	37	30
17	37	30
18	37	30
19	37	30
21	37	30
22	37	30
24	37	30
27	38	30
28	37	30
30	37	30
31	37	30
33	37	30
35	37	30
36	37	30
38	37	30
40	37	30
42	37	30
44	37	30
46	37	30
48	37	30
50	37	30
52	37	30
55	37	30
58	38	30
60	38	30
63	38	31
66	37	30
69	38	31
73	38	31
89	42	34
-80	19	13
-78	20	13
-75	21	14
-75	24	16
-75	26	17
-77	31	20
-77	33	21
-77	36	24
-77	38	25
-70	40	26
-67	41	26
-64	41	27
-61	41	27
-58	40	26
-55	41	26
-53	40	26
-50	40	26
-48	41	27
-45	40	26
-43	40	26
-41	40	26
-39	40	26
-37	40	26
-35	40	26
-34	40	26
-32	40	26
-30	40	26
-29	40	26
-27	40	26
-23	40	26
-21	40	26
-20	40	26
-18	40	26
-17	40	26
-15	40	26
-14	40	26
-13	40	26
-12	40	26
-10	40	26
-9	40	26
-8	40	26
-7	40	26
-5	40	26
-4	40	26
-3	40	26
-2	40	26
0	40	26
1	40	26
2	40	26
3	40	26
4	40	26
5	40	26
7	40	26
8	40	26
9	40	26
10	40	26
12	40	26
13	40	26
14	40	26
15	40	26
17	40	26
18	40	26
19	40	26
21	40	26
22	40	26
23	40	26
28	40	26
29	40	26
31	40	26
32	40	26
34	40	26
36	40	26
38	40	26
40	40	26
41	40	26
43	40	26
46	40	26
47	40	26
50	40	26
52	40	26
54	40	26
57	41	26
60	41	26
62	41	27
65	41	26
69	41	27
72	41	27
89	44	29
-80	20	13
-77	21	13
-72	21	14
-76	24	15
-75	25	16
-75	26	17
-77	30	20
-77	32	21
-78	36	23
-77	37	24
-72	40	26
-68	40	26
-65	40	26
-62	40	26
-59	40	26
-56	41	27
-53	40	26
-51	40	26
-49	40	26
-46	40	26
-44	40	26
-42	40	26
-40	40	26
-38	40	26
-36	40	26
-34	40	26
-33	40	26
-31	40	26
-29	40	26
-27	40	26
-26	40	26
-23	41	27
-21	40	26
-20	40	26
-18	40	26
-17	40	26
-16	40	26
-14	40	26
-13	40	26
-12	40	26
-11	40	26
-9	40	26
-8	40	26
-7	40	26
-6	40	26
-4	40	26
-3	40	26
-2	40	26
-1	40	26
0	40	26
2	40	26
3	40	26
4	40	26
5	40	26
6	40	26
7	40	26
9	40	26
10	40	26
11	40	26
13	40	26
14	40	26
15	40	26
16	40	26
18	40	26
19	40	26
20	40	26
22	40	26
23	40	26
28	40	26
29	40	26
31	40	26
32	40	26
34	40	26
36	40	26
38	40	26
40	40	26
41	40	26
43	40	26
45	41	26
47	40	26
50	40	26
52	40	26
54	41	26
57	41	27
60	41	27
63	41	27
65	41	26
69	41	27
72	41	27
89	44	29
-79	19	10
-75	20	10
-76	22	11
-76	23	12
-75	24	13
-75	26	14
-76	30	15
-76	31	16
-77	36	18
-77	37	19
-78	42	22
-77	43	22
-24	46	24
0	47	24
2	45	23
3	46	24
7	47	24
8	47	24
9	47	24
11	47	24
12	47	24
14	47	24
15	47	24
16	47	24
18	47	24
19	47	24
20	47	24
22	47	24
23	47	24
27	47	24
28	47	24
30	47	24
31	47	24
33	47	24
35	47	24
36	47	24
38	47	24
40	47	24
42	47	24
44	47	24
46	47	24
48	47	24
51	47	24
53	47	24
55	47	24
58	47	24
61	47	24
64	47	24
67	48	25
70	48	25
73	47	24
88	50	26
88	43	22
-81	19	10
-78	20	10
-75	20	11
-75	23	12
-75	25	13
-75	30	16
-76	36	19
-77	38	20
-76	42	22
-61	45	23
-25	46	24
2	47	24
4	47	24
8	47	24
9	47	24
10	47	24
12	47	24
13	47	24
14	47	24
16	47	24
17	47	24
18	47	24
20	47	24
21	47	24
23	47	24
24	46	24
28	47	24
29	47	24
31	47	24
32	47	24
34	47	24
36	47	24
38	47	24
40	47	24
42	47	24
44	47	24
46	47	24
48	47	24
50	47	24
52	47	24
55	47	24
57	47	24
60	47	24
63	47	24
66	47	24
69	47	24
72	47	24
88	51	26
88	44	23
-81	19	7
-78	20	8
-75	21	8
-74	22	9
-75	24	10
-74	26	10
-75	31	12
-74	33	13
-76	37	15
-76	39	16
-77	44	17
-77	50	20
-75	52	21
-75	54	21
-75	57	22
-76	60	24
-74	61	24
-70	61	24
-67	61	24
-64	61	24
-61	60	24
-58	60	24
-55	60	24
-53	60	24
-50	60	24
-47	60	24
-45	60	24
-43	60	24
-40	60	24
-38	60	24
-36	60	24
-34	60	24
-32	60	24
-30	60	24
-28	59	23
-26	60	24
-25	60	24
-23	60	24
-14	49	19
-13	51	20
-11	49	19
-11	51	20
2	51	20
17	50	20
18	51	20
21	50	20
46	51	20
56	52	21
78	53	21
89	58	23
88	52	21
88	45	18
-81	19	8
-77	20	8
-75	21	8
-73	22	9
-74	24	10
-75	26	10
-76	30	12
-75	32	13
-77	36	14
-76	38	15
-77	44	17
-76	50	20
-75	52	21
-76	55	22
-75	57	23
-77	61	24
-73	61	24
-70	61	24
-66	61	24
-63	61	24
-60	60	24
-57	60	24
-54	60	24
-51	60	24
-49	60	24
-47	60	24
-44	60	24
-42	60	24
-40	60	24
-37	60	24
-35	60	24
-34	60	24
-31	60	24
-29	60	24
-27	59	23
-26	60	24
-24	60	24
-23	61	24
-14	50	20
-12	49	19
-11	49	19
-2	50	20
1	50	20
14	51	20
15	50	20
17	51	20
19	51	20
46	51	20
88	51	20
88	46	18
89	44	18
-81	19	5
-78	20	6
-75	21	6
-75	23	6
-75	24	7
-75	26	7
-76	30	9
-74	32	9
-76	38	11
-76	45	13
-76	51	15
-76	54	15
-75	56	16
-75	58	17
-77	62	18
-73	62	18
-69	62	18
-66	62	18
-63	61	17
-60	61	17
-57	61	17
-54	61	17
-51	61	17
-49	61	17
-46	61	17
-44	61	17
-42	60	17
-39	60	17
-37	61	17
-36	60	17
-33	60	17
-31	60	17
-29	60	17
-28	60	17
-26	60	17
-24	60	17
-22	60	17
-21	60	17
-19	60	17
-17	60	17
-16	60	17
-14	60	17
-12	60	17
-11	60	17
-9	59	17
-8	59	17
-6	59	17
-5	59	17
-3	59	17
-2	59	17
0	59	17
1	59	17
3	59	17
4	59	17
6	59	17
7	59	17
9	59	17
10	59	17
12	59	17
13	59	17
15	59	17
16	59	17
18	59	17
20	59	17
21	59	17
23	59	17
25	59	17
26	59	17
28	59	17
30	59	17
31	59	17
33	59	17
35	59	17
37	59	17
39	59	17
41	59	17
43	59	17
45	59	17
47	59	17
50	59	17
52	59	17
55	59	17
57	59	17
60	59	17
63	59	17
66	60	17
69	60	17
72	60	17
75	60	17
78	59	17
87	60	17
87	52	15
88	47	13
88	45	13
-80	20	6
-76	20	6
-77	22	6
-75	24	7
-75	25	7
-75	27	8
-75	29	8
-75	31	9
-75	33	9
-77	37	11
-76	39	11
-78	44	13
-76	45	13
-78	51	15
-76	52	15
-76	54	16
-75	57	16
-75	59	17
-75	62	18
-71	62	18
-68	62	18
-65	62	18
-61	61	17
-58	61	17
-56	61	17
-53	61	17
-50	61	17
-48	61	17
-45	61	17
-43	61	17
-41	60	17
-39	60	17
-37	61	17
-35	60	17
-33	60	17
-31	60	17
-29	60	17
-27	60	17
-25	60	17
-23	60	17
-22	60	17
-20	60	17
-18	60	17
-17	60	17
-15	60	17
-13	60	17
-12	60	17
-10	59	17
-9	59	17
-7	59	17
-6	59	17
-4	59	17
-2	59	17
-1	59	17
0	59	17
2	59	17
4	59	17
5	59	17
7	59	17
8	59	17
10	59	17
11	59	17
12	59	17
14	59	17
16	59	17
17	59	17
19	59	17
20	59	17
22	59	17
24	59	17
25	59	17
27	59	17
29	59	17
30	59	17
32	59	17
34	59	17
36	59	17
38	59	17
40	59	17
42	59	17
44	59	17
46	59	17
48	59	17
51	59	17
53	59	17
56	59	17
58	59	17
61	59	17
64	59	17
67	60	17
70	59	17
73	59	17
77	60	17
88	59	17
88	54	15
88	51	15
88	47	13
-80	18	3
-76	19	3
-74	20	4
-74	21	4
-75	24	4
-75	26	5
-75	28	5
-75	29	5
-75	31	6
-75	35	6
-75	37	7
-44	25	5
-41	25	5
-38	25	5
-36	24	5
-34	24	4
-32	24	4
-31	24	4
-28	24	4
-27	24	4
-26	24	4
-24	24	4
-23	24	4
-21	23	4
-20	23	4
-20	24	4
-19	24	4
-20	26	5
-20	27	5
-20	28	5
-36	58	11
-34	58	11
-32	58	11
-30	58	11
-29	58	11
-27	58	11
-25	58	11
-23	57	11
-22	58	11
-20	57	11
-19	57	11
-17	57	11
-16	57	11
-14	57	11
-12	57	11
-11	57	11
-9	57	11
-8	57	11
-7	57	11
-5	57	10
-4	57	11
-2	57	11
-1	57	11
0	57	11
2	57	10
3	57	10
5	57	10
6	57	10
7	57	10
9	56	10
10	56	10
11	56	10
13	57	10
14	57	10
16	57	10
17	56	10
19	57	10
20	57	10
22	56	10
23	56	10
25	56	10
26	56	10
28	57	10
30	56	10
32	56	10
33	57	10
35	57	10
37	57	10
39	57	11
41	57	10
43	57	10
45	57	10
47	57	10
49	57	10
52	56	10
54	57	11
57	57	10
59	57	10
62	57	11
65	57	11
68	57	11
37	27	5
88	56	10
88	50	9
88	43	8
-77	18	3
-75	20	4
-74	21	4
-75	23	4
-75	25	5
-75	29	5
-75	31	6
-77	35	6
-76	37	7
-77	41	8
-41	25	5
-39	25	5
-37	24	5
-34	24	4
-33	24	5
-31	24	4
-30	25	5
-28	24	4
-26	24	4
-25	24	4
-23	24	4
-22	23	4
-21	23	4
-20	24	4
-20	24	4
-20	25	5
-20	27	5
-20	28	5
-37	58	11
-34	58	11
-32	58	11
-31	58	11
-29	58	11
-27	58	11
-25	57	11
-24	57	11
-22	57	11
-20	57	11
-19	57	11
-17	57	11
-16	57	11
-14	57	11
-13	57	11
-11	57	11
-10	57	11
-8	57	11
-7	57	11
-5	57	11
-4	57	10
-2	57	11
-1	57	11
0	57	11
2	57	10
3	57	10
4	57	10
6	57	10
7	57	10
8	57	10
10	57	11
12	57	11
13	57	10
14	57	10
16	57	10
17	57	10
19	57	10
20	57	10
22	57	10
23	57	10
25	57	10
26	56	10
28	56	10
30	57	11
32	57	10
33	57	10
35	57	10
37	57	10
39	56	10
41	57	10
43	56	10
45	57	10
47	57	11
49	57	10
51	57	10
54	57	11
57	57	11
59	57	10
62	57	10
65	57	11
68	57	11
36	27	5
37	27	5
88	56	10
88	50	9
88	43	8
-77	17	2
-75	19	2
-74	20	2
-76	23	2
-75	24	2
-76	26	2
-77	28	3
-75	30	3
-77	35	3
-75	36	3
-77	41	4
-41	24	2
-39	24	2
-36	24	2
-34	24	2
-32	24	2
-31	24	2
-29	23	2
-27	24	2
-26	23	2
-24	23	2
-23	23	2
-21	23	2
-21	23	2
-20	23	2
-19	24	2
-20	25	2
-20	26	2
-19	27	2
-20	31	3
-29	57	5
-27	57	5
-26	57	5
-24	56	5
-23	57	5
-21	57	5
-20	56	5
-18	57	5
-16	56	5
-15	56	5
-14	56	5
-12	56	5
-11	56	5
-9	56	5
-8	56	5
-7	56	5
-5	55	5
-4	56	5
-2	56	5
-1	56	5
0	56	5
1	56	5
3	56	5
4	56	5
5	56	5
7	56	5
8	56	5
9	56	5
11	56	5
12	56	5
13	56	5
15	56	5
16	56	5
18	56	5
19	56	5
20	55	5
22	56	5
23	56	5
25	55	5
26	56	5
28	55	5
29	55	5
31	56	5
33	56	5
35	56	5
36	55	5
38	56	5
40	55	5
42	56	5
44	56	5
46	56	5
48	56	5
51	56	5
53	56	5
55	56	5
58	56	5
34	29	3
35	28	2
35	27	2
36	26	2
37	25	2
38	25	2
88	48	4
87	43	4
-76	18	2
-75	19	2
-73	21	2
-75	23	2
-75	25	2
-76	29	3
-75	30	3
-77	35	3
-75	36	3
-41	25	2
-38	24	2
-36	24	2
-33	24	2
-32	24	2
-30	24	2
-28	24	2
-27	23	2
-26	24	2
-24	23	2
-23	23	2
-21	23	2
-20	23	2
-20	23	2
-20	25	2
-20	26	2
-20	27	2
-20	29	3
-19	30	3
-20	32	3
-20	33	3
-29	57	5
-27	57	5
-25	57	5
-24	57	5
-22	57	5
-21	56	5
-19	57	5
-18	56	5
-16	56	5
-15	56	5
-13	56	5
-12	56	5
-10	56	5
-9	56	5
-8	56	5
-6	56	5
-5	55	5
-4	56	5
-2	56	5
-1	56	5
1	56	5
2	56	5
3	56	5
4	56	5
6	56	5
7	56	5
8	56	5
10	56	5
11	56	5
12	56	5
14	56	5
15	56	5
17	56	5
18	56	5
20	55	5
21	56	5
23	56	5
24	56	5
25	56	5
27	56	5
29	56	5
30	56	5
32	56	5
34	55	5
35	56	5
37	56	5
39	56	5
41	56	5
43	56	5
45	56	5
47	56	5
50	56	5
52	56	5
54	56	5
56	55	5
59	56	5
34	29	3
35	28	3
35	27	2
36	26	2
37	26	2
37	25	2
88	44	4
87	41	4
-78	15	0
-76	17	0
-75	18	0
-73	20	0
-75	22	0
-75	24	0
-77	26	0
-76	28	0
-75	29	0
-77	34	0
-76	36	0
-38	24	0
-36	24	0
-33	23	0
-32	23	0
-30	23	0
-29	23	0
-27	23	0
-25	23	0
-24	23	0
-23	23	0
-21	23	0
-21	23	0
-20	23	0
-19	24	0
-20	25	0
-20	29	0
-20	30	0
-20	31	0
-20	32	0
-20	34	0
-19	35	0
-19	37	0
-20	39	0
-20	41	0
-23	56	0
-21	56	0
-20	56	0
-18	56	0
-17	55	0
-15	55	0
-14	55	0
-13	55	0
-11	55	0
-10	55	0
-8	55	0
-7	55	0
-6	55	0
-4	55	0
-3	55	0
-2	55	0
-1	55	0
1	55	0
2	55	0
3	55	0
5	55	0
6	55	0
7	55	0
8	55	0
10	55	0
11	55	0
12	55	0
14	55	0
15	55	0
16	55	0
18	55	0
19	55	0
20	55	0
22	55	0
23	55	0
25	55	0
26	55	0
28	55	0
29	55	0
31	55	0
33	55	0
34	55	0
36	55	0
38	55	0
40	55	0
42	55	0
44	55	0
46	55	0
48	55	0
50	55	0
53	55	0
55	55	0
34	30	0
34	28	0
34	27	0
35	26	0
36	25	0
36	25	0
38	25	0
87	47	0
87	42	0
87	40	0
-76	16	0
-75	17	0
-75	19	0
-74	21	0
-75	23	0
-75	25	0
-75	29	0
-76	31	0
-76	35	0
-74	36	0
-42	24	0
-39	24	0
-37	24	0
-34	24	0
-32	24	0
-30	23	0
-29	23	0
-27	23	0
-26	23	0
-24	23	0
-23	23	0
-22	22	0
-21	23	0
-20	23	0
-20	23	0
-20	25	0
-20	26	0
-20	27	0
-20	28	0
-20	30	0
-20	31	0
-20	32	0
-20	34	0
-20	36	0
-20	38	0
-19	39	0
-20	41	0
-23	56	0
-21	56	0
-20	56	0
-19	56	0
-17	56	0
-16	56	0
-14	56	0
-13	55	0
-11	56	0
-10	55	0
-9	55	0
-7	55	0
-6	55	0
-5	55	0
-3	55	0
-2	55	0
-1	55	0
1	55	0
2	55	0
3	55	0
4	55	0
6	55	0
7	55	0
8	55	0
10	55	0
11	55	0
12	55	0
13	55	0
15	55	0
16	55	0
18	55	0
19	55	0
20	55	0
22	55	0
23	55	0
25	55	0
26	55	0
28	55	0
29	55	0
31	55	0
33	55	0
34	55	0
36	55	0
38	55	0
40	55	0
42	55	0
44	55	0
46	55	0
48	55	0
50	55	0
53	55	0
55	55	0
34	29	0
34	28	0
34	27	0
35	26	0
36	25	0
37	25	0
38	25	0
88	47	0
87	42	0
-82	13	-1
-76	15	-1
-75	17	-1
-74	19	-2
-78	21	-2
-74	22	-2
-75	24	-2
-75	28	-2
-76	30	-3
-76	33	-3
-75	34	-3
-42	23	-2
-40	23	-2
-38	23	-2
-35	23	-2
-33	23	-2
-31	23	-2
-29	22	-2
-28	22	-2
-26	22	-2
-25	22	-2
-23	22	-2
-22	22	-2
-21	22	-2
-21	22	-2
-20	22	-2
-20	24	-2
-20	24	-2
-20	25	-2
-20	27	-2
-20	28	-2
-19	29	-3
-20	32	-3
-20	34	-3
-20	36	-3
-20	37	-3
-20	40	-3
-20	41	-4
-21	54	-5
-20	54	-5
-18	54	-5
-17	54	-5
-15	54	-5
-14	54	-5
-13	54	-5
-11	54	-5
-10	54	-5
-9	54	-5
-7	54	-5
-6	54	-5
-5	54	-5
-4	54	-5
-2	54	-5
-1	54	-5
0	54	-5
1	54	-5
3	54	-5
4	54	-5
5	54	-5
6	53	-5
7	54	-5
9	54	-5
10	53	-5
11	53	-5
12	53	-5
14	53	-5
15	53	-5
16	53	-5
18	53	-5
19	53	-5
20	53	-5
22	53	-5
23	53	-5
25	53	-5
26	53	-5
27	53	-5
29	53	-5
31	53	-5
32	53	-5
34	53	-5
36	53	-5
37	53	-5
39	53	-5
35	45	-4
35	43	-4
35	41	-4
34	38	-3
39	37	-3
35	31	-3
33	28	-2
33	27	-2
33	26	-2
34	25	-2
34	24	-2
35	23	-2
36	23	-2
38	23	-2
88	39	-3
76	32	-3
88	34	-3
-81	13	-1
-74	14	-1
-75	16	-1
-75	18	-2
-78	21	-2
-76	22	-2
-75	24	-2
-77	26	-2
-76	28	-2
-75	29	-3
-76	32	-3
-75	33	-3
-76	36	-3
-41	23	-2
-39	23	-2
-36	23	-2
-34	23	-2
-32	23	-2
-30	22	-2
-28	23	-2
-27	22	-2
-26	22	-2
-24	22	-2
-23	22	-2
-22	22	-2
-21	22	-2
-20	22	-2
-19	23	-2
-20	24	-2
-20	25	-2
-20	26	-2
-20	27	-2
-20	29	-3
-20	30	-3
-20	32	-3
-20	33	-3
-20	34	-3
-20	36	-3
-20	38	-3
-20	40	-4
-22	54	-5
-20	54	-5
-19	54	-5
-17	54	-5
-16	54	-5
-14	54	-5
-13	54	-5
-12	54	-5
-10	54	-5
-9	54	-5
-8	54	-5
-7	54	-5
-5	54	-5
-4	54	-5
-3	54	-5
-2	54	-5
0	54	-5
1	54	-5
2	54	-5
4	54	-5
5	54	-5
6	54	-5
7	54	-5
8	54	-5
10	54	-5
11	54	-5
12	53	-5
13	53	-5
15	54	-5
16	53	-5
18	53	-5
19	53	-5
20	53	-5
22	53	-5
23	53	-5
25	54	-5
26	54	-5
27	53	-5
29	53	-5
31	53	-5
32	53	-5
34	53	-5
36	53	-5
37	53	-5
39	53	-5
35	46	-4
35	43	-4
36	41	-4
34	38	-3
39	37	-3
35	31	-3
33	28	-2
33	27	-2
33	26	-2
34	25	-2
34	24	-2
35	24	-2
36	23	-2
38	23	-2
88	39	-3
-83	11	-2
-79	12	-2
-74	13	-2
-76	15	-3
-75	17	-3
-74	19	-3
-76	21	-4
-74	22	-4
-74	24	-4
-76	27	-5
-75	28	-5
-76	31	-5
-76	33	-6
-76	35	-6
-42	23	-4
-39	23	-4
-36	22	-4
-34	22	-4
-32	22	-4
-30	22	-4
-29	22	-4
-27	22	-4
-26	22	-4
-24	22	-4
-23	22	-4
-22	22	-4
-21	22	-4
-20	22	-4
-19	22	-4
-20	23	-4
-20	25	-4
-20	26	-4
-20	27	-5
-20	28	-5
-20	29	-5
-20	31	-5
-20	32	-6
-20	33	-6
-20	35	-6
-20	37	-7
-20	39	-7
-22	53	-9
-21	53	-9
-19	53	-9
-18	53	-9
-16	53	-9
-15	53	-9
-14	53	-9
-12	53	-9
-11	53	-9
-10	53	-9
-9	53	-9
-7	53	-9
-6	53	-9
-5	53	-9
-4	53	-9
-2	53	-9
-1	53	-9
0	53	-9
1	53	-9
2	53	-9
4	53	-9
5	53	-9
6	53	-9
7	53	-9
8	52	-9
10	53	-9
11	53	-9
12	53	-9
13	53	-9
15	53	-9
16	53	-9
17	52	-9
19	52	-9
20	52	-9
21	52	-9
23	52	-9
24	52	-9
26	52	-9
27	52	-9
29	52	-9
30	52	-9
32	52	-9
33	52	-9
35	52	-9
37	52	-9
34	46	-8
34	43	-7
33	39	-7
33	38	-7
33	36	-6
33	35	-6
36	36	-6
37	36	-6
34	31	-5
33	28	-5
33	27	-5
33	25	-4
33	25	-4
34	24	-4
35	23	-4
35	23	-4
37	22	-4
38	22	-4
34	15	-3
34	13	-2
33	12	-2
33	11	-2
33	11	-2
-83	11	-2
-79	12	-2
-74	13	-2
-76	16	-3
-75	17	-3
-74	19	-3
-76	21	-4
-75	23	-4
-74	24	-4
-76	27	-5
-75	29	-5
-75	31	-5
-76	33	-6
-76	35	-6
-41	23	-4
-39	23	-4
-36	22	-4
-34	22	-4
-32	22	-4
-30	22	-4
-28	22	-4
-27	22	-4
-25	22	-4
-24	22	-4
-23	22	-4
-22	22	-4
-20	21	-4
-20	22	-4
-19	23	-4
-20	24	-4
-20	25	-4
-20	26	-5
-20	27	-5
-20	28	-5
-20	29	-5
-20	31	-5
-20	33	-6
-20	34	-6
-20	35	-6
-20	38	-7
-19	39	-7
-20	42	-7
-22	54	-9
-20	54	-9
-19	54	-9
-18	53	-9
-16	54	-9
-15	53	-9
-14	53	-9
-12	53	-9
-11	53	-9
-10	53	-9
-8	53	-9
-7	53	-9
-6	53	-9
-5	53	-9
-3	53	-9
-2	53	-9
-1	53	-9
0	53	-9
2	53	-9
3	53	-9
4	53	-9
5	53	-9
6	53	-9
8	53	-9
9	53	-9
10	53	-9
11	52	-9
13	53	-9
14	53	-9
15	52	-9
16	53	-9
18	52	-9
19	53	-9
20	52	-9
22	52	-9
23	52	-9
25	53	-9
26	52	-9
27	52	-9
29	52	-9
31	52	-9
32	53	-9
34	52	-9
35	52	-9
34	48	-8
34	45	-8
33	42	-7
33	39	-7
33	37	-6
33	35	-6
34	35	-6
36	36	-6
38	36	-6
34	30	-5
33	28	-5
33	26	-5
33	25	-4
33	24	-4
34	24	-4
35	23	-4
36	23	-4
37	22	-4
39	22	-4
33	13	-2
33	12	-2
33	11	-2
34	10	-2
-82	10	-3
-78	11	-3
-73	12	-3
-75	14	-4
-75	16	-4
-74	18	-5
-73	19	-5
-75	22	-6
-75	24	-6
-74	25	-7
-75	27	-7
-76	30	-8
-76	32	-8
-75	33	-9
-42	22	-6
-39	22	-6
-36	22	-6
-34	22	-6
-32	22	-6
-30	21	-6
-29	21	-6
-27	21	-6
-26	21	-5
-24	21	-6
-23	21	-5
-22	21	-5
-21	21	-6
-20	22	-6
-20	22	-6
-20	23	-6
-20	24	-6
-20	25	-7
-19	26	-7
-20	27	-7
-20	29	-7
-20	34	-9
-20	36	-9
-20	38	-10
-22	53	-14
-21	53	-14
-20	53	-14
-18	53	-14
-17	53	-14
-15	52	-14
-14	52	-14
-13	53	-14
-11	52	-14
-10	52	-14
-9	52	-14
-8	52	-14
-6	52	-14
-5	52	-14
-4	52	-14
-3	52	-14
-1	52	-13
0	52	-13
1	52	-13
2	52	-13
3	52	-13
5	52	-13
6	52	-13
7	52	-13
8	52	-13
9	52	-13
11	52	-13
12	52	-13
13	52	-13
14	52	-13
16	52	-13
17	52	-13
18	52	-13
20	52	-13
21	52	-13
22	51	-13
24	52	-13
25	52	-13
26	52	-13
28	52	-13
30	52	-13
31	52	-13
33	52	-13
35	52	-13
36	52	-13
33	45	-12
32	41	-11
31	38	-10
32	37	-10
32	36	-9
33	35	-9
34	34	-9
35	33	-9
37	34	-9
33	29	-7
33	27	-7
33	26	-7
33	25	-6
33	24	-6
33	22	-6
33	21	-5
33	20	-5
33	19	-5
33	18	-5
33	17	-4
33	16	-4
33	15	-4
33	14	-4
33	13	-3
33	12	-3
33	11	-3
33	11	-3
35	10	-3
-82	10	-3
-78	11	-3
-73	13	-3
-77	15	-4
-75	17	-4
-73	18	-5
-76	20	-5
-75	22	-6
-77	24	-6
-76	26	-7
-75	28	-7
-76	30	-8
-76	32	-8
-76	34	-9
-41	22	-6
-38	22	-6
-36	22	-6
-34	22	-6
-32	22	-6
-30	21	-6
-28	21	-6
-27	21	-6
-25	21	-5
-24	21	-5
-23	21	-6
-22	21	-6
-20	21	-6
-20	22	-6
-20	22	-6
-20	23	-6
-19	24	-6
-19	25	-7
-20	27	-7
-20	28	-7
-20	29	-8
-20	31	-8
-20	33	-8
-19	33	-9
-20	35	-9
-20	36	-9
-20	39	-10
-20	41	-11
-22	53	-14
-20	53	-14
-19	53	-14
-18	53	-14
-16	53	-14
-15	53	-14
-13	53	-14
-12	52	-14
-11	52	-14
-10	52	-14
-8	52	-14
-7	52	-14
-6	52	-14
-5	52	-14
-3	52	-14
-2	52	-14
-1	52	-13
0	52	-13
1	52	-13
3	52	-13
4	52	-13
5	52	-13
6	52	-13
8	52	-13
9	52	-13
10	52	-13
11	52	-13
12	52	-13
14	52	-13
15	52	-13
16	52	-14
17	52	-13
19	52	-14
20	52	-13
22	52	-13
23	52	-14
24	52	-13
26	52	-13
27	52	-13
29	52	-14
30	52	-14
32	52	-13
34	52	-13
35	52	-14
37	52	-13
33	44	-11
31	39	-10
32	37	-10
32	36	-9
33	35	-9
34	35	-9
34	33	-9
36	34	-9
34	31	-8
33	28	-7
33	26	-7
33	25	-6
33	24	-6
33	23	-6
33	22	-6
33	20	-5
33	19	-5
33	18	-5
33	17	-4
33	16	-4
33	15	-4
33	14	-4
33	13	-4
33	13	-3
33	12	-3
33	11	-3
-84	7	-3
-80	9	-3
-77	11	-4
-71	12	-4
-73	14	-5
-75	16	-5
-75	17	-6
-74	19	-7
-75	21	-7
-75	23	-8
-75	27	-9
-76	29	-10
-76	31	-11
-76	33	-11
-42	22	-8
-39	21	-7
-36	21	-7
-34	21	-7
-32	21	-7
-30	21	-7
-28	21	-7
-27	21	-7
-25	21	-7
-24	21	-7
-23	21	-7
-22	21	-7
-20	21	-7
-20	21	-7
-19	21	-7
-20	23	-8
-20	24	-8
-20	25	-9
-20	26	-9
-20	27	-9
-20	28	-10
-19	29	-10
-20	31	-11
-20	33	-11
-20	34	-12
-20	36	-12
-20	37	-13
-20	39	-14
-20	41	-14
-21	52	-18
-20	52	-18
-19	52	-18
-17	52	-18
-16	52	-18
-14	52	-18
-13	52	-18
-12	52	-18
-11	52	-18
-9	52	-18
-8	52	-18
-7	52	-18
-6	52	-18
-4	51	-18
-3	51	-18
-2	51	-18
0	51	-18
1	51	-18
2	51	-18
3	51	-18
4	51	-18
5	51	-18
6	51	-18
8	51	-18
9	51	-18
10	51	-18
11	51	-18
13	51	-18
14	51	-18
15	51	-18
16	51	-18
18	51	-18
19	51	-18
20	51	-18
22	51	-18
23	51	-18
24	51	-18
26	51	-18
27	51	-18
29	51	-18
30	51	-18
32	51	-18
34	51	-18
35	51	-18
37	51	-18
31	40	-14
31	38	-13
32	37	-13
32	36	-12
33	35	-12
33	34	-12
34	33	-11
34	30	-10
33	27	-9
33	26	-9
33	24	-9
33	24	-8
33	22	-8
33	21	-7
33	20	-7
33	19	-7
33	18	-6
33	17	-6
33	16	-6
33	15	-5
33	14	-5
33	13	-5
33	13	-4
33	11	-4
33	10	-4
33	10	-3
-81	8	-3
-78	10	-3
-77	12	-4
-74	13	-4
-76	15	-5
-75	17	-6
-74	18	-6
-76	20	-7
-75	22	-8
-74	24	-8
-76	26	-9
-75	28	-10
-75	32	-11
-75	34	-12
-43	22	-8
-40	22	-7
-37	21	-7
-35	21	-7
-33	21	-7
-31	21	-7
-29	21	-7
-27	21	-7
-26	21	-7
-24	21	-7
-23	21	-7
-22	21	-7
-21	20	-7
-20	21	-7
-20	21	-7
-20	22	-8
-20	23	-8
-20	24	-8
-20	25	-9
-20	27	-9
-20	28	-10
-20	29	-10
-20	30	-11
-20	32	-11
-20	34	-12
-20	35	-12
-20	37	-13
-20	39	-14
-20	41	-14
-22	52	-18
-20	52	-18
-19	52	-18
-17	52	-18
-16	52	-18
-15	52	-18
-13	52	-18
-12	52	-18
-11	52	-18
-9	52	-18
-8	52	-18
-7	52	-18
-6	52	-18
-4	51	-18
-3	51	-18
-2	51	-18
-1	51	-18
1	51	-18
2	51	-18
3	51	-18
4	51	-18
5	51	-18
6	51	-18
8	51	-18
9	51	-18
10	51	-18
11	51	-18
12	51	-18
14	51	-18
15	51	-18
16	51	-18
17	51	-18
19	51	-18
20	51	-18
22	51	-18
23	51	-18
24	51	-18
26	51	-18
27	51	-18
29	51	-18
30	51	-18
32	51	-18
33	51	-18
35	51	-18
37	51	-18
31	40	-14
31	38	-13
32	37	-13
32	36	-12
33	35	-12
33	34	-12
34	33	-11
35	32	-11
34	30	-10
33	27	-9
33	26	-9
33	25	-9
33	24	-8
33	22	-8
33	21	-7
33	20	-7
33	19	-7
33	18	-6
33	17	-6
33	16	-6
33	15	-5
33	14	-5
33	13	-5
33	12	-4
33	11	-4
33	11	-4
33	10	-3
-84	5	-2
-80	7	-3
-77	9	-4
-77	10	-4
-74	13	-6
-75	15	-7
-75	17	-7
-74	18	-8
-75	20	-9
-75	22	-10
-75	26	-11
-76	28	-12
-75	31	-14
-39	21	-9
-36	21	-9
-34	20	-9
-32	20	-9
-30	21	-9
-28	20	-9
-27	20	-9
-25	20	-9
-24	20	-9
-23	20	-9
-22	20	-9
-21	20	-9
-20	21	-9
-19	21	-9
-19	22	-10
-20	23	-10
-20	24	-11
-20	25	-11
-20	29	-13
-20	30	-13
-20	31	-14
-20	35	-15
-20	36	-16
-20	38	-17
-20	41	-18
-22	51	-22
-20	51	-22
-19	51	-22
-17	51	-22
-16	51	-22
-14	51	-22
-13	51	-22
-12	51	-22
-10	51	-22
-9	51	-22
-8	51	-22
-7	51	-22
-5	51	-22
-4	51	-22
-3	51	-22
-2	50	-22
-1	50	-22
1	50	-22
2	50	-22
3	50	-22
4	50	-22
6	50	-22
7	50	-22
8	50	-22
9	50	-22
10	50	-22
11	50	-22
13	50	-22
14	50	-22
15	50	-22
17	50	-22
18	50	-22
19	50	-22
20	50	-22
22	50	-22
23	50	-22
24	50	-22
26	50	-22
27	50	-22
29	50	-22
30	50	-22
32	50	-22
34	50	-22
35	50	-22
32	42	-18
31	39	-17
31	37	-16
31	35	-16
32	35	-15
32	34	-15
33	32	-14
34	32	-14
35	31	-14
34	29	-13
33	26	-12
33	25	-11
33	24	-11
33	23	-10
33	22	-10
33	21	-9
33	20	-9
33	19	-8
33	18	-8
33	17	-7
33	16	-7
33	15	-6
33	14	-6
33	13	-6
33	12	-5
33	11	-5
33	10	-4
37	9	-4
-84	5	-2
-81	7	-3
-78	9	-4
-77	10	-4
-77	12	-5
-75	13	-6
-75	15	-7
-75	17	-7
-73	18	-8
-75	20	-9
-75	22	-10
-78	25	-11
-75	26	-11
-76	28	-12
-75	32	-14
-39	21	-9
-36	20	-9
-34	21	-9
-32	21	-9
-31	20	-9
-28	20	-9
-27	21	-9
-26	20	-9
-24	20	-9
-23	20	-9
-22	20	-9
-21	20	-9
-20	21	-9
-19	21	-9
-19	22	-10
-19	23	-10
-20	24	-11
-20	25	-11
-20	29	-13
-20	30	-13
-20	31	-14
-20	35	-15
-20	36	-16
-20	38	-17
-20	41	-18
-21	51	-22
-20	51	-22
-19	51	-22
-17	51	-22
-16	51	-22
-14	51	-22
-13	51	-22
-12	51	-22
-11	51	-22
-9	51	-22
-8	51	-22
-7	51	-22
-6	51	-22
-4	51	-22
-3	50	-22
-2	50	-22
0	50	-22
1	50	-22
2	50	-22
3	50	-22
4	50	-22
6	50	-22
7	50	-22
8	50	-22
9	50	-22
10	50	-22
11	50	-22
13	50	-22
14	50	-22
15	50	-22
17	50	-22
18	50	-22
19	50	-22
20	50	-22
22	50	-22
23	50	-22
25	50	-22
26	50	-22
28	50	-22
29	50	-22
31	50	-22
32	50	-22
34	50	-22
36	50	-22
31	41	-18
31	38	-17
31	37	-16
31	35	-16
32	34	-15
32	33	-15
33	33	-14
34	32	-14
35	31	-14
34	29	-13
33	26	-12
33	25	-11
33	24	-11
33	23	-10
33	22	-10
33	21	-9
33	20	-9
33	19	-8
33	18	-8
33	16	-7
33	15	-7
33	15	-6
33	14	-6
33	13	-6
33	12	-5
33	11	-5
33	10	-4
37	9	-4
-81	5	-3
-78	7	-4
-78	8	-4
-77	10	-5
-74	13	-7
-75	15	-8
-75	17	-9
-74	18	-9
-75	20	-11
-75	22	-12
-75	25	-13
-75	27	-15
-75	29	-15
-75	31	-16
-76	33	-18
-41	20	-11
-39	21	-11
-36	20	-11
-34	20	-11
-32	20	-11
-30	20	-11
-29	20	-11
-27	20	-10
-25	20	-11
-24	20	-10
-23	20	-10
-22	20	-10
-21	20	-11
-20	20	-11
-20	20	-11
-19	21	-11
-20	22	-12
-20	23	-12
-20	27	-14
-20	28	-15
-20	29	-16
-20	30	-16
-20	32	-17
-20	34	-18
-22	50	-27
-20	50	-27
-19	50	-27
-18	50	-27
-16	50	-27
-15	50	-27
-13	50	-27
-12	50	-27
-11	50	-27
-10	50	-27
-8	50	-26
-7	50	-27
-6	50	-26
-4	50	-27
-3	50	-26
-2	50	-27
-1	50	-26
0	50	-26
2	50	-26
3	50	-26
4	50	-26
5	49	-26
6	49	-26
8	49	-26
9	49	-26
10	49	-26
11	49	-26
13	49	-26
14	49	-26
15	49	-26
16	49	-26
18	49	-26
19	49	-26
20	49	-26
22	49	-26
23	49	-26
25	49	-26
26	49	-26
28	49	-26
29	49	-26
31	49	-26
32	49	-26
34	49	-26
36	49	-26
31	40	-21
31	38	-20
31	36	-19
31	35	-18
32	33	-18
32	32	-17
33	32	-17
34	31	-17
35	31	-16
34	28	-15
33	26	-14
33	25	-13
33	24	-13
33	23	-12
33	21	-11
33	20	-11
33	19	-10
33	18	-10
33	17	-9
33	16	-9
33	15	-8
33	15	-8
33	14	-7
33	13	-7
33	12	-6
33	11	-6
33	10	-6
33	9	-5
-115	5	-2
-80	6	-3
-78	7	-4
-78	9	-5
-77	11	-6
-74	12	-6
-76	14	-7
-75	15	-8
-73	17	-9
-73	19	-10
-75	21	-11
-76	23	-12
-75	26	-14
-76	30	-16
-75	32	-17
-75	34	-18
-38	20	-11
-35	20	-11
-33	20	-11
-31	20	-11
-29	20	-11
-28	20	-11
-26	20	-10
-25	20	-11
-24	20	-10
-22	19	-10
-21	20	-10
-20	20	-11
-20	20	-11
-19	21	-11
-19	22	-12
-20	23	-12
-20	24	-13
-20	25	-14
-20	26	-14
-20	27	-14
-20	28	-15
-20	30	-16
-20	31	-17
-20	38	-20
-23	51	-27
-21	51	-27
-20	50	-27
-18	50	-27
-17	50	-27
-16	50	-27
-14	50	-27
-13	50	-27
-12	50	-27
-10	50	-27
-9	50	-27
-8	50	-27
-6	50	-27
-5	50	-27
-4	50	-27
-3	50	-26
-1	50	-27
0	50	-27
1	50	-27
2	50	-26
3	50	-26
5	50	-26
6	50	-26
7	50	-26
8	49	-26
9	49	-26
11	49	-26
12	49	-26
13	49	-26
15	49	-26
16	49	-26
17	49	-26
18	49	-26
20	49	-26
21	49	-26
22	49	-26
24	49	-26
25	49	-26
27	49	-26
28	49	-26
30	49	-26
31	49	-26
33	49	-26
35	49	-26
31	42	-22
31	39	-21
31	37	-20
31	35	-19
31	34	-18
32	33	-17
32	32	-17
33	31	-17
34	31	-16
35	30	-16
33	27	-14
33	25	-13
33	24	-13
33	23	-12
33	22	-12
33	21	-11
33	20	-11
33	19	-10
33	18	-9
33	17	-9
33	16	-8
33	15	-8
34	14	-8
33	13	-7
34	13	-7
33	12	-6
33	11	-6
33	10	-5
33	9	-5
-114	2	-1
-111	4	-3
-79	5	-3
-78	7	-4
-77	8	-5
-77	10	-6
-73	11	-7
-74	13	-8
-75	15	-9
-75	16	-10
-75	19	-12
-75	21	-13
-75	25	-16
-75	26	-17
-75	28	-18
-75	30	-19
-75	32	-20
-43	21	-13
-39	20	-13
-37	20	-13
-35	20	-13
-32	20	-12
-31	20	-12
-29	19	-12
-27	19	-12
-26	20	-12
-24	19	-12
-23	19	-12
-22	19	-12
-21	19	-12
-20	19	-12
-19	20	-13
-19	21	-13
-20	22	-14
-20	23	-14
-20	24	-15
-20	25	-16
-20	26	-16
-20	27	-17
-20	28	-18
-20	30	-19
-20	31	-20
-20	33	-21
-20	34	-22
-20	36	-23
-20	39	-24
-20	40	-25
-19	41	-26
-18	41	-26
-17	41	-26
-15	41	-26
-14	41	-26
-13	41	-26
-12	41	-26
-11	41	-26
-10	41	-26
-9	41	-26
-8	41	-26
-6	41	-26
-5	41	-26
-4	41	-26
-3	41	-26
-2	41	-26
-1	41	-26
0	41	-26
1	41	-26
2	41	-26
3	41	-26
4	41	-26
5	41	-26
6	41	-26
7	41	-26
8	41	-26
9	41	-26
10	41	-26
11	41	-26
12	41	-26
14	41	-26
15	41	-26
16	41	-26
17	42	-26
18	41	-26
19	41	-26
21	41	-26
22	42	-26
23	41	-26
25	42	-27
26	42	-27
28	42	-26
29	42	-26
30	42	-27
32	42	-26
31	39	-25
31	37	-23
31	35	-22
31	33	-21
32	32	-20
32	31	-20
33	31	-19
34	30	-19
35	30	-19
33	27	-17
33	25	-16
33	24	-15
33	23	-14
33	22	-14
33	21	-13
33	20	-12
33	19	-12
33	18	-11
33	17	-11
33	16	-10
33	15	-9
33	14	-9
33	13	-8
34	13	-8
33	11	-7
33	11	-7
33	10	-6
33	9	-6
86	14	-9
87	13	-8
-113	1	-1
-112	4	-2
-79	5	-3
-78	6	-4
-78	8	-5
-77	10	-6
-77	11	-7
-74	13	-8
-75	14	-9
-75	16	-10
-73	17	-11
-75	19	-12
-74	21	-13
-77	23	-15
-76	25	-16
-74	26	-16
-75	30	-19
-76	32	-20
-39	20	-13
-39	21	-13
-35	20	-12
-33	20	-13
-31	20	-12
-29	20	-12
-28	19	-12
-26	19	-12
-25	19	-12
-23	19	-12
-22	19	-12
-21	19	-12
-20	20	-12
-20	22	-14
-20	22	-14
-20	24	-15
-20	25	-16
-20	26	-16
-20	27	-17
-20	28	-18
-20	30	-19
-20	34	-22
-20	36	-23
-20	38	-24
-20	40	-25
-19	41	-26
-18	41	-26
-17	41	-26
-15	41	-26
-14	41	-26
-13	41	-26
-12	41	-26
-11	41	-26
-10	41	-26
-9	41	-26
-8	41	-26
-7	41	-26
-5	41	-26
-4	41	-26
-3	41	-26
-2	41	-26
-1	41	-26
0	41	-26
1	41	-26
2	41	-26
3	41	-26
4	41	-26
5	41	-26
6	41	-26
7	41	-26
8	41	-26
9	41	-26
10	41	-26
11	41	-26
12	41	-26
13	41	-26
15	41	-26
16	41	-26
17	41	-26
18	41	-26
19	41	-26
21	41	-26
22	41	-26
23	41	-26
25	42	-26
26	42	-26
27	42	-27
29	42	-26
30	42	-26
32	42	-27
31	39	-25
31	37	-23
31	35	-22
31	33	-21
31	32	-20
32	31	-20
33	31	-19
34	30	-19
35	30	-19
33	27	-17
33	25	-16
33	24	-15
33	23	-14
33	22	-14
33	21	-13
33	20	-12
33	19	-12
33	18	-11
33	17	-11
33	16	-10
33	15	-9
33	14	-9
33	13	-8
34	13	-8
33	11	-7
33	11	-7
33	10	-6
33	9	-6
86	14	-9
87	13	-8
86	11	-8
87	9	-7
-115	-1	1
-109	1	-1
-108	3	-2
-79	5	-3
-78	6	-5
-77	8	-6
-77	9	-7
-76	11	-8
-74	12	-9
-76	14	-10
-75	15	-11
-74	16	-12
-75	18	-14
-75	20	-15
-75	21	-16
-76	23	-17
-75	25	-18
-75	27	-20
-41	20	-15
-39	20	-14
-35	19	-14
-34	19	-14
-32	19	-14
-30	19	-14
-28	19	-14
-27	19	-14
-26	19	-14
-24	19	-14
-23	19	-14
-22	19	-14
-21	19	-14
-20	19	-14
-20	19	-14
-20	20	-15
-20	21	-16
-20	22	-16
-19	23	-17
-20	24	-18
-19	25	-19
-20	27	-20
-20	28	-21
-20	29	-22
-19	30	-22
-19	30	-22
-17	30	-23
-16	30	-22
-15	30	-22
-14	30	-22
-13	30	-22
-12	30	-22
-11	30	-22
-10	30	-22
-10	30	-22
-9	30	-22
-8	30	-22
-7	30	-22
-6	30	-22
-5	30	-22
-5	30	-22
-4	30	-22
-3	30	-22
-2	30	-22
-1	30	-22
0	30	-22
0	30	-22
1	30	-22
2	30	-22
3	30	-22
3	30	-22
4	30	-22
5	30	-22
6	30	-22
7	30	-22
7	30	-22
8	30	-22
9	30	-23
10	30	-23
11	30	-23
12	30	-22
13	30	-23
14	30	-23
14	30	-23
15	31	-23
16	30	-22
17	30	-23
18	31	-23
19	30	-23
20	31	-23
21	31	-23
22	31	-23
23	31	-23
25	31	-23
26	31	-23
27	31	-23
29	31	-23
30	31	-23
31	31	-23
33	31	-23
34	31	-23
36	32	-23
34	26	-20
32	24	-18
32	23	-17
33	22	-16
33	21	-16
33	20	-15
33	19	-14
33	18	-13
33	17	-13
33	16	-12
33	15	-11
33	15	-11
33	14	-10
33	13	-10
34	12	-9
33	11	-8
33	11	-8
33	10	-7
33	9	-7
38	8	-6
87	15	-11
86	13	-9
86	11	-8
-112	1	0
-108	3	-2
-80	4	-3
-79	6	-4
-77	7	-5
-77	9	-6
-76	10	-8
-74	12	-9
-76	13	-10
-75	15	-11
-74	16	-12
-73	18	-13
-75	19	-14
-74	21	-16
-75	23	-17
-75	24	-18
-75	26	-19
-75	28	-21
-73	31	-23
-42	20	-15
-39	19	-14
-37	19	-14
-34	19	-14
-32	19	-14
-30	19	-14
-29	19	-14
-27	19	-14
-26	19	-14
-24	19	-14
-23	19	-14
-22	19	-14
-21	19	-14
-20	19	-14
-20	20	-15
-20	20	-15
-20	21	-16
-20	22	-16
-20	23	-17
-20	24	-18
-19	25	-19
-20	26	-19
-20	28	-21
-20	29	-21
-19	30	-22
-19	30	-22
-17	30	-23
-16	30	-22
-16	30	-22
-14	30	-22
-13	30	-22
-13	30	-22
-12	30	-22
-11	30	-22
-10	30	-22
-9	30	-22
-8	30	-22
-7	30	-22
-7	30	-22
-6	30	-22
-5	30	-22
-4	30	-22
-3	30	-22
-2	30	-22
-1	30	-22
-1	30	-22
0	30	-22
1	30	-22
2	30	-22
3	30	-22
4	30	-22
4	30	-22
5	30	-22
6	30	-22
6	30	-22
7	30	-22
8	30	-22
9	30	-23
10	30	-22
11	30	-22
12	30	-22
13	30	-23
13	30	-23
14	30	-22
15	31	-23
16	31	-23
17	30	-23
18	31	-23
19	31	-23
20	31	-23
21	31	-23
22	31	-23
23	31	-23
25	31	-23
26	31	-23
27	31	-23
29	31	-23
30	31	-23
31	31	-23
33	31	-23
34	31	-23
36	32	-23
34	26	-20
32	24	-18
33	23	-17
33	22	-16
33	21	-16
33	20	-15
33	19	-14
33	18	-13
33	17	-13
33	16	-12
33	15	-11
33	14	-11
33	14	-10
33	13	-10
34	12	-9
33	11	-8
33	10	-8
33	10	-7
33	9	-7
38	8	-6
87	14	-11
86	13	-9
