0	0	0
-493	119	160
-451	116	156
-410	112	150
-384	111	149
-368	112	151
-349	112	151
-333	113	152
-313	111	150
-299	112	150
-285	112	150
-271	111	150
-258	111	149
-248	111	150
-205	97	130
-196	96	130
-187	96	129
-186	100	134
-187	104	141
-187	109	146
-185	112	151
-177	112	151
-171	112	151
-163	112	150
-157	112	151
-150	112	151
-144	112	151
-138	112	151
-132	112	151
-127	112	151
-120	111	150
-116	112	150
-110	111	150
-105	111	150
-100	111	150
-96	112	151
-91	112	151
-87	112	151
-82	111	150
-78	112	150
-73	112	150
-69	112	150
-65	112	151
-61	112	151
-57	112	151
-53	111	150
-49	111	150
-45	111	150
-42	112	150
-38	112	150
-34	112	150
-30	112	150
-27	112	151
-23	112	150
-19	111	150
-16	111	150
-12	111	150
-8	111	150
-5	112	150
-1	112	150
2	111	150
6	111	150
9	111	150
13	111	150
16	111	150
20	111	150
24	111	150
27	112	151
31	112	150
35	112	151
38	111	150
42	111	150
46	111	150
50	111	150
54	111	150
57	111	149
61	111	150
65	111	150
70	111	150
73	111	149
78	111	150
82	111	150
86	110	149
91	111	149
95	111	149
100	111	150
104	111	149
109	111	149
114	110	149
119	111	149
125	111	149
130	111	149
136	111	149
142	111	150
149	112	150
154	111	149
159	110	148
167	111	149
173	111	149
182	111	150
188	111	149
195	110	148
204	110	149
211	109	147
216	108	145
216	103	139
-512	134	156
-467	131	151
-426	126	146
-401	126	146
-378	125	145
-363	127	147
-338	125	145
-328	127	147
-309	126	146
-296	126	146
-279	125	145
-271	127	147
-257	126	146
-245	125	145
-204	109	127
-194	109	126
-188	110	127
-187	114	132
-188	119	138
-188	124	143
-185	127	147
-177	127	147
-170	127	147
-162	126	146
-155	126	146
-149	126	146
-143	126	146
-138	127	147
-132	127	147
-126	126	146
-120	127	147
-115	127	147
-110	126	146
-104	126	146
-99	126	146
-94	125	145
-90	126	147
-86	126	147
-82	127	147
-77	127	147
-72	126	146
-68	126	146
-64	127	147
-60	127	147
-56	127	147
-52	127	147
-48	127	147
-44	127	147
-40	127	147
-36	126	146
-32	126	146
-29	127	147
-25	126	146
-21	126	146
-17	126	146
-14	126	146
-10	126	146
-6	126	146
-3	126	146
1	126	146
5	126	146
8	126	146
12	125	145
16	126	146
19	126	145
23	126	146
27	126	146
31	126	146
34	126	146
38	126	146
42	126	146
46	127	147
50	127	147
54	126	147
58	126	146
62	126	146
66	126	146
70	126	146
74	126	146
78	126	146
82	125	145
87	126	146
91	125	145
96	125	145
101	125	145
105	125	144
111	125	145
115	125	144
121	126	145
126	125	145
132	126	146
138	126	146
143	126	145
150	126	146
155	124	144
162	125	145
169	125	145
177	126	146
183	125	145
190	125	145
198	125	145
205	124	144
214	124	144
215	120	139
215	115	133
216	110	128
-578	153	153
-532	150	150
-490	147	147
-467	149	149
-436	148	148
-406	145	145
-387	146	146
-369	147	147
-350	146	146
-330	145	145
-318	147	147
-303	146	146
-288	145	145
-279	147	147
-264	146	146
-252	145	145
-240	145	145
-200	126	126
-192	126	126
-188	129	129
-188	134	134
-187	140	140
-188	145	145
-182	147	147
-175	147	147
-168	147	147
-160	146	146
-153	146	146
-147	146	146
-140	146	146
-135	147	147
-129	147	147
-124	147	147
-117	146	146
-113	148	148
-107	147	147
-102	146	146
-96	146	146
-92	146	146
-87	146	146
-83	147	147
-77	146	146
-73	146	146
-69	147	147
-64	146	146
-60	147	147
-56	147	147
-51	147	147
-47	147	147
-43	146	146
-39	147	147
-35	147	147
-31	147	147
-27	146	146
-22	146	146
-19	146	146
-14	146	146
-11	146	146
-7	146	146
-3	146	146
1	146	146
5	146	146
9	146	146
13	146	146
17	146	146
21	146	146
25	146	146
28	145	145
33	146	146
36	146	146
41	146	146
45	146	146
49	146	146
53	146	146
57	146	146
61	146	146
66	145	145
70	145	145
74	146	146
79	145	145
83	144	144
88	145	145
92	144	144
98	145	145
103	146	146
108	145	145
114	146	146
119	146	146
124	146	146
130	146	146
135	145	145
140	144	144
146	144	144
154	145	145
159	145	145
167	145	145
173	145	145
180	145	145
188	145	145
195	144	144
203	144	144
211	144	144
216	141	141
214	134	134
215	129	129
220	126	126
218	120	120
222	117	117
228	115	115
-600	117	101
-547	146	126
-490	140	121
-481	147	127
-436	142	122
-398	137	119
-386	141	122
-379	146	126
-373	151	131
-372	159	137
-363	163	141
-362	170	147
-359	177	153
-353	183	158
-349	188	163
-343	194	167
-339	200	173
-335	207	178
-329	211	183
-204	137	119
-194	137	118
-190	139	120
-190	145	125
-187	149	129
-180	150	129
-172	149	129
-166	150	129
-157	148	128
-151	148	128
-145	148	128
-146	161	139
-142	165	142
-143	173	149
-144	190	164
-145	200	173
-139	201	173
-131	200	172
-125	200	173
-118	198	171
-112	200	172
-106	199	172
-101	200	172
-80	169	146
-76	171	147
-59	143	123
-54	141	122
-50	141	122
-47	142	122
-43	142	122
-42	150	130
-42	165	143
-43	186	161
-44	213	184
-42	234	202
-37	236	203
-31	235	203
-25	236	204
-19	235	203
-13	236	203
-7	236	204
-1	236	204
5	235	203
11	235	203
17	235	203
22	235	203
28	235	202
34	234	202
39	234	202
46	235	203
39	175	151
38	149	129
40	143	124
44	144	125
48	146	126
52	145	126
56	146	126
60	146	126
64	145	125
68	146	126
72	146	126
76	145	125
80	143	124
84	143	124
90	147	127
95	146	126
101	148	128
105	147	127
114	152	132
116	149	128
121	148	128
127	150	129
132	149	128
139	150	129
144	149	129
149	147	127
153	145	125
157	143	124
134	117	101
178	150	130
186	151	130
195	151	131
202	151	130
212	152	131
174	119	103
212	134	116
214	130	112
214	124	107
214	119	103
218	116	100
219	111	96
219	106	92
221	103	89
222	98	85
225	95	82
-587	122	91
-524	139	103
-549	157	116
-496	152	113
-458	149	111
-532	184	137
-398	146	109
-383	149	111
-378	155	115
-372	161	120
-371	169	125
-366	175	130
-359	180	134
-355	186	138
-353	194	144
-347	199	148
-342	206	153
-340	213	158
-335	219	163
-328	224	167
-203	146	108
-194	145	108
-190	148	110
-188	153	114
-186	158	117
-179	158	117
-170	157	116
-165	158	117
-156	156	116
-149	156	116
-143	156	116
-144	170	126
-143	176	131
-142	183	136
-141	208	155
-137	212	157
-129	210	156
-123	211	156
-117	211	157
-110	210	156
-105	211	156
-85	180	134
-78	178	132
-75	180	134
-58	150	112
-53	148	110
-50	150	111
-46	150	111
-42	150	112
-42	162	120
-43	181	134
-43	203	151
-44	233	173
-41	247	184
-35	248	184
-29	249	184
-23	249	185
-17	248	184
-11	249	185
-6	249	185
0	249	185
6	250	185
12	249	185
18	249	185
24	248	184
29	248	184
36	249	185
41	247	184
47	248	184
40	183	136
37	152	113
41	152	113
45	152	113
50	155	115
53	154	114
57	154	114
61	154	114
65	154	115
70	154	114
74	155	115
77	152	113
80	150	112
87	155	115
92	155	115
97	156	116
101	155	115
105	154	114
112	156	116
117	157	116
122	156	116
129	157	117
133	156	116
140	158	117
147	158	117
148	153	114
154	153	113
158	151	112
171	156	116
181	159	118
189	160	119
197	159	118
204	159	118
172	128	95
175	125	93
211	145	107
213	140	104
214	135	100
215	130	96
215	124	92
218	120	89
220	116	86
219	110	82
223	107	80
223	102	76
224	97	72
-585	132	83
-531	141	89
-522	149	95
-508	156	99
-520	170	108
-466	163	103
-543	201	127
-395	155	98
-379	158	100
-373	163	103
-369	170	108
-363	176	111
-361	184	116
-354	189	120
-351	196	124
-345	202	128
-343	210	133
-337	216	136
-333	222	141
-313	218	138
-301	219	139
-201	154	97
-193	153	97
-189	157	99
-192	165	105
-187	175	111
-172	168	106
-167	170	108
-176	187	118
-161	178	113
-145	183	116
-144	189	120
-143	196	124
-148	212	134
-141	212	134
-136	214	136
-131	216	137
-124	215	136
-112	216	137
-105	214	136
-99	213	135
-94	214	135
-88	213	135
-57	160	102
-53	159	101
-49	160	101
-45	160	101
-42	161	102
-42	178	113
-41	194	123
-43	225	142
-42	246	156
-36	247	157
-31	247	157
-25	248	157
-19	247	157
-14	248	157
-8	247	157
-2	247	157
3	248	157
9	248	157
14	248	157
20	247	156
25	248	157
31	247	156
37	248	157
43	249	157
41	209	132
38	168	107
40	161	102
44	162	103
48	164	104
52	164	104
56	163	103
60	164	104
64	163	103
69	164	104
71	159	100
74	158	100
78	156	99
82	156	99
88	158	100
96	164	104
101	165	105
108	162	102
115	165	104
122	166	105
128	167	105
139	166	105
146	167	106
149	164	104
150	159	101
158	161	102
181	169	107
188	169	107
195	168	106
203	169	107
170	135	85
173	132	83
206	150	95
212	149	94
215	145	92
213	137	87
214	132	83
217	127	81
219	123	78
218	117	74
225	115	73
221	107	68
-587	132	70
-546	168	89
-494	163	87
-480	169	90
-523	195	104
-398	158	84
-384	161	86
-378	168	89
-374	175	93
-368	181	97
-365	189	100
-359	195	104
-355	201	107
-351	209	111
-347	216	115
-342	222	118
-340	231	123
-336	238	127
-331	245	130
-202	157	84
-194	157	84
-190	160	85
-191	168	89
-186	171	91
-179	171	91
-171	170	90
-165	171	91
-156	169	90
-152	171	91
-144	169	90
-145	185	99
-143	191	102
-143	199	106
-145	221	117
-144	229	122
-138	230	122
-131	229	122
-124	229	122
-119	230	122
-112	229	122
-106	229	122
-96	221	117
-79	194	103
-75	196	104
-59	164	87
-54	162	86
-50	162	86
-47	163	87
-43	163	87
-42	173	92
-42	192	102
-43	215	115
-44	246	131
-42	269	143
-36	269	143
-30	269	143
-24	271	144
-18	271	144
-13	270	144
-7	271	144
-1	271	144
5	270	144
11	270	144
17	270	144
23	269	143
28	270	144
34	269	143
40	268	143
46	269	143
39	200	107
38	171	91
40	164	87
44	166	88
48	167	89
52	167	89
56	167	89
60	168	89
64	167	89
68	168	89
73	167	89
77	167	89
80	165	88
84	164	87
90	168	90
96	169	90
99	167	89
105	169	90
114	174	93
116	170	91
121	170	90
128	172	91
132	171	91
139	172	91
144	171	91
148	169	90
152	166	89
157	164	88
134	134	71
178	172	92
186	172	92
195	174	93
202	173	92
206	169	90
173	136	72
213	155	82
214	149	79
214	142	76
214	136	73
218	133	71
219	128	68
218	121	65
221	117	63
222	112	60
223	107	57
-593	123	54
-551	126	55
-561	140	61
-560	151	66
-553	162	71
-516	162	71
-479	161	71
-525	188	82
-422	161	71
-399	162	71
-393	168	74
-395	179	78
-385	184	81
-386	194	85
-380	200	88
-378	209	91
-373	216	95
-372	226	99
-367	233	102
-364	241	106
-360	249	109
-515	371	163
-206	156	68
-196	156	68
-190	158	69
-190	165	72
-192	173	76
-185	174	76
-191	186	81
-175	178	78
-166	175	77
-154	170	75
-150	173	76
-146	175	77
-147	184	81
-140	183	80
-146	207	91
-147	218	95
-144	224	98
-139	226	99
-132	225	98
-92	184	80
-78	166	72
-77	170	75
-78	184	81
-75	186	82
-70	187	82
-57	161	71
-52	160	70
-49	160	70
-45	161	71
-42	161	70
-42	177	78
-43	197	86
-43	220	96
-43	243	106
-38	248	109
-33	251	110
-37	329	144
-31	334	146
-24	335	146
-16	334	146
-10	336	147
-2	335	146
5	336	147
12	335	147
19	334	146
26	335	147
33	334	146
40	333	146
47	332	145
54	332	145
37	176	77
38	163	71
42	163	71
46	164	72
50	164	72
54	165	72
58	165	72
61	165	72
65	165	72
70	167	73
74	166	72
78	166	73
82	166	72
87	166	73
91	167	73
97	167	73
101	167	73
105	167	73
114	172	75
116	168	73
121	167	73
127	168	73
133	169	74
139	169	74
145	169	74
150	168	74
156	168	73
134	138	60
131	130	57
183	168	73
190	167	73
201	170	74
210	171	75
216	169	74
217	162	71
216	155	68
218	149	65
214	140	61
218	137	60
219	132	58
218	125	55
220	120	53
222	116	51
221	110	48
223	105	46
-54	14	5
-53	15	5
-562	147	51
-492	161	56
-460	161	56
-435	163	57
-421	167	58
-412	173	60
-411	183	63
-411	193	67
-204	154	53
-197	155	54
-190	155	54
-191	163	57
-187	166	58
-178	165	57
-172	166	58
-164	165	57
-158	166	58
-152	167	58
-145	165	57
-148	175	61
-155	192	67
-142	184	64
-133	179	62
-131	184	64
-118	190	66
-109	183	64
-103	182	63
-96	179	62
-93	183	63
-90	185	64
-76	166	58
-72	167	58
-69	170	59
-58	160	56
-53	159	55
-50	159	55
-46	159	55
-43	159	55
-42	170	59
-43	188	65
-43	207	72
-44	235	81
-43	412	143
-35	410	142
-26	411	143
-18	413	143
-9	412	143
0	412	143
8	412	143
17	412	143
25	414	144
34	412	143
42	411	143
51	411	143
59	410	142
68	411	143
39	201	70
37	172	60
39	162	56
39	149	52
46	162	56
35	113	39
38	114	40
41	115	40
44	108	37
48	107	37
87	166	58
91	165	57
95	165	57
78	128	45
79	124	43
82	123	43
125	166	57
130	166	58
137	167	58
144	169	59
149	168	59
155	168	58
162	168	58
167	167	58
175	168	58
184	169	59
192	170	59
198	168	58
209	170	59
218	170	59
216	161	56
203	146	51
202	139	48
213	140	49
213	134	47
218	131	45
219	126	44
218	119	41
221	115	40
221	109	38
220	103	36
219	97	34
-54	14	4
-52	14	4
-52	15	4
-444	161	42
-438	169	44
-434	178	46
-431	187	49
-430	197	51
-205	152	40
-196	152	40
-190	154	40
-189	160	41
-183	167	43
-168	167	43
-165	170	44
-180	194	50
-155	181	47
-141	179	47
-147	195	51
-149	206	54
-146	211	55
-134	203	53
-128	203	53
-122	203	53
-119	207	54
-113	206	53
-116	222	58
-109	220	57
-105	223	58
-99	222	58
-94	224	58
-88	222	58
-58	158	41
-54	157	41
-51	157	41
-47	157	41
-43	156	41
-42	162	42
-42	179	47
-42	196	51
-43	220	57
-44	249	65
-49	418	109
-48	489	127
-38	487	127
-18	488	127
-7	462	120
2	432	112
11	419	109
20	429	112
32	477	124
42	494	128
52	490	127
62	489	127
68	459	119
76	454	118
30	147	38
34	153	40
36	150	39
42	161	42
46	160	41
64	161	42
49	114	30
44	97	25
47	97	25
54	107	28
56	105	27
98	163	42
102	162	42
107	162	42
113	164	43
118	164	43
123	164	43
129	165	43
134	164	43
140	165	43
147	166	43
152	165	43
159	166	43
165	166	43
172	165	43
179	166	43
189	168	44
195	166	43
204	167	43
211	166	43
217	164	43
217	157	41
200	138	36
209	138	36
202	127	33
201	121	31
203	117	30
204	112	29
210	110	28
224	111	29
220	98	26
222	94	24
-105	15	3
-54	13	2
-52	14	2
-449	172	30
-448	182	32
-451	194	34
-451	205	36
-205	151	26
-197	152	26
-190	153	27
-190	160	28
-192	168	29
-192	175	30
-190	180	31
-143	174	30
-140	178	31
-147	195	34
-149	205	36
-146	210	36
-118	179	31
-127	219	38
-121	220	38
-115	219	38
-110	220	38
-101	214	37
-96	213	37
-93	220	38
-88	220	38
-58	156	27
-54	155	27
-51	155	27
-47	155	27
-43	155	27
-42	161	28
-42	177	31
-43	196	34
-44	220	38
-44	247	43
-49	348	60
-49	409	71
-40	401	70
-31	401	70
-23	402	70
-15	402	70
-7	403	70
2	404	70
10	404	70
18	403	70
31	480	83
40	482	84
47	452	78
56	448	78
66	453	79
74	446	77
38	157	27
41	158	27
41	144	25
37	119	21
41	122	21
50	141	24
67	160	28
71	160	28
75	159	28
51	100	17
92	161	28
97	161	28
101	161	28
105	161	28
110	161	28
105	146	25
121	162	28
126	162	28
121	149	26
120	142	25
144	163	28
150	163	28
156	163	28
163	164	28
171	165	29
177	164	29
185	165	29
174	142	25
203	153	27
210	152	26
215	149	26
213	141	24
211	133	23
211	127	22
203	117	20
214	118	20
206	108	19
213	106	18
530	241	42
534	230	40
534	217	38
-102	14	1
-63	13	1
-54	13	1
-52	14	1
-465	173	15
-457	181	16
-206	149	13
-196	148	13
-190	150	13
-190	156	14
-192	164	14
-139	159	14
-182	215	19
-142	175	15
-167	214	19
-128	172	15
-122	171	15
-118	174	15
-116	178	16
-115	184	16
-113	198	17
-110	203	18
-92	189	17
-87	187	16
-83	188	16
-81	196	17
-74	189	17
-55	153	13
-52	153	13
-49	153	13
-45	152	13
-42	153	13
-42	167	15
-43	183	16
-43	202	18
-44	227	20
-46	264	23
-46	299	26
-49	368	32
-45	396	35
-37	393	34
-29	394	34
-21	396	35
-13	396	35
-5	397	35
3	398	35
12	396	35
22	445	39
33	474	41
42	476	42
53	481	42
60	465	41
72	481	42
82	480	42
38	168	15
39	157	14
42	157	14
44	150	13
49	156	14
52	156	14
56	156	14
59	156	14
71	157	14
75	157	14
79	158	14
83	157	14
80	144	13
83	142	12
80	131	11
89	140	12
94	141	12
101	146	13
108	149	13
122	162	14
121	153	13
116	141	12
120	140	12
143	161	14
149	161	14
153	158	14
153	152	13
168	161	14
167	153	13
171	150	13
188	159	14
206	161	14
214	161	14
201	144	13
214	147	13
214	141	12
211	133	12
217	130	11
210	120	11
206	112	10
208	109	9
212	105	9
534	229	20
531	215	19
532	203	18
-102	12	0
-94	15	0
-54	12	0
-53	13	0
-52	14	0
-464	173	0
-203	147	0
-194	146	0
-191	150	0
-191	157	0
-193	165	0
-191	171	0
-172	160	0
-168	163	0
-142	157	0
-152	197	0
-147	199	0
-147	207	0
-141	208	0
-103	213	0
-97	213	0
-93	215	0
-88	215	0
-57	150	0
-53	150	0
-50	151	0
-46	150	0
-43	151	0
-42	158	0
-43	176	0
-44	196	0
-43	215	0
-44	244	0
-46	286	0
-49	343	0
-46	383	0
-39	388	0
-31	387	0
-23	391	0
-15	387	0
-7	386	0
1	390	0
9	387	0
18	389	0
31	469	0
40	470	0
49	461	0
38	171	0
38	155	0
38	132	0
41	106	0
44	107	0
45	104	0
61	126	0
64	126	0
67	126	0
67	121	0
73	124	0
77	126	0
79	123	0
82	112	0
90	118	0
94	118	0
104	126	0
102	117	0
103	114	0
126	135	0
122	125	0
118	116	0
131	123	0
179	150	0
184	148	0
195	151	0
163	120	0
204	145	0
206	140	0
215	140	0
202	126	0
206	117	0
203	110	0
215	111	0
209	102	0
536	227	0
537	215	0
526	198	0
-114	11	-1
-98	11	-1
-92	15	-1
-54	12	-1
-52	13	-1
-478	155	-14
-463	161	-15
-385	170	-15
-386	189	-17
-342	177	-16
-322	175	-16
-308	175	-16
-310	184	-17
-308	192	-17
-209	143	-13
-203	145	-13
-192	144	-13
-189	148	-13
-194	157	-14
-178	164	-15
-139	151	-14
-154	182	-16
-153	196	-18
-131	176	-16
-126	177	-16
-120	176	-16
-115	177	-16
-110	176	-16
-105	176	-16
-100	177	-16
-96	177	-16
-96	187	-17
-77	177	-16
-57	148	-13
-53	147	-13
-49	147	-13
-46	147	-13
-43	148	-13
-42	158	-14
-43	173	-16
-43	193	-17
-44	216	-19
-45	243	-22
-46	282	-25
-47	387	-35
-39	383	-35
-30	382	-34
-22	383	-35
-14	383	-35
-6	383	-35
2	381	-34
10	384	-35
18	381	-34
29	418	-38
39	453	-41
53	409	-37
62	408	-37
31	148	-13
33	142	-13
31	120	-11
31	110	-10
32	105	-9
33	102	-9
35	99	-9
37	99	-9
39	99	-9
42	99	-9
44	99	-9
47	99	-9
49	99	-9
52	100	-9
55	99	-9
57	100	-9
60	99	-9
63	100	-9
66	99	-9
69	99	-9
72	100	-9
75	99	-9
78	100	-9
82	100	-9
86	100	-9
89	100	-9
93	101	-9
97	101	-9
101	101	-9
105	101	-9
109	101	-9
114	101	-9
118	100	-9
124	101	-9
129	101	-9
135	101	-9
140	101	-9
146	101	-9
153	101	-9
161	102	-9
170	103	-9
178	103	-9
188	104	-9
193	102	-9
208	105	-9
219	105	-10
543	226	-20
529	208	-19
532	197	-18
536	186	-17
531	173	-16
537	163	-15
-571	185	-34
-525	181	-33
-490	180	-33
-465	182	-34
-433	180	-33
-406	178	-33
-392	181	-33
-369	180	-33
-351	180	-33
-332	179	-33
-317	179	-33
-304	180	-33
-292	181	-33
-280	181	-34
-268	182	-34
-254	180	-33
-246	182	-34
-219	169	-31
-198	159	-29
-191	160	-30
-189	165	-31
-188	171	-32
-188	179	-33
-187	185	-34
-180	185	-34
-171	185	-34
-165	186	-34
-158	185	-34
-151	185	-34
-144	184	-34
-138	184	-34
-132	185	-34
-127	185	-34
-121	185	-34
-116	186	-34
-110	186	-34
-106	187	-35
-100	186	-34
-95	186	-34
-89	185	-34
-84	185	-34
-79	185	-34
-75	185	-34
-70	185	-34
-66	184	-34
-61	184	-34
-57	183	-34
-52	183	-34
-48	184	-34
-44	185	-34
-40	185	-34
-36	185	-34
-31	185	-34
-27	185	-34
-23	185	-34
-19	185	-34
-15	184	-34
-11	185	-34
-7	185	-34
-3	184	-34
1	184	-34
5	184	-34
9	184	-34
13	185	-34
17	185	-34
21	184	-34
25	184	-34
30	185	-34
34	184	-34
38	184	-34
42	184	-34
46	184	-34
50	184	-34
54	183	-34
58	182	-34
63	183	-34
67	183	-34
72	182	-34
76	182	-34
81	182	-34
86	183	-34
91	183	-34
95	182	-34
101	183	-34
106	183	-34
111	183	-34
117	183	-34
123	184	-34
128	183	-34
133	182	-34
139	181	-34
145	182	-34
153	184	-34
158	183	-34
165	182	-34
171	182	-34
180	184	-34
187	182	-34
195	183	-34
202	182	-34
209	181	-33
215	179	-33
215	171	-32
215	164	-30
218	159	-29
217	152	-28
218	146	-27
220	141	-26
226	139	-26
-140	10	-3
-97	11	-3
-92	12	-4
-80	12	-4
-55	10	-3
-52	11	-3
-53	12	-3
-546	156	-45
-482	148	-42
-466	153	-44
-466	163	-46
-324	165	-47
-317	169	-48
-306	171	-49
-309	181	-52
-311	190	-54
-312	199	-57
-206	138	-39
-197	138	-39
-190	139	-40
-190	144	-41
-193	152	-44
-192	159	-45
-140	148	-42
-135	156	-44
-153	198	-57
-132	180	-51
-128	182	-52
-122	182	-52
-117	183	-52
-111	182	-52
-104	178	-51
-99	179	-51
-94	178	-51
-88	177	-50
-84	178	-51
-80	179	-51
-59	141	-40
-55	141	-40
-51	141	-40
-48	141	-40
-44	140	-40
-42	144	-41
-43	160	-46
-43	175	-50
-44	194	-56
-45	220	-63
-46	252	-72
-50	363	-104
-43	368	-105
-35	378	-108
-18	377	-108
-10	376	-107
24	372	-106
30	146	-42
32	138	-39
29	112	-32
30	105	-30
32	102	-29
33	98	-28
34	95	-27
37	95	-27
39	95	-27
41	94	-27
44	94	-27
46	95	-27
49	95	-27
52	95	-27
54	95	-27
57	95	-27
59	95	-27
62	95	-27
65	95	-27
68	95	-27
71	95	-27
75	95	-27
78	95	-27
81	95	-27
85	96	-27
88	96	-27
92	96	-27
96	96	-27
99	95	-27
103	95	-27
108	96	-27
113	96	-27
117	95	-27
122	96	-27
127	96	-27
132	96	-27
139	97	-28
144	97	-28
149	96	-27
156	96	-27
166	98	-28
174	99	-28
184	99	-28
194	100	-29
203	100	-29
211	99	-28
222	99	-28
235	100	-28
237	96	-27
237	90	-26
250	90	-26
555	179	-51
-564	13	-5
-126	9	-4
-99	9	-4
-94	12	-5
-74	11	-4
-54	10	-4
-53	11	-4
-550	151	-60
-536	158	-62
-466	147	-58
-465	156	-62
-464	165	-65
-333	162	-64
-317	162	-64
-307	171	-68
-302	176	-70
-298	182	-72
-205	137	-54
-197	137	-54
-190	138	-54
-192	145	-57
-193	151	-60
-142	148	-59
-144	163	-64
-131	169	-67
-121	163	-65
-115	162	-64
-111	164	-65
-107	165	-65
-104	170	-67
-100	171	-68
-99	177	-70
-97	182	-72
-69	156	-62
-58	140	-55
-54	139	-55
-51	139	-55
-47	140	-55
-44	139	-55
-43	147	-58
-43	163	-64
-43	179	-71
-44	201	-80
-45	229	-90
-41	236	-93
-35	234	-92
-24	235	-93
-19	236	-93
-13	236	-93
-8	236	-93
-2	236	-93
3	236	-93
9	236	-93
14	236	-93
20	236	-93
25	236	-93
30	237	-94
36	236	-93
42	236	-93
30	146	-58
32	139	-55
32	123	-49
31	110	-43
32	102	-40
33	97	-38
34	93	-37
36	93	-37
39	93	-37
41	93	-37
43	93	-37
47	94	-37
49	94	-37
52	94	-37
54	94	-37
57	94	-37
60	94	-37
62	94	-37
65	93	-37
68	93	-37
71	94	-37
75	94	-37
78	94	-37
81	94	-37
85	94	-37
88	94	-37
92	94	-37
96	95	-37
100	94	-37
103	94	-37
108	95	-37
112	94	-37
118	95	-38
122	95	-38
126	94	-37
131	94	-37
138	95	-38
144	95	-38
150	95	-38
154	94	-37
163	95	-38
170	95	-38
180	97	-38
192	99	-39
199	98	-39
209	98	-39
216	96	-38
228	97	-38
235	95	-37
237	91	-36
236	86	-34
236	81	-32
236	76	-30
237	72	-28
238	67	-27
238	63	-25
238	58	-23
244	55	-22
537	85	-33
-565	-1	0
-537	8	-4
-525	17	-9
-137	8	-4
-98	10	-5
-93	11	-6
-82	11	-6
-54	9	-5
-53	10	-5
-54	11	-6
-508	131	-67
-532	146	-75
-491	144	-75
-466	146	-75
-465	155	-80
-466	164	-85
-321	176	-91
-311	179	-92
-302	181	-93
-203	133	-69
-194	133	-68
-191	136	-70
-190	141	-73
-164	156	-80
-157	155	-80
-151	156	-80
-145	156	-80
-148	166	-86
-145	170	-88
-141	173	-89
-135	174	-90
-130	175	-90
-123	173	-89
-118	173	-90
-112	173	-89
-107	174	-90
-102	174	-90
-97	175	-90
-91	174	-90
-86	174	-90
-72	155	-80
-59	137	-71
-55	136	-70
-51	136	-70
-47	135	-70
-44	137	-70
-43	143	-74
-43	157	-81
-44	174	-90
-41	184	-95
-32	185	-95
-27	185	-95
-23	185	-95
-18	186	-96
-14	187	-97
-9	186	-96
-4	185	-96
0	186	-96
5	185	-96
10	185	-95
14	187	-96
18	186	-96
23	188	-97
28	186	-96
33	188	-97
37	187	-96
31	135	-70
31	119	-61
33	115	-60
32	102	-52
32	95	-49
34	92	-47
36	91	-47
38	90	-47
41	91	-47
44	91	-47
47	92	-47
49	91	-47
52	91	-47
54	91	-47
57	91	-47
60	91	-47
63	91	-47
65	90	-47
68	90	-47
72	91	-47
76	92	-47
79	92	-47
83	92	-47
86	92	-47
89	91	-47
93	92	-47
97	92	-47
101	92	-47
105	91	-47
109	92	-47
115	92	-48
120	92	-48
123	92	-47
128	91	-47
135	93	-48
141	93	-48
146	92	-48
151	91	-47
156	91	-47
166	92	-48
172	92	-47
184	94	-48
192	94	-48
199	93	-48
210	93	-48
223	95	-49
236	95	-49
250	86	-44
238	72	-37
237	68	-35
239	64	-33
238	59	-31
238	55	-28
237	51	-26
244	47	-25
229	10	-7
-590	-17	11
-546	-6	4
-522	2	-1
-521	10	-7
-517	18	-12
-125	8	-5
-100	8	-5
-99	10	-6
-93	11	-7
-76	10	-7
-54	9	-6
-53	9	-6
-507	124	-81
-339	134	-87
-256	134	-88
-236	135	-88
-227	135	-88
-211	131	-86
-201	130	-85
-194	131	-86
-186	131	-86
-178	131	-86
-171	131	-86
-164	131	-86
-158	131	-86
-152	132	-86
-147	133	-87
-141	133	-87
-136	133	-87
-130	133	-87
-124	133	-87
-119	133	-87
-114	133	-87
-108	133	-86
-104	133	-87
-99	133	-87
-95	134	-87
-90	133	-87
-86	134	-87
-82	135	-88
-77	134	-87
-73	133	-87
-69	134	-87
-65	134	-87
-61	134	-88
-57	134	-87
-53	134	-88
-49	134	-88
-45	134	-87
-43	138	-90
-40	140	-91
-36	140	-91
-32	140	-92
-28	141	-92
-24	140	-91
-21	141	-92
-17	141	-92
-13	140	-92
-9	141	-92
-6	141	-92
-2	140	-91
2	141	-92
6	141	-92
9	141	-92
13	141	-92
17	141	-92
21	141	-92
24	141	-92
28	140	-92
32	141	-92
33	128	-83
31	108	-70
33	105	-68
33	95	-62
34	90	-59
36	90	-58
39	89	-58
41	89	-58
45	90	-59
47	90	-59
50	90	-59
53	90	-59
55	90	-59
58	89	-58
61	89	-58
63	88	-58
67	89	-58
71	90	-59
75	91	-59
78	90	-59
82	91	-59
85	91	-59
88	90	-59
92	90	-59
95	90	-59
100	90	-59
103	90	-59
108	90	-59
113	91	-59
118	91	-59
122	90	-59
125	89	-58
131	90	-59
139	91	-60
144	91	-59
148	90	-59
152	89	-58
163	91	-60
169	91	-59
174	89	-58
185	91	-59
193	91	-59
205	92	-60
211	90	-59
226	93	-60
236	92	-60
235	87	-57
236	83	-54
229	76	-50
229	72	-47
230	68	-44
243	68	-44
537	133	-87
238	54	-35
236	49	-32
233	45	-29
247	44	-28
229	12	-9
226	8	-7
225	5	-4
224	1	-1
-591	-38	31
-558	-28	22
-550	-19	16
-550	-11	9
-529	-3	2
-521	5	-4
-515	12	-10
-145	7	-6
-115	7	-6
-100	8	-7
-93	10	-8
-76	10	-8
-54	8	-7
-53	9	-7
-299	101	-82
-278	99	-80
-265	99	-80
-257	101	-82
-245	101	-82
-234	101	-82
-223	101	-82
-215	102	-83
-206	102	-83
-198	102	-83
-190	103	-83
-181	102	-83
-174	102	-83
-167	102	-83
-161	103	-83
-154	102	-83
-147	102	-83
-143	103	-84
-137	103	-84
-131	103	-83
-126	103	-84
-121	104	-84
-116	103	-84
-112	104	-84
-108	105	-85
-102	104	-84
-98	104	-84
-93	103	-84
-90	105	-85
-85	104	-84
-81	104	-84
-77	104	-84
-74	104	-84
-70	104	-85
-66	104	-84
-63	104	-84
-59	103	-84
-56	104	-84
-52	104	-84
-49	104	-85
-46	104	-85
-42	104	-85
-39	104	-85
-36	105	-85
-18	62	-50
-15	57	-46
-13	54	-44
-11	54	-44
-10	56	-46
-9	62	-50
-8	105	-85
-5	105	-85
-2	105	-85
1	105	-86
4	105	-86
7	105	-85
10	105	-85
13	105	-85
16	105	-85
19	105	-86
22	105	-85
25	105	-85
29	105	-85
32	106	-86
32	96	-78
34	92	-75
36	91	-73
39	90	-73
41	90	-73
44	90	-73
47	91	-73
50	90	-73
53	90	-73
56	90	-73
59	90	-73
62	90	-73
66	90	-73
70	92	-74
73	91	-74
77	91	-74
80	91	-74
84	92	-74
88	91	-74
91	91	-74
95	90	-73
99	91	-73
103	91	-74
108	91	-74
113	91	-74
117	91	-74
121	90	-73
124	89	-72
131	90	-73
138	91	-74
144	91	-74
147	90	-73
151	88	-72
155	87	-71
171	92	-75
178	92	-75
186	93	-75
196	94	-76
201	92	-74
206	90	-73
222	93	-75
227	90	-73
228	74	-60
230	71	-58
230	67	-54
227	62	-50
228	59	-48
228	55	-45
233	53	-43
229	10	-10
225	7	-7
225	4	-4
223	1	-1
-615	-37	37
-557	-26	26
-553	-19	19
-550	-11	11
-529	-4	4
-521	3	-3
-524	10	-10
-511	16	-16
-126	7	-7
-100	7	-7
-99	8	-8
-92	9	-9
-79	9	-9
-55	8	-8
-53	8	-8
-285	91	-91
-268	90	-90
-259	92	-92
-248	92	-92
-236	92	-92
-226	92	-92
-217	92	-92
-207	92	-92
-200	93	-93
-193	94	-94
-183	93	-93
-176	93	-93
-168	93	-93
-162	93	-93
-154	93	-93
-148	93	-93
-144	94	-94
-138	94	-94
-132	93	-93
-127	94	-94
-122	94	-94
-117	94	-94
-113	95	-95
-108	95	-95
-103	94	-94
-99	94	-94
-95	95	-95
-91	95	-95
-86	95	-95
-82	94	-94
-78	94	-94
-74	94	-94
-71	95	-95
-66	94	-94
-63	94	-94
-60	95	-95
-56	95	-95
-53	95	-95
-49	95	-95
-46	95	-95
-43	95	-95
-40	95	-95
-37	95	-95
-33	95	-95
-30	95	-95
-27	95	-95
-24	96	-96
-21	95	-95
-18	96	-96
-15	96	-96
-11	95	-95
-9	96	-96
-6	95	-95
-2	96	-96
1	95	-95
4	96	-96
7	95	-95
10	96	-96
13	95	-95
16	96	-96
19	96	-96
22	96	-96
25	96	-96
28	96	-96
31	96	-96
32	90	-90
33	84	-84
35	83	-83
38	82	-82
41	82	-82
44	82	-82
47	82	-82
50	82	-82
52	82	-82
55	81	-81
58	81	-81
62	82	-82
65	82	-82
70	83	-83
73	83	-83
76	83	-83
80	83	-83
83	83	-83
87	83	-83
91	83	-83
94	82	-82
98	83	-83
103	83	-83
106	82	-82
112	83	-83
116	83	-83
120	82	-82
124	81	-81
129	81	-81
137	83	-83
143	83	-83
147	82	-82
150	81	-81
154	79	-79
166	82	-82
178	85	-85
184	84	-84
194	85	-85
199	83	-83
205	82	-82
214	81	-81
226	82	-82
229	68	-68
230	65	-65
229	61	-61
229	58	-58
228	54	-54
228	51	-51
231	48	-48
237	46	-46
240	36	-36
227	8	-10
226	5	-7
224	3	-3
224	0	0
-588	-54	67
-554	-44	54
-544	-37	45
-543	-30	37
-547	-24	30
-548	-18	22
-545	-11	14
-533	-5	6
-517	2	-2
-515	8	-9
-520	14	-17
-140	6	-8
-115	7	-8
-99	7	-9
-92	9	-11
-54	7	-9
-53	8	-10
-271	69	-85
-261	70	-87
-248	70	-87
-237	71	-87
-227	71	-88
-214	71	-87
-203	71	-87
-195	71	-87
-186	71	-87
-177	71	-87
-170	71	-87
-162	70	-87
-150	74	-91
-139	72	-88
-134	72	-89
-128	72	-88
-122	71	-88
-118	72	-88
-113	72	-89
-108	72	-88
-103	72	-88
-99	72	-88
-95	71	-88
-91	72	-88
-87	72	-88
-84	72	-89
-80	72	-89
-76	72	-89
-73	72	-89
-69	72	-89
-66	72	-89
-63	72	-89
-60	72	-89
-57	72	-89
-20	30	-37
-18	30	-37
-16	28	-35
-15	28	-35
-13	28	-34
-12	28	-34
-11	28	-35
-11	29	-35
-9	29	-36
-9	31	-38
-8	31	-38
-7	31	-39
-6	32	-40
-6	72	-89
-4	72	-89
-1	72	-89
1	73	-89
4	73	-89
6	72	-89
9	73	-89
12	73	-89
14	72	-89
17	73	-90
19	72	-89
22	72	-89
24	72	-89
27	73	-89
30	73	-90
33	72	-89
35	73	-90
38	73	-90
41	73	-90
47	73	-90
50	73	-90
53	73	-90
56	73	-90
59	73	-90
62	73	-90
66	73	-90
69	73	-91
72	73	-90
76	73	-91
80	73	-90
83	73	-90
87	73	-91
95	73	-90
99	73	-91
104	74	-91
108	74	-91
112	74	-91
117	74	-91
123	74	-92
129	75	-92
133	74	-91
138	74	-91
143	74	-91
150	74	-91
156	74	-91
161	74	-91
169	74	-91
177	74	-92
185	74	-92
195	75	-93
204	75	-93
211	74	-92
211	71	-87
232	71	-87
225	66	-81
227	63	-77
229	54	-66
226	50	-62
228	47	-58
234	45	-56
264	45	-55
241	35	-43
