0	0	0
-70	19	11
-68	24	14
-112	63	36
-103	64	37
-82	61	35
-78	61	35
-74	60	35
-70	60	35
-69	61	35
-65	61	35
-62	61	35
-59	61	35
-56	60	35
-54	60	35
-51	60	35
-49	60	35
-46	60	34
-44	59	34
-41	59	34
-39	59	34
-37	59	34
-35	59	34
-33	59	34
-31	59	34
-29	58	34
-27	58	34
-26	58	34
-24	58	34
-22	58	34
-21	58	33
-19	58	33
-17	58	33
-16	57	33
-14	57	33
-12	57	33
-11	57	33
-10	57	33
-8	57	33
-7	57	33
-5	57	33
-4	57	33
-2	56	33
-1	56	33
1	56	33
2	56	32
4	56	32
5	56	32
6	56	32
8	56	32
9	56	32
10	56	32
12	56	32
13	56	32
15	56	32
16	55	32
18	55	32
19	55	32
21	55	32
22	55	32
24	55	32
25	55	32
27	55	32
29	55	32
30	55	32
32	55	32
34	55	32
35	55	32
37	55	32
39	54	31
40	55	32
43	55	32
44	55	32
46	54	31
48	54	31
50	54	31
53	54	31
55	54	31
57	54	31
60	54	31
62	54	31
65	54	31
68	54	31
70	54	31
73	53	31
77	54	31
80	53	31
83	53	31
93	52	30
94	47	27
94	45	26
-71	18	11
-69	24	14
-138	64	37
-116	63	36
-98	62	36
-84	61	35
-80	61	35
-76	60	35
-72	60	35
-70	61	35
-67	61	35
-64	61	35
-61	61	35
-58	60	35
-55	60	35
-53	60	35
-50	60	34
-47	60	34
-45	59	34
-43	59	34
-41	59	34
-39	59	34
-36	59	34
-34	59	34
-33	59	34
-30	58	34
-29	58	34
-27	58	34
-25	58	33
-23	58	33
-22	58	33
-20	58	33
-18	58	33
-17	57	33
-15	57	33
-14	57	33
-12	57	33
-10	57	33
-9	57	33
-7	57	33
-6	56	33
-4	57	33
-3	56	33
-1	56	33
0	56	33
1	56	32
3	56	32
4	56	32
5	56	32
7	56	32
8	56	32
10	56	32
11	56	32
13	55	32
14	56	32
15	55	32
17	55	32
18	55	32
20	55	32
22	55	32
23	55	32
25	55	32
26	55	32
28	55	32
29	55	32
31	55	32
32	55	31
34	55	32
36	54	31
38	54	31
40	54	31
42	54	31
43	54	31
45	54	31
47	54	31
50	54	31
51	54	31
54	54	31
56	54	31
58	54	31
61	54	31
63	53	31
66	54	31
69	54	31
72	53	31
75	53	31
78	53	31
82	53	31
82	51	30
93	53	31
94	46	27
-71	20	10
-136	66	34
-114	65	33
-97	64	33
-83	63	32
-79	63	32
-75	63	32
-71	62	32
-70	64	32
-67	63	32
-63	63	32
-60	63	32
-57	63	32
-55	62	32
-52	62	32
-49	62	32
-47	62	32
-45	62	31
-42	61	31
-40	61	31
-38	61	31
-36	61	31
-34	61	31
-32	61	31
-30	60	31
-28	60	31
-26	60	31
-25	60	31
-23	60	31
-21	60	31
-19	60	30
-18	60	30
-16	60	30
-15	59	30
-13	59	30
-12	59	30
-10	59	30
-9	59	30
-7	59	30
-5	59	30
-4	59	30
-3	59	30
-1	58	30
0	58	30
2	58	30
3	58	30
5	58	30
6	58	30
7	58	30
9	58	29
10	58	29
12	58	29
13	57	29
15	57	29
16	57	29
18	58	29
19	57	29
21	57	29
22	57	29
24	57	29
25	57	29
27	57	29
29	57	29
30	57	29
32	57	29
33	57	29
35	57	29
37	57	29
39	57	29
41	57	29
43	57	29
44	56	29
46	56	29
49	56	29
51	56	29
53	56	29
55	56	28
58	56	28
60	56	28
62	56	28
65	56	28
68	55	28
71	56	28
74	56	28
77	55	28
80	55	28
84	55	28
93	54	27
94	49	25
94	47	24
-70	20	10
-70	24	12
-68	25	13
-136	67	34
-113	65	33
-96	64	33
-82	63	32
-78	63	32
-75	63	32
-71	63	32
-69	63	32
-66	63	32
-63	63	32
-60	63	32
-57	63	32
-54	62	32
-51	62	32
-49	62	32
-46	62	32
-44	61	31
-42	61	31
-39	61	31
-37	61	31
-35	61	31
-33	61	31
-31	60	31
-29	61	31
-28	61	31
-26	60	31
-24	60	31
-22	60	31
-21	60	31
-19	60	30
-17	60	30
-16	60	30
-14	59	30
-12	59	30
-11	59	30
-9	59	30
-8	59	30
-6	59	30
-5	59	30
-3	59	30
-2	59	30
-1	58	30
1	58	30
2	58	30
4	58	30
5	58	30
7	58	30
8	58	29
9	58	29
11	58	29
12	58	29
14	57	29
15	57	29
17	58	29
18	58	29
20	57	29
21	57	29
23	57	29
24	57	29
26	57	29
27	57	29
29	57	29
31	57	29
32	57	29
34	57	29
36	57	29
37	56	29
39	57	29
41	56	29
43	57	29
45	56	29
47	56	29
49	56	29
51	56	29
53	56	28
56	56	28
58	56	29
61	56	28
63	56	28
66	56	28
69	56	28
72	55	28
75	56	28
78	55	28
81	55	28
85	55	28
93	55	28
94	53	27
94	48	24
-71	19	9
-69	23	10
-69	25	11
-137	67	30
-113	65	29
-96	64	28
-82	63	28
-78	63	28
-74	62	28
-71	62	28
-69	63	28
-66	63	28
-62	63	28
-60	62	28
-57	62	28
-54	62	28
-51	62	28
-49	62	27
-46	61	27
-44	61	27
-42	61	27
-40	61	27
-38	61	27
-36	61	27
-34	61	27
-31	60	27
-30	60	27
-28	60	27
-26	60	27
-25	60	27
-23	60	27
-21	60	27
-19	60	27
-18	59	26
-16	59	26
-15	59	26
-13	59	26
-12	59	26
-10	59	26
-9	59	26
-7	59	26
-6	58	26
-4	58	26
-3	58	26
-2	58	26
0	58	26
1	58	26
2	58	26
4	58	26
5	58	26
7	58	26
8	58	26
9	57	26
11	57	26
12	57	26
13	57	26
15	57	25
16	57	25
18	57	25
19	57	25
21	57	25
22	57	25
24	57	25
25	57	25
27	57	25
28	56	25
30	56	25
31	56	25
33	56	25
35	56	25
37	56	25
38	56	25
40	56	25
42	56	25
44	56	25
46	56	25
48	56	25
50	56	25
52	55	25
54	55	25
57	56	25
59	55	25
61	55	25
64	55	25
67	55	25
69	55	25
73	55	25
76	55	25
79	55	24
82	55	24
82	52	23
94	54	24
94	47	21
-68	18	8
-70	25	11
-137	66	29
-115	65	29
-97	64	28
-84	63	28
-79	63	28
-76	62	28
-72	62	28
-70	63	28
-67	63	28
-64	63	28
-60	62	28
-58	62	28
-55	62	28
-52	62	28
-49	62	27
-47	62	27
-45	61	27
-43	61	27
-40	61	27
-38	61	27
-36	61	27
-34	60	27
-32	60	27
-30	60	27
-29	60	27
-27	60	27
-25	60	27
-23	60	27
-22	60	27
-20	60	27
-19	59	26
-17	59	26
-15	59	26
-14	59	26
-12	59	26
-11	59	26
-9	59	26
-8	59	26
-7	58	26
-5	58	26
-4	58	26
-2	58	26
-1	58	26
1	58	26
2	58	26
3	58	26
5	58	26
6	58	26
7	58	26
9	57	26
10	57	26
11	57	26
13	57	26
14	57	25
16	57	25
17	57	25
19	57	25
20	57	25
22	57	25
23	57	25
25	57	25
26	57	25
28	57	25
29	57	25
31	56	25
33	57	25
34	56	25
36	56	25
38	56	25
40	56	25
41	56	25
43	56	25
45	56	25
47	56	25
49	56	25
51	56	25
53	56	25
55	55	25
58	56	25
60	56	25
63	55	25
66	55	25
68	55	25
72	55	25
75	55	25
78	55	24
81	55	24
84	55	24
93	55	24
94	53	24
93	48	21
-70	19	7
-144	67	26
-117	65	25
-99	63	24
-85	63	24
-80	62	24
-76	62	24
-73	62	24
-71	63	24
-68	63	24
-64	63	24
-61	62	24
-58	62	24
-55	62	24
-53	62	24
-50	61	24
-48	61	23
-45	61	23
-43	61	23
-41	61	23
-39	61	23
-37	60	23
-35	60	23
-33	60	23
-31	60	23
-29	60	23
-27	60	23
-26	60	23
-24	60	23
-22	59	23
-21	59	23
-19	59	23
-18	59	23
-16	59	23
-15	59	23
-13	59	22
-12	58	22
-10	58	22
-9	58	22
-7	58	22
-6	58	22
-5	58	22
-3	58	22
-2	58	22
0	58	22
1	58	22
2	58	22
4	57	22
5	57	22
6	57	22
8	57	22
9	57	22
10	57	22
12	57	22
13	57	22
14	57	22
16	57	22
17	57	22
19	57	22
20	56	22
22	57	22
23	56	22
24	56	22
26	56	22
27	56	21
29	56	21
31	56	21
32	56	21
34	56	22
36	56	21
37	56	22
39	56	21
41	56	21
43	55	21
45	56	21
47	56	21
49	55	21
50	55	21
53	55	21
55	55	21
57	55	21
60	55	21
63	55	21
65	55	21
68	55	21
71	55	21
74	55	21
77	55	21
80	55	21
84	54	21
84	52	20
94	53	20
94	48	18
94	46	17
-71	19	7
-137	67	26
-113	65	25
-82	63	24
-78	62	24
-74	62	24
-70	62	24
-69	63	24
-65	63	24
-62	62	24
-59	62	24
-56	62	24
-53	62	24
-51	61	24
-48	61	23
-46	61	23
-44	61	23
-42	61	23
-39	61	23
-38	60	23
-35	60	23
-33	60	23
-32	60	23
-30	60	23
-28	60	23
-26	60	23
-25	59	23
-23	59	23
-21	59	23
-19	59	23
-18	59	23
-16	59	23
-15	59	23
-13	59	22
-12	58	22
-11	58	22
-9	58	22
-8	58	22
-6	58	22
-5	58	22
-4	58	22
-2	58	22
-1	58	22
1	58	22
2	58	22
3	57	22
5	58	22
6	57	22
7	57	22
9	57	22
10	57	22
11	57	22
13	57	22
14	57	22
15	57	22
17	57	22
18	57	22
20	57	22
21	56	22
22	56	22
24	56	22
25	56	22
27	56	22
28	56	21
30	56	22
32	56	21
33	56	22
35	56	21
37	56	21
38	56	21
40	56	21
42	56	21
44	55	21
46	56	21
48	55	21
50	55	21
52	55	21
54	55	21
56	55	21
59	55	21
61	55	21
64	55	21
67	55	21
70	55	21
73	55	21
76	55	21
79	55	21
82	54	21
93	54	21
94	49	19
94	46	18
-72	19	6
-71	24	8
-70	25	8
-145	66	22
-117	63	21
-98	62	20
-84	62	20
-80	61	20
-76	61	20
-72	61	20
-70	61	20
-67	61	20
-64	61	20
-60	61	20
-57	61	20
-55	60	20
-52	60	20
-48	58	19
-45	58	19
-43	58	19
-41	57	19
-39	58	19
-37	57	19
-37	60	19
-35	59	19
-33	59	19
-31	59	19
-29	59	19
-27	58	19
-25	58	19
-24	58	19
-22	58	19
-21	58	19
-19	58	19
-18	58	19
-16	57	19
-15	57	19
-13	58	19
-12	57	19
-10	57	19
-9	57	19
-8	57	18
-6	57	18
-5	57	18
-4	56	18
-2	56	18
-1	56	18
0	56	18
2	56	18
3	56	18
4	56	18
5	56	18
7	56	18
8	56	18
9	56	18
11	56	18
12	56	18
13	56	18
15	56	18
16	56	18
17	55	18
19	56	18
20	56	18
21	55	18
23	55	18
24	55	18
26	55	18
27	55	18
28	55	18
30	55	18
32	55	18
33	55	18
35	55	18
37	54	18
38	55	18
40	55	18
42	54	18
44	54	18
46	54	18
47	54	18
50	54	18
52	54	18
54	54	17
56	54	17
58	54	18
61	54	18
64	54	17
66	54	17
69	54	17
72	53	17
75	53	17
79	53	17
82	53	17
93	53	17
94	48	16
93	45	15
-72	19	6
-71	24	8
-70	25	8
-145	66	22
-117	63	21
-98	62	20
-84	62	20
-80	61	20
-76	61	20
-72	61	20
-70	61	20
-67	62	20
-63	61	20
-60	61	20
-57	61	20
-55	61	20
-52	60	20
-48	58	19
-45	58	19
-43	58	19
-41	57	19
-39	58	19
-37	57	18
-37	60	20
-34	59	19
-33	59	19
-31	59	19
-29	59	19
-27	58	19
-25	58	19
-24	58	19
-22	58	19
-21	58	19
-19	58	19
-18	58	19
-16	57	19
-15	57	19
-13	57	19
-12	57	19
-10	57	19
-9	57	19
-8	57	19
-6	57	18
-5	57	18
-4	56	18
-2	56	18
-1	56	18
0	56	18
2	56	18
3	56	18
4	56	18
5	56	18
7	56	18
8	56	18
9	56	18
11	56	18
12	56	18
13	56	18
15	56	18
16	56	18
17	55	18
19	55	18
20	55	18
22	55	18
23	55	18
24	55	18
26	55	18
27	55	18
29	55	18
30	55	18
32	55	18
34	55	18
35	55	18
37	54	18
39	55	18
40	55	18
42	55	18
44	54	18
46	54	18
48	54	18
50	54	18
52	54	18
54	54	18
57	54	17
59	54	17
61	54	17
64	54	17
67	54	17
70	54	17
73	53	17
76	53	17
79	53	17
83	53	17
94	52	17
94	47	15
94	44	14
-330	69	19
-71	24	6
-69	25	7
-140	64	17
-116	63	17
-98	62	17
-83	61	16
-79	61	16
-75	60	16
-71	60	16
-70	61	16
-66	61	16
-63	61	16
-60	60	16
-57	60	16
-54	60	16
-51	60	16
-38	59	16
-36	59	16
-34	58	16
-32	58	16
-30	58	16
-29	58	15
-27	58	15
-25	57	15
-24	57	15
-22	57	15
-21	57	15
-19	57	15
-18	57	15
-16	57	15
-15	57	15
-13	57	15
-12	57	15
-11	57	15
-9	56	15
-8	56	15
-7	56	15
-5	56	15
-4	56	15
-3	56	15
-1	56	15
0	56	15
1	56	15
2	56	15
4	56	15
5	56	15
6	55	15
7	55	15
9	55	15
10	55	15
11	55	15
12	55	15
14	55	15
15	55	15
16	55	15
18	55	15
19	55	15
21	55	15
22	55	15
23	55	15
25	55	15
26	55	15
27	54	15
29	54	15
30	54	15
32	54	15
34	54	15
35	54	14
37	54	14
39	54	14
40	54	14
42	54	14
44	54	14
46	54	14
48	53	14
50	54	14
52	54	14
54	53	14
56	53	14
59	53	14
61	53	14
64	53	14
67	53	14
69	53	14
73	53	14
76	53	14
79	53	14
83	53	14
93	52	14
94	47	13
94	44	12
-70	18	5
-70	23	6
-70	25	7
-139	64	17
-115	63	17
-97	62	17
-82	61	16
-78	60	16
-74	60	16
-71	60	16
-65	61	16
-62	60	16
-59	60	16
-56	60	16
-54	60	16
-51	59	16
-38	59	16
-36	59	16
-34	58	16
-32	58	16
-30	58	16
-28	58	15
-27	58	15
-25	58	15
-24	57	15
-22	57	15
-20	57	15
-19	57	15
-17	57	15
-16	57	15
-14	57	15
-13	57	15
-12	57	15
-10	57	15
-9	56	15
-7	56	15
-6	56	15
-5	56	15
-4	56	15
-2	56	15
-1	56	15
0	56	15
2	56	15
3	56	15
4	56	15
5	56	15
7	55	15
8	55	15
9	55	15
10	55	15
12	55	15
13	55	15
14	55	15
15	55	15
17	55	15
18	55	15
19	55	15
21	55	15
22	55	15
24	55	15
25	55	15
26	55	15
28	54	15
29	54	15
31	54	15
32	54	15
34	54	14
36	54	14
37	54	14
39	54	14
41	54	14
42	54	14
44	54	14
46	54	14
48	53	14
50	53	14
53	53	14
55	53	14
57	53	14
59	53	14
62	53	14
65	53	14
67	53	14
70	53	14
73	53	14
77	53	14
80	53	14
84	53	14
92	53	14
94	51	14
93	46	12
91	11	2
91	9	2
91	7	2
90	6	1
90	4	1
91	2	0
-319	-43	-9
-313	-35	-7
-310	-28	-6
-313	-22	-5
-310	-15	-3
-311	-8	-2
-310	-1	0
-310	5	1
-103	8	2
-101	10	2
-100	12	2
-98	14	3
-97	16	3
-96	18	4
-55	19	4
-46	18	4
-43	18	4
-41	19	4
-38	18	4
-36	19	4
-34	18	4
-32	19	4
-30	18	4
-28	18	4
-26	18	4
-25	18	4
-24	18	4
-23	18	4
-21	18	4
-21	18	4
-19	18	4
-18	18	4
-17	18	4
-16	18	4
-16	18	4
-13	18	4
-12	18	4
-11	18	4
-11	18	4
-10	18	4
-10	18	4
-9	18	4
-9	18	4
-8	18	4
-8	18	4
-7	18	4
-7	18	4
-6	18	4
-6	18	4
-5	18	4
-5	18	4
-5	18	4
-4	18	4
-4	18	4
-3	18	4
-3	18	4
-3	18	4
-2	18	4
-2	18	4
-1	17	4
-1	17	4
-1	18	4
0	18	4
0	18	4
1	17	4
2	18	4
2	18	4
3	17	4
3	17	4
3	17	4
4	17	4
4	18	4
5	18	4
5	18	4
5	17	4
6	18	4
6	17	4
7	17	4
7	18	4
8	18	4
8	17	4
8	17	4
9	17	4
9	17	4
10	17	4
10	17	4
11	17	4
11	17	4
12	17	4
12	18	4
13	17	4
13	18	4
14	17	4
15	18	4
16	17	4
16	18	4
17	17	4
18	17	4
18	18	4
19	18	4
20	18	4
20	18	4
21	18	4
22	18	4
23	18	4
24	18	4
25	18	4
26	18	4
27	18	4
29	18	4
30	18	4
31	18	4
33	19	4
34	19	4
36	19	4
42	19	4
54	19	4
57	19	4
66	19	4
72	20	4
76	19	4
92	17	4
91	15	3
91	13	3
-325	-47	-10
-313	-38	-8
-311	-31	-7
-310	-24	-5
-310	-17	-4
-311	-11	-2
-310	-4	-1
-312	2	0
-311	9	2
-102	9	2
-100	11	2
-98	13	3
-97	15	3
-97	17	4
-97	19	4
-98	24	5
-57	19	4
-51	18	4
-45	19	4
-42	18	4
-38	18	4
-36	19	4
-34	18	4
-32	18	4
-31	18	4
-29	18	4
-27	18	4
-26	18	4
-24	18	4
-23	18	4
-22	18	4
-21	18	4
-20	18	4
-19	18	4
-18	18	4
-17	18	4
-16	18	4
-15	18	4
-13	16	3
-13	18	4
-12	18	4
-11	18	4
-11	18	4
-10	18	4
-10	18	4
-9	18	4
-9	18	4
-8	18	4
-8	18	4
-7	18	4
-7	18	4
-6	18	4
-6	18	4
-6	18	4
-5	18	4
-5	18	4
-4	18	4
-4	18	4
-4	18	4
-3	18	4
-3	18	4
-2	18	4
-2	18	4
-1	18	4
-1	18	4
-1	18	4
0	17	4
0	18	4
0	18	4
1	17	4
2	18	4
2	18	4
2	17	4
3	17	4
3	17	4
4	17	4
4	18	4
4	18	4
5	18	4
5	17	4
6	17	4
6	18	4
7	18	4
7	17	4
7	17	4
8	17	4
8	17	4
9	17	4
9	17	4
10	17	4
10	17	4
11	18	4
11	17	4
12	17	4
13	17	4
13	17	4
14	17	4
14	18	4
15	17	4
15	18	4
16	18	4
17	17	4
17	18	4
19	18	4
19	18	4
20	18	4
21	18	4
22	18	4
23	18	4
24	18	4
25	18	4
26	18	4
27	18	4
28	18	4
30	18	4
31	18	4
33	18	4
35	18	4
36	19	4
42	19	4
45	19	4
50	19	4
57	19	4
71	19	4
76	19	4
92	18	4
91	15	3
91	13	3
-101	21	3
-69	17	3
-71	22	4
-69	24	4
-48	28	5
-46	29	5
-46	30	5
-46	32	5
-76	60	9
-72	60	9
-69	59	9
-65	59	9
-62	58	9
-59	58	9
-56	58	9
-53	58	9
-51	58	9
-38	57	9
-36	56	9
-34	56	9
-32	56	9
-31	56	9
-29	56	9
-27	56	9
-26	56	9
-24	56	9
-23	55	9
-21	55	9
-20	55	9
-18	55	9
-17	55	9
-16	55	9
-14	55	9
-13	55	9
-12	55	9
-10	54	9
-9	54	9
-8	54	9
-7	54	9
-5	54	9
-4	54	9
-3	54	9
-2	54	9
-1	54	9
1	54	9
2	54	9
3	54	8
4	54	8
5	53	8
6	53	8
8	53	8
9	53	8
10	53	8
11	53	8
12	53	8
14	53	8
15	53	8
16	53	8
17	53	8
19	53	8
20	53	8
21	53	8
22	53	8
24	53	8
25	52	8
26	53	8
28	53	8
29	52	8
31	52	8
32	52	8
34	52	8
35	52	8
37	52	8
39	52	8
40	52	8
42	52	8
44	52	8
46	52	8
41	44	7
41	42	7
41	40	6
40	37	6
44	36	6
44	35	5
67	52	8
69	51	8
72	51	8
75	51	8
78	51	8
82	51	8
81	45	7
93	50	8
94	45	7
93	43	7
93	38	6
96	36	6
-101	21	3
-69	17	3
-72	23	4
-69	29	5
-48	28	4
-46	29	5
-46	30	5
-47	32	5
-76	60	9
-72	59	9
-69	59	9
-65	59	9
-62	58	9
-59	58	9
-56	58	9
-53	58	9
-51	58	9
-38	57	9
-36	56	9
-34	56	9
-32	56	9
-30	56	9
-29	56	9
-27	56	9
-26	56	9
-24	56	9
-23	55	9
-21	55	9
-20	55	9
-18	55	9
-17	55	9
-15	55	9
-14	55	9
-13	54	9
-11	55	9
-10	54	9
-9	54	9
-8	54	9
-6	54	9
-5	54	9
-4	54	9
-3	54	9
-1	54	9
0	54	9
1	54	9
2	54	9
3	54	9
4	54	8
6	53	8
7	53	8
8	53	8
9	53	8
10	53	8
11	53	8
13	53	8
14	53	8
15	53	8
16	53	8
17	53	8
19	53	8
20	53	8
21	53	8
23	53	8
24	52	8
25	52	8
27	52	8
28	52	8
30	52	8
31	52	8
33	52	8
34	52	8
36	52	8
37	52	8
39	52	8
41	52	8
42	52	8
44	52	8
44	49	8
41	43	7
41	42	7
40	39	6
39	36	6
44	36	6
70	51	8
73	51	8
76	51	8
79	51	8
83	51	8
85	49	8
94	50	8
94	45	7
93	37	6
-110	17	2
-101	21	2
-70	18	2
-71	23	2
-128	66	7
-50	29	3
-47	29	3
-46	29	3
-46	31	3
-82	60	6
-78	60	6
-74	60	6
-70	59	6
-67	59	6
-63	59	6
-60	59	6
-57	58	6
-55	58	6
-52	58	6
-50	58	6
-47	58	6
-39	57	6
-37	56	6
-35	56	6
-33	56	6
-31	56	6
-30	56	6
-28	56	6
-26	56	6
-25	56	6
-23	56	6
-22	55	6
-20	55	6
-19	55	6
-17	55	6
-16	55	6
-15	55	6
-14	55	6
-12	55	6
-11	55	6
-10	55	6
-8	55	6
-7	55	6
-6	54	6
-5	54	6
-3	54	6
-2	54	6
-1	54	6
0	54	6
1	54	6
3	54	6
4	54	6
5	54	6
6	54	6
7	54	6
8	54	6
10	53	6
11	53	6
12	54	6
13	53	6
14	53	6
16	53	6
17	53	6
18	53	6
19	53	6
20	53	6
22	53	6
23	53	6
24	53	6
26	53	6
27	53	6
29	52	6
30	52	6
31	52	6
33	52	5
35	52	5
36	52	5
38	52	5
39	52	5
41	52	5
43	52	5
45	52	5
40	44	5
40	42	4
40	40	4
39	38	4
40	36	4
44	37	4
44	36	4
70	51	5
73	51	5
76	51	5
80	51	5
84	51	5
92	51	5
94	49	5
93	44	5
94	39	4
93	37	4
-108	18	2
-101	21	2
-68	17	2
-70	22	2
-69	24	2
-118	62	7
-48	29	3
-46	29	3
-46	30	3
-47	32	3
-80	60	6
-76	60	6
-72	60	6
-68	59	6
-65	59	6
-62	59	6
-59	59	6
-56	58	6
-53	58	6
-51	58	6
-49	58	6
-38	57	6
-36	57	6
-34	56	6
-32	56	6
-30	56	6
-29	56	6
-27	56	6
-26	56	6
-24	56	6
-22	56	6
-21	56	6
-20	55	6
-18	55	6
-17	55	6
-16	55	6
-14	55	6
-13	55	6
-12	55	6
-10	55	6
-9	55	6
-8	55	6
-6	54	6
-5	54	6
-4	54	6
-3	54	6
-1	54	6
0	54	6
1	54	6
2	54	6
3	54	6
4	54	6
6	54	6
7	54	6
8	54	6
9	54	6
10	53	6
11	53	6
13	53	6
14	53	6
15	53	6
16	53	6
18	53	6
19	53	6
20	53	6
21	53	6
23	53	6
24	53	6
25	53	6
27	53	6
28	52	6
30	53	6
31	53	6
32	52	5
34	53	6
36	52	5
37	52	5
39	52	5
41	52	5
42	52	5
44	52	5
40	45	5
40	42	4
40	41	4
39	38	4
40	37	4
44	36	4
45	35	4
68	53	6
70	51	5
73	51	5
76	51	5
79	51	5
83	51	5
80	47	5
94	50	5
94	45	5
93	37	4
-106	16	1
-102	18	1
-102	21	1
-69	16	1
-70	23	1
-69	28	1
-120	62	3
-85	60	3
-81	59	3
-76	59	3
-73	59	3
-69	59	3
-65	58	3
-62	58	3
-60	58	3
-56	58	3
-54	57	3
-51	57	3
-37	57	3
-34	56	3
-32	56	3
-31	56	3
-29	56	3
-28	56	3
-26	55	3
-24	55	3
-23	55	3
-21	55	3
-20	55	3
-19	55	3
-17	55	3
-16	54	3
-14	54	3
-13	54	3
-12	54	3
-11	54	3
-9	54	3
-8	54	3
-7	54	3
-6	54	3
-4	54	3
-3	54	3
-2	53	3
-1	53	3
0	53	3
1	53	3
3	53	3
4	53	3
5	53	3
6	53	3
7	53	3
8	53	3
9	53	3
11	53	3
12	53	3
13	53	3
14	53	3
15	52	3
17	53	3
18	52	3
19	52	3
20	52	3
22	52	3
23	52	3
24	52	3
26	52	3
27	52	3
28	52	3
30	52	3
31	52	3
33	52	3
34	52	3
36	52	3
38	52	3
39	51	3
41	51	3
42	51	3
39	45	2
39	43	2
39	40	2
39	39	2
38	36	2
38	35	2
39	34	2
41	35	2
44	35	2
45	35	2
73	51	3
76	50	3
80	50	3
84	50	3
84	48	3
93	51	3
94	49	3
93	43	2
95	39	2
93	36	2
-105	15	1
-105	17	1
-102	19	1
-102	21	1
-69	17	1
-72	23	1
-69	23	1
-84	60	3
-79	59	3
-75	59	3
-71	59	3
-67	58	3
-64	58	3
-61	58	3
-58	58	3
-55	58	3
-53	57	3
-50	58	3
-39	58	3
-35	56	3
-33	56	3
-31	56	3
-30	56	3
-29	56	3
-27	56	3
-25	55	3
-24	55	3
-22	55	3
-20	55	3
-19	55	3
-18	55	3
-16	55	3
-15	54	3
-14	54	3
-12	54	3
-11	54	3
-10	54	3
-9	54	3
-7	54	3
-6	54	3
-5	54	3
-4	54	3
-2	54	3
-1	53	3
0	53	3
1	53	3
2	53	3
3	53	3
5	53	3
6	53	3
7	53	3
8	53	3
9	53	3
10	53	3
11	53	3
13	53	3
14	53	3
15	53	3
16	53	3
18	53	3
19	52	3
20	52	3
21	52	3
23	52	3
24	52	3
25	52	3
27	52	3
28	52	3
30	52	3
31	52	3
32	52	3
34	52	3
36	52	3
37	52	3
39	52	3
41	51	3
42	51	3
40	46	2
40	44	2
39	41	2
38	38	2
38	36	2
38	35	2
39	34	2
41	35	2
43	35	2
45	35	2
73	50	3
76	50	3
79	50	3
83	50	3
90	49	3
94	49	3
93	43	2
93	36	2
-104	14	0
-104	16	0
-102	19	0
-101	21	0
-70	17	0
-71	22	0
-70	23	0
-69	28	0
-84	60	0
-79	59	0
-75	59	0
-71	59	0
-68	58	0
-65	58	0
-61	58	0
-30	32	0
-28	32	0
-27	33	0
-27	33	0
-26	33	0
-25	34	0
-24	34	0
-23	34	0
-22	34	0
-21	35	0
-20	35	0
-19	36	0
-27	55	0
-25	55	0
-24	55	0
-22	55	0
-21	55	0
-19	54	0
-18	55	0
-17	54	0
-15	54	0
-14	54	0
-13	54	0
-11	54	0
-10	54	0
-9	54	0
-8	54	0
-7	54	0
-5	54	0
-4	53	0
-3	53	0
-2	53	0
0	53	0
1	53	0
2	53	0
3	53	0
4	53	0
5	53	0
6	53	0
8	53	0
9	53	0
10	53	0
11	52	0
12	52	0
13	53	0
15	52	0
16	52	0
17	52	0
18	52	0
19	52	0
21	52	0
22	52	0
23	52	0
25	52	0
26	52	0
28	52	0
29	52	0
30	52	0
32	52	0
33	52	0
35	52	0
36	51	0
38	51	0
40	51	0
41	51	0
43	51	0
40	45	0
39	42	0
38	39	0
38	37	0
38	36	0
38	34	0
41	35	0
42	34	0
43	34	0
45	34	0
47	34	0
73	52	0
74	50	0
77	50	0
81	50	0
84	50	0
94	50	0
94	43	0
94	38	0
93	35	0
-105	15	0
-102	17	0
-102	20	0
-100	21	0
-71	18	0
-71	23	0
-70	27	0
-68	28	0
-82	59	0
-78	59	0
-74	59	0
-70	58	0
-66	58	0
-63	58	0
-60	58	0
-30	32	0
-29	32	0
-28	32	0
-27	33	0
-26	33	0
-25	34	0
-24	34	0
-23	34	0
-22	34	0
-21	35	0
-20	35	0
-20	35	0
-26	55	0
-25	55	0
-23	55	0
-22	55	0
-20	55	0
-19	55	0
-18	54	0
-16	54	0
-15	54	0
-13	54	0
-12	54	0
-11	54	0
-10	54	0
-8	54	0
-7	54	0
-6	54	0
-5	54	0
-4	54	0
-2	53	0
-1	53	0
0	53	0
1	53	0
2	53	0
4	53	0
5	53	0
6	53	0
7	53	0
8	53	0
9	53	0
10	53	0
11	52	0
13	53	0
14	52	0
15	52	0
16	52	0
17	52	0
19	52	0
20	52	0
21	52	0
23	52	0
24	52	0
25	52	0
27	52	0
28	52	0
29	52	0
31	51	0
32	52	0
34	52	0
35	52	0
37	51	0
39	51	0
40	51	0
42	51	0
41	48	0
40	44	0
38	40	0
38	38	0
38	37	0
38	34	0
38	33	0
41	35	0
42	34	0
44	34	0
46	34	0
75	50	0
79	50	0
82	50	0
94	49	0
95	44	0
93	36	0
-108	13	-1
-103	15	-1
-101	17	-1
-102	19	-1
-72	18	-1
-70	22	-1
-46	29	-2
-77	59	-3
-73	58	-3
-70	58	-3
-66	58	-3
-63	58	-3
-60	57	-3
-30	32	-2
-29	32	-2
-28	32	-2
-27	33	-2
-26	33	-2
-25	33	-2
-24	34	-2
-23	34	-2
-22	34	-2
-21	34	-2
-20	35	-2
-19	35	-2
-26	55	-3
-24	54	-3
-23	54	-3
-22	54	-3
-20	54	-3
-19	54	-3
-17	54	-3
-16	54	-3
-15	54	-3
-13	54	-3
-12	54	-3
-11	53	-3
-9	54	-3
-8	53	-3
-7	53	-3
-6	53	-3
-5	53	-3
-3	53	-3
-2	53	-3
-1	53	-3
0	53	-3
1	53	-3
2	53	-3
3	52	-3
5	52	-3
6	52	-3
7	52	-3
8	52	-3
9	52	-3
10	52	-3
11	52	-3
13	52	-3
14	52	-3
15	52	-3
16	52	-3
18	52	-3
19	52	-3
20	52	-3
21	52	-3
23	52	-3
24	52	-3
25	52	-3
26	51	-3
28	51	-3
29	51	-3
31	51	-3
32	51	-3
34	51	-3
35	51	-3
37	51	-3
38	51	-3
40	51	-3
42	51	-3
41	47	-2
39	43	-2
37	39	-2
37	37	-2
38	36	-2
38	35	-2
39	34	-2
39	33	-2
41	33	-2
43	33	-2
45	33	-2
75	50	-3
78	50	-3
82	50	-3
93	49	-3
94	44	-2
93	41	-2
93	36	-2
80	27	-1
-106	14	-1
-102	16	-1
-101	18	-1
-101	20	-1
-71	16	-1
-99	29	-2
-70	23	-1
-70	28	-1
-80	59	-3
-76	59	-3
-72	59	-3
-68	58	-3
-65	58	-3
-62	57	-3
-29	32	-2
-29	32	-2
-27	32	-2
-27	33	-2
-26	33	-2
-25	33	-2
-24	34	-2
-23	34	-2
-22	34	-2
-21	34	-2
-20	35	-2
-19	35	-2
-27	55	-3
-25	55	-3
-24	55	-3
-22	54	-3
-21	54	-3
-19	54	-3
-18	54	-3
-17	54	-3
-15	54	-3
-14	54	-3
-13	54	-3
-11	54	-3
-10	53	-3
-9	53	-3
-8	53	-3
-6	53	-3
-5	53	-3
-4	53	-3
-3	53	-3
-2	53	-3
0	53	-3
1	53	-3
2	52	-3
3	52	-3
4	52	-3
5	52	-3
6	52	-3
7	52	-3
9	52	-3
10	52	-3
11	52	-3
12	52	-3
13	52	-3
14	52	-3
16	52	-3
17	52	-3
18	52	-3
20	52	-3
21	52	-3
22	52	-3
23	51	-3
25	51	-3
26	51	-3
27	51	-3
29	51	-3
30	51	-3
32	51	-3
33	51	-3
35	51	-3
36	51	-3
38	51	-3
40	51	-3
41	51	-3
43	51	-3
39	44	-2
38	40	-2
37	38	-2
38	36	-2
38	35	-2
39	34	-2
39	33	-2
40	33	-2
42	33	-2
45	34	-2
46	33	-2
72	51	-3
74	50	-3
77	50	-3
81	50	-3
80	46	-2
93	49	-3
95	45	-2
93	42	-2
94	37	-2
93	34	-2
81	28	-1
93	30	-2
-105	12	-1
-101	14	-2
-101	16	-2
-101	19	-2
-101	21	-2
-70	17	-2
-70	22	-2
-69	27	-3
-48	29	-3
-78	58	-6
-74	58	-6
-70	57	-6
-67	57	-6
-63	57	-6
-60	57	-6
-30	31	-3
-29	32	-3
-28	32	-3
-27	32	-3
-26	33	-3
-25	33	-3
-24	33	-3
-24	34	-4
-23	34	-4
-21	34	-4
-21	34	-4
-20	34	-4
-6	15	-2
-29	56	-6
-26	54	-6
-25	54	-6
-23	54	-6
-22	54	-6
-20	54	-6
-19	54	-6
-18	54	-6
-16	53	-6
-15	53	-6
-14	53	-6
-12	53	-6
-11	53	-6
-10	53	-6
-9	53	-6
-8	53	-6
-6	53	-6
-5	53	-6
-4	53	-6
-3	53	-6
-1	52	-5
0	52	-5
1	52	-5
2	52	-5
3	52	-5
4	52	-5
5	52	-5
6	52	-5
8	52	-5
9	52	-5
10	52	-5
9	38	-4
9	34	-4
10	34	-4
11	34	-4
11	34	-4
12	34	-4
13	34	-4
14	34	-4
15	34	-4
16	34	-4
16	34	-4
17	34	-4
18	34	-4
30	51	-5
32	51	-5
33	51	-5
35	51	-5
36	51	-5
38	51	-5
39	50	-5
41	50	-5
43	50	-5
38	42	-4
37	39	-4
37	37	-4
38	36	-4
38	35	-4
39	34	-4
39	33	-3
40	32	-3
41	32	-3
43	32	-3
45	32	-3
77	49	-5
80	49	-5
83	48	-5
93	49	-5
95	47	-5
93	42	-4
94	37	-4
93	34	-4
93	30	-3
94	28	-3
-106	12	-1
-101	14	-1
-101	16	-2
-101	18	-2
-101	21	-2
-72	17	-2
-70	22	-2
-71	27	-3
-68	31	-3
-46	28	-3
-78	58	-6
-74	58	-6
-70	58	-6
-67	57	-6
-64	57	-6
-61	57	-6
-30	31	-3
-29	31	-3
-28	32	-3
-27	32	-3
-26	33	-3
-25	33	-3
-24	33	-4
-23	34	-4
-22	34	-4
-21	34	-4
-20	34	-4
-19	34	-4
-6	15	-2
-28	55	-6
-26	54	-6
-25	54	-6
-23	54	-6
-22	54	-6
-20	54	-6
-19	54	-6
-17	54	-6
-16	54	-6
-15	53	-6
-13	53	-6
-12	53	-6
-11	53	-6
-10	53	-6
-8	53	-6
-7	53	-6
-6	53	-6
-5	53	-6
-4	53	-6
-3	52	-6
-1	52	-6
0	52	-5
1	52	-5
2	52	-5
3	52	-5
5	52	-5
5	52	-5
7	52	-5
8	52	-5
9	52	-5
10	52	-5
9	37	-4
9	34	-4
10	34	-4
11	34	-4
11	34	-4
12	34	-4
13	34	-4
14	34	-4
15	34	-4
15	34	-4
17	34	-4
17	34	-4
18	34	-4
30	51	-5
32	51	-5
33	51	-5
35	51	-5
36	50	-5
38	50	-5
40	50	-5
41	50	-5
42	48	-5
37	41	-4
37	38	-4
37	37	-4
38	36	-4
38	35	-4
39	34	-4
39	33	-3
40	32	-3
41	31	-3
44	32	-3
74	49	-5
78	49	-5
81	49	-5
93	48	-5
94	44	-5
94	41	-4
94	36	-4
82	27	-3
92	29	-3
-99	11	-2
-101	13	-2
-100	15	-2
-100	17	-3
-100	20	-3
-72	16	-3
-71	21	-3
-69	22	-4
-69	27	-4
-45	28	-4
-79	58	-9
-76	58	-9
-72	57	-9
-68	57	-9
-65	57	-9
-62	57	-9
-29	31	-5
-28	31	-5
-27	32	-5
-26	32	-5
-25	33	-5
-24	33	-5
-24	33	-5
-22	33	-5
-22	33	-5
-21	34	-5
-20	34	-5
-19	35	-5
-27	54	-9
-25	54	-9
-24	54	-9
-22	54	-8
-21	53	-8
-20	53	-8
-18	53	-8
-17	53	-8
-15	53	-8
-14	53	-8
-13	53	-8
-11	53	-8
-10	53	-8
-9	53	-8
-8	52	-8
-7	52	-8
-5	52	-8
-4	52	-8
-3	52	-8
-2	52	-8
-1	52	-8
0	52	-8
2	51	-8
3	51	-8
4	51	-8
5	51	-8
6	51	-8
7	51	-8
8	51	-8
10	51	-8
9	40	-6
9	35	-6
9	34	-5
10	34	-5
11	34	-5
12	34	-5
13	33	-5
14	33	-5
14	33	-5
15	33	-5
16	34	-5
17	34	-5
18	34	-5
30	50	-8
31	50	-8
33	50	-8
34	50	-8
36	50	-8
37	50	-8
39	50	-8
41	50	-8
42	50	-8
38	42	-7
37	39	-6
36	37	-6
37	36	-6
37	35	-5
38	34	-5
39	33	-5
39	32	-5
40	31	-5
42	31	-5
44	31	-5
76	49	-8
79	49	-8
83	49	-8
81	45	-7
94	47	-8
95	43	-7
93	35	-6
94	31	-5
92	28	-4
-102	12	-2
-100	15	-2
-100	17	-3
-100	19	-3
-95	27	-4
-71	22	-4
-69	27	-4
-45	28	-4
-81	58	-9
-77	58	-9
-73	57	-9
-69	57	-9
-66	57	-9
-62	57	-9
-59	56	-9
-30	31	-5
-28	31	-5
-27	32	-5
-27	32	-5
-26	33	-5
-25	33	-5
-24	33	-5
-23	33	-5
-22	34	-5
-21	34	-5
-20	34	-5
-19	34	-5
-26	54	-9
-24	54	-9
-23	54	-9
-21	54	-8
-20	54	-8
-18	53	-8
-17	53	-8
-16	53	-8
-15	53	-8
-13	53	-8
-12	53	-8
-11	53	-8
-10	53	-8
-8	53	-8
-7	52	-8
-6	52	-8
-4	52	-8
-3	52	-8
-2	52	-8
-1	52	-8
0	52	-8
1	52	-8
2	52	-8
3	51	-8
5	51	-8
6	51	-8
7	51	-8
8	51	-8
9	51	-8
9	41	-7
9	36	-6
10	34	-5
10	34	-5
11	34	-5
12	34	-5
12	33	-5
13	33	-5
14	33	-5
15	33	-5
16	34	-5
17	34	-5
18	34	-5
31	50	-8
32	50	-8
34	50	-8
35	50	-8
37	50	-8
38	50	-8
40	50	-8
42	50	-8
38	43	-7
37	40	-6
36	37	-6
37	36	-6
37	35	-6
38	34	-5
38	33	-5
39	32	-5
40	31	-5
41	31	-5
44	31	-5
75	49	-8
78	49	-8
82	49	-8
94	48	-8
95	43	-7
94	40	-6
93	35	-6
92	28	-4
-101	11	-2
-100	13	-3
-100	15	-3
-100	17	-4
-100	19	-4
-69	16	-3
-71	21	-4
-71	23	-5
-45	27	-6
-45	28	-6
-76	57	-12
-72	57	-12
-69	57	-12
-65	56	-12
-62	56	-12
-29	31	-7
-28	31	-7
-27	31	-7
-26	32	-7
-26	32	-7
-24	32	-7
-24	33	-7
-23	33	-7
-22	33	-7
-21	33	-7
-20	34	-7
-19	34	-7
-26	53	-11
-24	53	-11
-23	53	-11
-21	53	-11
-20	53	-11
-18	53	-11
-17	53	-11
-16	53	-11
-14	53	-11
-13	52	-11
-12	52	-11
-10	52	-11
-9	52	-11
-8	52	-11
-7	52	-11
-6	52	-11
-5	52	-11
-3	52	-11
-2	52	-11
-1	52	-11
0	51	-11
1	51	-11
2	51	-11
4	51	-11
5	51	-11
6	51	-11
7	51	-11
8	51	-11
9	51	-11
9	41	-9
9	35	-8
9	34	-7
10	33	-7
11	33	-7
12	33	-7
13	33	-7
13	33	-7
14	33	-7
15	33	-7
16	33	-7
17	33	-7
18	33	-7
19	34	-7
31	50	-11
32	50	-11
34	50	-11
35	50	-11
37	50	-11
38	49	-11
40	49	-11
42	49	-10
38	43	-9
37	39	-8
36	37	-8
37	35	-8
37	34	-7
38	33	-7
38	32	-7
39	32	-7
40	31	-7
41	31	-7
43	31	-7
75	48	-10
78	48	-10
81	48	-10
80	45	-10
93	47	-10
74	33	-7
73	31	-7
75	30	-6
74	28	-6
74	26	-5
79	22	-5
80	21	-4
-107	8	-2
-103	10	-2
-102	12	-3
-100	14	-3
-100	17	-4
-99	19	-4
-95	27	-6
-69	22	-5
-70	27	-6
-45	28	-6
-77	57	-12
-73	57	-12
-69	57	-12
-66	56	-12
-63	56	-12
-59	56	-12
-29	31	-7
-28	31	-7
-27	31	-7
-27	32	-7
-26	32	-7
-25	32	-7
-24	33	-7
-23	33	-7
-22	33	-7
-21	33	-7
-20	34	-7
-19	34	-7
-26	54	-11
-24	53	-11
-23	53	-11
-21	53	-11
-20	53	-11
-19	53	-11
-17	53	-11
-16	53	-11
-15	53	-11
-13	52	-11
-12	52	-11
-11	52	-11
-9	52	-11
-8	52	-11
-7	52	-11
-6	52	-11
-4	52	-11
-3	52	-11
-2	52	-11
-1	52	-11
0	51	-11
1	51	-11
2	51	-11
4	51	-11
5	51	-11
6	51	-11
7	51	-11
8	51	-11
9	51	-11
9	42	-9
9	36	-8
9	34	-7
10	33	-7
11	33	-7
12	33	-7
12	33	-7
13	33	-7
14	33	-7
15	33	-7
16	33	-7
17	33	-7
18	33	-7
19	33	-7
31	50	-11
32	50	-11
34	50	-11
35	50	-11
37	50	-11
38	49	-10
40	50	-11
42	49	-10
38	42	-9
36	39	-8
36	37	-8
37	36	-8
37	34	-7
38	33	-7
38	32	-7
39	32	-7
40	31	-7
41	31	-7
43	31	-7
75	49	-10
78	48	-10
81	48	-10
80	45	-10
93	48	-10
74	33	-7
73	31	-7
75	30	-6
74	27	-6
74	26	-5
80	22	-5
80	21	-4
-111	6	-2
-103	8	-2
-101	10	-3
-102	13	-3
-100	14	-4
-99	17	-4
-99	19	-5
-70	16	-4
-69	22	-6
-69	27	-7
-45	28	-7
-77	57	-15
-73	57	-15
-69	56	-15
-66	56	-15
-63	56	-15
-60	56	-15
-29	30	-8
-28	31	-8
-27	31	-8
-26	31	-8
-26	32	-9
-25	32	-9
-24	33	-9
-23	33	-9
-22	33	-9
-21	33	-9
-20	33	-9
-19	34	-9
-26	53	-14
-24	53	-14
-23	53	-14
-21	53	-14
-20	53	-14
-19	53	-14
-17	52	-14
-16	52	-14
-14	52	-14
-13	52	-14
-12	52	-14
-11	52	-14
-9	52	-14
-8	52	-14
-7	52	-14
-6	52	-14
-4	51	-14
-3	51	-14
-2	51	-14
-1	51	-14
0	51	-14
1	51	-14
3	51	-14
4	51	-14
5	51	-14
6	51	-14
7	51	-14
8	51	-14
10	51	-14
9	41	-11
9	35	-9
9	33	-9
10	33	-9
11	33	-9
12	33	-9
13	33	-9
13	33	-9
14	33	-9
15	33	-9
16	33	-9
17	33	-9
18	33	-9
31	49	-13
32	49	-13
34	49	-13
36	49	-13
37	49	-13
39	49	-13
41	49	-13
42	49	-13
37	40	-11
37	38	-10
36	36	-10
37	35	-9
37	34	-9
38	32	-9
38	32	-8
39	31	-8
40	30	-8
41	30	-8
44	31	-8
76	48	-13
79	48	-13
83	48	-13
81	45	-12
94	47	-12
72	33	-9
71	31	-8
72	29	-8
72	28	-7
75	27	-7
75	25	-7
93	27	-7
81	22	-6
93	21	-6
-107	7	-2
-101	9	-2
-100	14	-4
-99	16	-4
-99	18	-5
-99	20	-5
-71	16	-4
-70	21	-6
-71	26	-7
-46	28	-7
-78	57	-15
-75	57	-15
-71	56	-15
-67	56	-15
-64	56	-15
-61	56	-15
-30	31	-8
-29	31	-8
-28	31	-8
-27	31	-8
-26	32	-9
-25	32	-9
-24	32	-9
-23	33	-9
-22	33	-9
-21	33	-9
-21	34	-9
-19	33	-9
-26	53	-14
-25	53	-14
-23	53	-14
-22	53	-14
-20	53	-14
-19	53	-14
-17	52	-14
-16	52	-14
-15	52	-14
-14	52	-14
-12	52	-14
-11	52	-14
-10	52	-14
-8	52	-14
-7	52	-14
-6	52	-14
-5	51	-14
-4	51	-14
-2	51	-14
-1	51	-14
0	51	-14
1	51	-14
2	51	-14
3	51	-14
5	51	-14
6	51	-14
7	51	-14
8	51	-14
9	51	-14
9	41	-11
9	35	-9
9	33	-9
10	33	-9
11	33	-9
12	33	-9
12	33	-9
13	33	-9
14	33	-9
15	33	-9
16	33	-9
17	33	-9
18	33	-9
19	33	-9
31	50	-13
32	50	-13
34	50	-13
35	49	-13
37	49	-13
39	49	-13
40	49	-13
42	49	-13
37	41	-11
37	39	-10
36	36	-10
37	35	-9
37	34	-9
37	33	-9
38	32	-9
39	31	-8
40	31	-8
41	30	-8
44	31	-8
75	48	-13
79	48	-13
82	48	-13
94	47	-13
72	33	-9
71	31	-8
72	29	-8
72	28	-7
75	27	-7
75	25	-7
93	28	-7
85	23	-6
-109	6	-2
-101	10	-3
-101	12	-4
-100	14	-5
-99	16	-5
-99	18	-6
-95	24	-8
-95	26	-8
-69	21	-7
-100	41	-13
-53	32	-10
-78	56	-18
-74	56	-18
-70	56	-18
-66	56	-18
-64	56	-18
-61	56	-18
-30	30	-10
-29	30	-10
-28	31	-10
-27	31	-10
-26	31	-10
-25	32	-10
-24	32	-10
-23	32	-11
-22	32	-11
-21	33	-11
-20	33	-11
-19	33	-11
-26	53	-17
-25	53	-17
-23	52	-17
-22	52	-17
-20	52	-17
-19	52	-17
-17	52	-17
-16	52	-17
-15	52	-17
-13	52	-17
-12	52	-17
-11	52	-17
-9	51	-17
-8	51	-17
-7	51	-17
-6	51	-17
-4	51	-17
-3	51	-17
-2	51	-17
-1	51	-16
0	51	-16
2	51	-16
3	51	-16
4	50	-16
5	50	-16
6	50	-16
7	50	-16
8	50	-16
10	50	-16
9	39	-13
9	34	-11
9	33	-11
10	33	-11
11	33	-11
12	32	-11
13	32	-11
14	32	-11
14	32	-11
15	32	-10
16	32	-11
17	32	-11
18	33	-11
30	49	-16
31	49	-16
33	49	-16
34	49	-16
36	49	-16
37	49	-16
39	49	-16
41	48	-16
43	49	-16
37	39	-13
36	37	-12
36	35	-12
37	35	-11
37	33	-11
38	32	-10
38	31	-10
39	30	-10
40	30	-10
42	30	-10
73	48	-15
76	47	-15
80	47	-15
83	47	-15
92	47	-15
72	35	-11
72	32	-11
72	31	-10
72	29	-9
73	27	-9
75	27	-9
93	27	-9
92	20	-7
-104	8	-2
-101	9	-3
-100	14	-4
-99	16	-5
-99	18	-6
-95	26	-8
-70	21	-7
-99	40	-13
-52	31	-10
-78	57	-18
-74	56	-18
-71	56	-18
-67	56	-18
-64	56	-18
-61	55	-18
-30	30	-10
-29	30	-10
-28	31	-10
-27	31	-10
-26	31	-10
-25	31	-10
-24	32	-10
-23	32	-11
-22	33	-11
-21	33	-11
-20	33	-11
-19	33	-11
-26	53	-17
-25	52	-17
-23	52	-17
-22	52	-17
-20	52	-17
-19	52	-17
-17	52	-17
-16	52	-17
-15	52	-17
-14	52	-17
-12	52	-17
-11	52	-17
-10	52	-17
-8	51	-17
-7	51	-17
-6	51	-17
-5	51	-17
-3	51	-17
-2	51	-17
-1	51	-17
0	51	-16
1	51	-16
2	51	-16
4	50	-16
5	50	-16
6	50	-16
7	50	-16
8	50	-16
9	50	-16
9	40	-13
9	35	-11
9	33	-11
10	33	-11
11	33	-11
12	32	-11
13	32	-11
13	32	-11
14	32	-11
15	32	-11
16	32	-11
17	32	-11
18	33	-11
31	49	-16
33	49	-16
34	49	-16
36	49	-16
37	49	-16
39	49	-16
41	49	-16
42	49	-16
37	40	-13
36	37	-12
36	36	-12
37	34	-11
38	34	-11
38	33	-11
38	31	-10
39	31	-10
40	30	-10
42	30	-10
44	30	-10
75	47	-15
79	47	-15
83	47	-15
85	46	-15
72	35	-11
72	33	-11
72	31	-10
72	29	-9
73	28	-9
75	27	-9
75	25	-8
92	27	-9
80	21	-7
