0	0	0
-584	129	96
-522	146	108
-530	158	117
-516	164	122
-455	155	115
-541	195	144
-552	210	156
-376	152	113
-369	157	117
-365	164	122
-361	170	126
-357	177	131
-352	183	136
-348	189	140
-343	195	145
-339	202	150
-334	208	154
-310	202	150
-303	205	152
-209	149	110
-201	149	111
-191	148	110
-189	152	113
-190	160	119
-187	164	122
-171	162	121
-177	175	130
-190	196	145
-145	179	133
-143	183	136
-157	210	156
-141	198	147
-135	198	147
-129	199	148
-122	198	147
-116	198	147
-109	197	146
-104	197	146
-98	197	146
-93	199	147
-88	198	147
-82	198	147
-77	197	147
-55	154	114
-51	155	115
-47	153	114
-43	154	114
-42	163	121
-42	180	133
-43	204	151
-42	227	169
-37	228	169
-32	229	170
-26	228	169
-21	228	170
-15	229	170
-10	228	169
-4	230	171
1	229	170
7	228	170
12	228	169
18	229	170
23	228	169
28	228	169
33	227	169
39	228	169
44	224	166
37	165	123
39	157	117
43	157	117
47	157	117
51	158	117
55	158	117
59	157	117
64	159	118
68	159	118
69	151	112
73	149	111
76	148	110
80	148	110
85	148	110
91	152	113
100	160	118
104	157	116
117	161	120
121	160	118
127	160	118
130	157	116
139	161	119
146	162	120
150	160	119
157	160	118
165	161	120
167	156	116
181	163	121
189	164	121
198	164	122
206	164	122
214	164	122
171	125	93
177	124	92
214	144	107
216	139	103
213	132	98
213	126	93
214	121	90
218	118	87
218	113	84
225	111	82
222	104	77
-539	151	99
-515	155	101
-497	160	104
-478	164	107
-449	164	107
-509	196	128
-386	158	103
-369	159	104
-368	167	109
-363	174	114
-358	180	118
-354	187	122
-350	193	126
-345	200	131
-340	206	135
-336	213	139
-316	209	137
-301	208	136
-301	216	142
-204	154	101
-197	155	101
-190	156	102
-191	163	107
-192	171	112
-189	175	114
-173	168	110
-173	175	115
-191	201	131
-148	185	121
-144	188	123
-159	217	142
-143	204	134
-138	207	135
-131	205	134
-125	205	134
-118	205	134
-113	205	134
-107	205	134
-101	204	134
-96	206	134
-91	206	135
-85	206	135
-80	206	135
-57	160	105
-53	159	104
-49	160	104
-45	160	104
-42	161	105
-42	177	116
-42	199	130
-43	225	147
-40	236	154
-34	236	155
-29	236	154
-23	236	154
-18	237	155
-12	237	155
-7	236	155
-1	237	155
4	237	155
9	237	155
15	238	155
20	237	155
25	237	155
31	236	154
36	237	155
42	236	155
40	201	131
37	163	107
41	164	107
45	163	106
49	165	108
53	164	107
58	164	107
61	164	107
66	165	108
68	158	104
70	156	102
74	154	101
78	154	101
82	153	100
87	154	101
96	163	107
102	164	107
105	161	105
114	167	109
120	167	109
125	167	109
128	164	107
130	158	104
144	169	110
148	166	109
152	164	107
158	164	107
171	170	111
177	169	110
185	170	111
194	170	111
200	169	110
211	171	112
173	134	88
174	129	84
214	153	100
214	146	96
214	140	92
213	133	87
214	129	84
217	125	82
220	121	79
221	115	76
226	113	74
223	106	69
-575	129	74
-562	138	79
-510	157	90
-480	158	90
-449	158	90
-544	203	116
-403	160	91
-388	163	93
-382	169	97
-381	178	102
-374	184	105
-370	191	109
-364	197	113
-360	205	117
-356	212	121
-353	219	125
-353	230	131
-346	235	135
-342	243	139
-205	153	87
-197	153	88
-191	155	89
-189	160	92
-192	169	97
-193	177	101
-187	179	102
-170	170	97
-160	167	96
-153	166	95
-147	167	96
-151	178	102
-143	177	101
-141	183	104
-144	194	111
-144	202	116
-144	222	127
-136	220	126
-130	222	127
-124	221	127
-117	221	126
-91	182	104
-88	184	105
-100	221	126
-80	189	108
-76	192	110
-61	165	94
-54	158	90
-51	158	91
-47	159	91
-43	158	90
-42	167	95
-42	186	106
-43	208	119
-43	233	133
-39	282	161
-33	284	162
-27	285	163
-20	284	162
-14	284	163
-8	286	163
-1	285	163
5	285	163
11	285	163
18	284	162
24	285	163
30	283	162
36	284	162
43	284	162
49	284	162
40	199	113
37	166	95
40	160	91
44	160	92
48	161	92
52	161	92
56	162	92
60	163	93
64	163	93
68	163	93
73	163	93
77	163	93
81	163	93
86	163	93
90	164	94
95	164	94
100	164	94
105	164	94
111	167	95
115	165	94
121	165	95
126	165	94
133	166	95
138	165	94
143	164	94
151	166	95
152	161	92
157	160	91
131	127	73
136	126	72
184	165	95
194	168	96
203	168	96
212	169	96
217	165	95
215	157	90
213	149	85
214	144	82
213	137	78
217	133	76
218	128	73
218	122	70
219	117	67
223	113	65
221	107	61
222	102	58
-553	134	66
-557	147	72
-546	155	77
-530	162	80
-508	167	82
-491	172	85
-420	157	78
-401	160	79
-398	167	83
-394	175	86
-386	181	89
-385	190	94
-379	197	97
-376	205	101
-370	211	104
-371	222	110
-366	229	113
-361	236	117
-356	243	120
-513	365	180
-205	154	76
-196	154	76
-190	155	77
-190	162	80
-192	171	84
-185	172	85
-192	185	91
-174	175	87
-162	170	84
-153	168	83
-150	171	84
-146	174	86
-151	188	93
-143	186	92
-149	202	100
-145	205	101
-146	216	107
-144	223	110
-138	223	110
-131	223	110
-97	183	90
-91	182	90
-81	180	89
-77	182	90
-75	187	92
-63	169	84
-55	158	78
-51	158	78
-48	159	78
-44	159	78
-42	166	82
-42	182	90
-42	202	100
-44	232	114
-41	244	120
-36	246	121
-34	325	161
-27	327	162
-20	325	160
-12	325	161
-5	328	162
2	327	161
9	327	161
16	327	162
23	327	161
30	326	161
37	325	161
44	325	160
51	325	161
58	324	160
40	190	94
37	161	80
41	161	79
45	162	80
49	162	80
53	162	80
57	162	80
61	163	80
65	163	80
69	164	81
73	164	81
78	164	81
82	164	81
86	164	81
91	164	81
96	165	82
101	165	82
105	165	81
110	164	81
116	165	82
120	165	81
126	166	82
133	167	82
139	167	83
145	167	83
150	165	82
154	163	81
131	133	66
131	128	63
140	131	65
184	166	82
192	166	82
202	168	83
212	169	83
216	165	82
218	160	79
216	152	75
218	146	72
214	137	68
218	134	66
219	129	64
218	122	60
218	117	58
222	113	56
222	108	53
221	101	50
-553	127	53
-563	141	59
-557	151	63
-553	162	68
-519	164	69
-482	163	68
-524	189	79
-419	161	68
-402	164	69
-395	171	72
-393	180	75
-385	186	78
-384	195	82
-378	202	85
-375	210	88
-371	218	91
-368	226	95
-364	234	98
-360	242	102
-364	256	107
-512	374	157
-205	158	66
-195	158	66
-190	159	67
-190	167	70
-192	175	73
-185	176	74
-191	190	79
-173	179	75
-159	172	72
-152	172	72
-148	174	73
-147	180	75
-151	193	81
-143	190	80
-148	207	87
-145	212	89
-140	224	94
-135	226	95
-131	230	96
-96	187	78
-89	184	77
-79	172	72
-80	184	77
-76	186	78
-72	188	79
-58	163	68
-54	162	68
-50	161	68
-47	162	68
-43	162	68
-42	173	73
-42	192	81
-43	216	91
-44	246	103
-39	249	104
-34	251	105
-38	325	136
-32	333	140
-24	332	139
-17	334	140
-10	333	140
-3	333	140
4	334	140
11	334	140
18	334	140
25	333	139
32	334	140
39	332	139
47	334	140
54	331	139
39	206	86
37	175	74
39	164	69
42	164	69
46	165	69
50	165	69
54	165	69
58	166	70
62	166	69
66	167	70
70	167	70
75	167	70
79	168	70
83	167	70
88	168	70
92	167	70
98	169	71
102	168	70
107	168	70
111	167	70
118	169	71
122	168	71
128	169	71
135	170	71
141	170	71
146	170	71
150	167	70
132	140	59
130	133	56
132	129	54
182	172	72
186	168	71
196	170	71
207	173	72
215	172	72
218	167	70
218	160	67
217	153	64
217	146	61
217	139	58
218	134	56
221	129	54
220	123	51
221	117	49
221	112	47
222	107	45
223	102	43
-98	17	6
-53	14	5
-52	15	5
-559	145	50
-482	157	55
-444	155	54
-427	159	55
-425	169	59
-420	177	62
-418	187	65
-419	197	69
-209	152	53
-200	153	53
-192	153	53
-191	158	55
-192	166	58
-183	166	58
-188	177	61
-180	177	61
-173	177	62
-166	177	61
-162	180	62
-142	166	57
-145	176	61
-143	181	63
-59	159	55
-54	157	55
-51	158	55
-47	157	55
-44	158	55
-42	165	57
-42	182	63
-43	202	70
-43	226	79
-45	262	91
-51	455	158
-42	463	161
-31	459	159
-22	455	158
-12	459	159
-3	462	160
7	460	160
17	459	159
26	459	160
35	457	159
45	459	159
55	459	159
65	459	159
73	448	156
83	453	157
31	141	49
34	140	49
31	114	40
33	114	40
37	119	41
36	107	37
44	110	38
46	106	37
47	102	36
57	118	41
90	163	57
95	164	57
79	129	45
80	126	44
83	124	43
123	163	57
130	165	57
137	166	58
143	167	58
148	166	58
155	167	58
162	167	58
168	166	58
176	167	58
184	168	58
192	168	58
199	167	58
209	168	58
218	168	59
218	161	56
206	146	51
206	139	48
213	138	48
212	131	45
219	129	45
220	124	43
219	117	41
222	113	39
221	107	37
221	102	35
220	96	33
-97	16	4
-54	14	4
-52	14	4
-53	16	4
-442	161	45
-441	171	47
-439	181	50
-435	190	53
-437	202	56
-210	151	42
-202	152	42
-193	151	42
-189	155	43
-192	164	45
-183	163	45
-171	166	46
-166	168	47
-165	174	48
-141	162	45
-145	173	48
-146	190	53
-151	204	57
-146	207	57
-141	209	58
-134	207	57
-127	206	57
-121	206	57
-116	207	57
-113	211	59
-105	209	58
-103	214	59
-101	221	61
-95	220	61
-89	220	61
-59	156	43
-55	156	43
-51	155	43
-48	156	43
-44	156	43
-42	159	44
-42	176	49
-43	194	54
-43	214	59
-45	247	69
-50	415	115
-41	409	113
-32	405	112
-23	410	114
-15	406	112
-6	404	112
2	410	114
11	406	113
19	408	113
32	483	134
42	488	135
53	487	135
62	482	134
69	455	126
78	451	125
31	150	42
36	162	45
40	160	44
41	153	43
46	159	44
50	158	44
42	122	34
43	118	33
46	118	33
46	110	31
51	117	33
44	94	26
58	107	30
99	161	45
104	161	45
109	161	45
115	163	45
120	163	45
125	162	45
131	163	45
136	163	45
144	165	46
150	165	46
156	164	46
162	164	46
169	165	46
176	164	46
185	166	46
192	165	46
200	165	46
209	165	46
215	163	45
211	153	43
205	142	39
211	141	39
214	136	38
215	131	36
216	125	35
208	115	32
202	106	29
207	103	29
533	230	64
532	216	60
-71	15	3
-53	13	3
-52	14	3
-52	15	3
-449	171	36
-447	181	38
-443	190	40
-443	201	42
-204	151	31
-194	150	31
-190	153	32
-190	160	33
-186	163	34
-176	161	33
-169	162	34
-163	162	34
-156	162	34
-150	162	34
-144	162	34
-143	168	35
-143	175	36
-140	179	37
-149	207	43
-148	215	45
-137	208	43
-133	212	44
-126	211	44
-118	206	43
-113	207	43
-108	208	43
-103	209	43
-99	212	44
-97	220	46
-91	220	46
-87	221	46
-57	156	32
-53	155	32
-49	155	32
-46	156	32
-42	156	32
-42	167	35
-42	183	38
-43	205	43
-44	230	48
-49	375	78
-44	403	84
-36	402	84
-28	407	85
-19	404	84
-11	406	84
-2	406	84
6	403	84
14	404	84
27	480	100
35	457	95
47	489	102
57	487	101
63	454	95
83	463	96
41	198	41
38	161	33
41	159	33
43	154	32
43	141	29
41	125	26
43	123	26
43	114	24
51	130	27
74	160	33
83	161	33
87	160	33
96	161	33
101	161	34
105	161	33
110	162	34
116	163	34
121	163	34
126	162	34
132	162	34
137	163	34
144	164	34
151	164	34
156	163	34
163	164	34
170	164	34
178	164	34
186	165	34
194	165	34
202	165	34
207	162	34
202	152	32
207	149	31
214	147	31
211	139	29
216	136	28
205	123	26
205	117	24
214	117	24
207	107	22
214	105	22
533	240	50
532	227	47
545	219	46
-104	13	2
-54	13	2
-52	13	2
-52	15	2
-467	173	24
-466	184	26
-436	194	27
-205	149	21
-196	149	21
-191	151	21
-190	157	22
-193	166	23
-191	172	24
-193	181	25
-192	195	27
-193	205	29
-192	212	30
-189	218	30
-179	216	30
-140	177	25
-129	170	24
-118	170	24
-116	174	24
-112	177	25
-111	184	26
-110	191	27
-91	192	27
-87	194	27
-86	202	28
-76	191	27
-58	155	22
-53	153	21
-50	154	21
-46	154	21
-43	154	21
-42	162	23
-43	179	25
-43	198	28
-43	219	30
-46	258	36
-49	359	50
-47	404	56
-38	397	55
-30	398	55
-21	399	56
-13	398	55
-5	398	55
3	398	55
12	398	55
21	434	60
72	472	66
37	165	23
38	154	21
42	156	22
45	153	21
49	156	22
50	146	20
57	158	22
45	116	16
72	158	22
77	159	22
80	159	22
84	158	22
80	143	20
83	140	20
87	141	20
92	142	20
106	157	22
104	147	21
114	155	22
115	143	20
118	141	20
135	156	22
147	162	23
152	161	22
149	151	21
165	162	23
173	162	23
171	153	21
191	165	23
195	162	23
203	162	23
212	162	22
214	157	22
215	150	21
210	141	20
211	135	19
214	131	18
205	119	17
201	111	16
211	112	16
210	105	15
536	233	32
534	219	30
536	207	29
-103	14	1
-64	14	1
-53	13	1
-53	14	1
-465	168	12
-465	178	13
-432	187	13
-211	151	11
-200	149	10
-192	149	10
-190	154	11
-193	163	11
-193	170	12
-192	176	12
-193	192	13
-194	202	14
-193	209	15
-142	161	11
-182	214	15
-149	184	13
-132	171	12
-124	167	12
-120	168	12
-117	172	12
-113	175	12
-111	178	13
-111	187	13
-92	189	13
-88	192	13
-85	196	14
-83	203	14
-59	154	11
-55	153	11
-51	154	11
-48	153	11
-44	153	11
-42	156	11
-43	172	12
-43	190	13
-43	209	15
-44	239	17
-45	275	19
-48	332	23
-41	397	28
-33	396	28
-25	397	28
-16	397	28
-8	396	28
0	398	28
8	398	28
17	398	28
64	438	31
77	461	32
41	187	13
38	158	11
41	155	11
43	150	11
48	156	11
52	156	11
55	156	11
44	114	8
71	158	11
75	157	11
79	158	11
83	158	11
80	144	10
82	141	10
85	140	10
90	141	10
102	153	11
111	159	11
106	145	10
94	123	9
116	140	10
119	138	10
144	161	11
150	161	11
149	153	11
163	161	11
170	161	11
171	155	11
185	161	11
195	163	11
202	162	11
204	157	11
213	157	11
214	151	11
213	144	10
212	137	10
211	130	9
207	121	9
201	112	8
214	114	8
206	104	7
221	106	7
532	233	16
535	222	16
529	207	15
-99	13	0
-94	14	0
-53	11	0
-52	12	0
-52	13	0
-465	161	0
-466	172	0
-334	192	0
-201	146	0
-193	146	0
-190	150	0
-193	159	0
-189	163	0
-171	160	0
-166	162	0
-141	157	0
-135	177	0
-129	178	0
-124	178	0
-119	179	0
-115	181	0
-107	176	0
-103	179	0
-99	180	0
-100	212	0
-96	214	0
-90	213	0
-85	213	0
-55	151	0
-52	150	0
-48	150	0
-45	150	0
-41	151	0
-42	166	0
-43	184	0
-43	204	0
-45	232	0
-46	264	0
-47	310	0
-43	390	0
-34	387	0
-26	386	0
-18	385	0
-10	386	0
-2	382	0
6	382	0
15	386	0
26	457	0
36	463	0
46	464	0
51	425	0
59	419	0
68	418	0
40	186	0
37	155	0
39	137	0
41	106	0
43	107	0
48	111	0
54	112	0
57	111	0
59	111	0
62	112	0
65	110	0
66	107	0
71	110	0
71	105	0
75	106	0
81	110	0
85	111	0
88	109	0
94	112	0
95	109	0
101	111	0
103	109	0
107	108	0
119	116	0
120	113	0
123	110	0
126	109	0
138	114	0
159	126	0
160	122	0
164	120	0
196	138	0
200	135	0
190	122	0
193	119	0
220	129	0
206	115	0
205	109	0
209	106	0
212	102	0
227	103	0
227	98	0
227	93	0
225	86	0
226	82	0
227	76	0
226	71	0
-114	11	-1
-98	12	-1
-91	15	-1
-53	12	-1
-53	13	-1
-467	165	-12
-390	175	-13
-342	179	-13
-309	179	-13
-309	187	-13
-309	205	-15
-207	144	-10
-198	144	-10
-191	146	-10
-191	152	-11
-193	160	-12
-155	180	-13
-142	172	-12
-134	176	-13
-129	178	-13
-123	177	-13
-118	177	-13
-112	177	-13
-107	177	-13
-102	177	-13
-97	177	-13
-95	182	-13
-78	177	-13
-58	149	-11
-54	149	-11
-50	148	-11
-47	148	-11
-44	148	-11
-42	154	-11
-43	172	-12
-43	188	-14
-44	210	-15
-44	238	-17
-46	277	-20
-40	385	-28
-32	384	-28
-23	385	-28
-15	383	-28
-7	383	-28
1	382	-27
10	387	-28
18	385	-28
54	415	-30
62	411	-30
33	144	-10
30	119	-9
31	110	-8
32	105	-8
33	102	-7
35	100	-7
37	100	-7
40	100	-7
42	100	-7
45	100	-7
47	99	-7
50	100	-7
53	100	-7
55	100	-7
58	100	-7
60	100	-7
63	100	-7
66	100	-7
70	100	-7
72	100	-7
76	100	-7
79	100	-7
83	100	-7
86	101	-7
90	101	-7
94	101	-7
98	101	-7
102	101	-7
106	101	-7
110	101	-7
115	101	-7
120	101	-7
126	101	-7
131	101	-7
137	101	-7
143	102	-7
149	102	-7
156	102	-7
166	104	-7
172	103	-7
183	104	-7
193	105	-8
201	104	-8
215	106	-8
224	105	-8
534	229	-16
532	215	-15
534	204	-15
545	195	-14
540	181	-13
534	167	-12
-149	9	-1
-113	10	-1
-98	11	-2
-92	14	-2
-67	12	-2
-54	11	-2
-53	12	-2
-549	163	-24
-465	148	-22
-467	159	-23
-465	169	-25
-377	164	-24
-368	169	-25
-336	171	-25
-324	173	-25
-210	142	-21
-202	143	-21
-192	142	-21
-190	147	-21
-194	156	-23
-142	154	-23
-143	168	-25
-143	175	-26
-136	174	-25
-130	174	-25
-124	174	-25
-119	174	-25
-114	175	-26
-109	175	-26
-104	175	-26
-99	175	-26
-94	176	-26
-95	186	-27
-82	171	-25
-59	147	-21
-55	146	-21
-51	146	-21
-48	146	-21
-44	146	-21
-42	150	-22
-42	164	-24
-43	181	-26
-43	201	-29
-45	228	-33
-46	263	-39
-42	380	-56
-34	382	-56
-25	380	-56
-17	381	-56
-8	380	-56
0	380	-56
8	380	-56
17	380	-56
27	420	-61
35	419	-61
52	407	-60
61	407	-60
72	414	-61
31	149	-22
31	135	-20
33	128	-19
32	114	-17
33	108	-16
33	100	-15
35	98	-14
37	98	-14
39	98	-14
42	98	-14
44	98	-14
47	98	-14
49	98	-14
52	98	-14
55	98	-14
57	98	-14
60	98	-14
63	98	-14
66	98	-14
69	98	-14
72	98	-14
76	99	-14
79	98	-14
82	98	-14
86	99	-14
90	99	-15
94	99	-14
98	99	-14
102	99	-14
106	99	-15
110	99	-14
115	99	-15
120	99	-15
125	99	-15
130	100	-15
136	100	-15
143	100	-15
149	100	-15
156	100	-15
163	101	-15
173	102	-15
181	102	-15
191	103	-15
201	103	-15
211	103	-15
223	104	-15
534	226	-33
536	214	-31
528	199	-29
545	193	-28
536	178	-26
536	154	-23
-140	9	-2
-113	10	-2
-98	11	-2
-94	12	-3
-85	13	-3
-54	10	-2
-53	11	-2
-53	12	-3
-552	160	-36
-546	170	-38
-467	155	-35
-465	165	-37
-338	168	-38
-329	171	-38
-304	174	-39
-304	182	-41
-302	190	-43
-310	203	-46
-208	143	-32
-197	142	-32
-191	143	-32
-191	149	-33
-192	157	-35
-163	151	-34
-142	156	-35
-142	169	-38
-123	175	-39
-118	176	-39
-113	177	-40
-107	175	-39
-109	186	-42
-103	186	-42
-99	188	-42
-96	192	-43
-91	192	-43
-85	190	-43
-88	209	-47
-57	145	-33
-53	146	-33
-50	146	-33
-46	146	-33
-43	146	-33
-42	157	-35
-43	174	-39
-44	193	-43
-44	218	-49
-45	247	-55
-47	288	-65
31	151	-34
32	139	-31
30	117	-26
31	110	-25
32	106	-24
33	100	-23
35	98	-22
37	98	-22
39	98	-22
42	97	-22
44	97	-22
47	98	-22
49	98	-22
52	97	-22
54	97	-22
57	97	-22
60	97	-22
63	97	-22
66	97	-22
69	98	-22
73	98	-22
76	98	-22
79	98	-22
83	98	-22
87	98	-22
90	99	-22
94	98	-22
98	98	-22
102	99	-22
106	99	-22
111	99	-22
115	98	-22
121	100	-22
125	99	-22
130	99	-22
137	100	-22
143	100	-22
148	99	-22
155	99	-22
162	99	-22
171	100	-22
181	102	-23
191	103	-23
201	103	-23
208	101	-23
217	101	-23
234	103	-23
237	99	-22
236	93	-21
236	88	-20
237	83	-19
238	78	-18
246	76	-17
-124	10	-3
-99	10	-3
-92	13	-4
-68	12	-4
-54	11	-3
-53	11	-3
-553	152	-47
-547	162	-50
-475	151	-46
-466	158	-48
-338	161	-49
-331	165	-51
-310	170	-52
-300	173	-53
-301	181	-56
-311	196	-60
-210	139	-42
-201	139	-43
-192	138	-42
-191	144	-44
-193	151	-46
-143	150	-46
-135	175	-54
-122	166	-51
-117	167	-51
-112	167	-51
-109	170	-52
-109	180	-55
-105	182	-56
-99	180	-55
-97	185	-57
-94	191	-58
-86	184	-56
-58	143	-44
-54	141	-43
-51	142	-43
-47	142	-44
-43	142	-44
-42	151	-46
-43	167	-51
-44	185	-57
-45	208	-64
-46	238	-73
-47	275	-84
-16	302	-92
-2	301	-92
11	296	-91
31	146	-45
31	133	-41
30	114	-35
31	107	-33
32	103	-32
33	97	-30
35	95	-29
37	95	-29
40	95	-29
42	94	-29
45	95	-29
47	95	-29
50	95	-29
52	94	-29
55	94	-29
57	94	-29
60	94	-29
63	94	-29
67	95	-29
70	95	-29
73	96	-29
77	96	-29
79	95	-29
83	96	-29
87	95	-29
91	96	-29
95	96	-29
99	96	-29
103	96	-29
107	96	-29
112	96	-30
116	96	-29
122	96	-30
126	96	-29
133	97	-30
138	96	-30
144	97	-30
149	96	-29
156	96	-29
163	96	-29
171	97	-30
183	99	-30
193	99	-30
202	99	-30
211	99	-30
223	100	-31
236	100	-31
235	94	-29
236	89	-27
236	84	-26
238	80	-24
238	75	-23
237	69	-21
-540	17	-7
-140	9	-3
-114	9	-4
-98	10	-4
-96	12	-5
-81	12	-5
-55	10	-4
-53	10	-4
-53	11	-5
-552	150	-59
-538	157	-62
-474	148	-58
-467	155	-61
-456	161	-64
-324	166	-65
-310	166	-66
-308	173	-68
-302	177	-70
-303	186	-73
-303	194	-77
-203	137	-54
-196	138	-54
-191	140	-55
-192	146	-58
-191	152	-60
-134	170	-67
-128	170	-67
-118	164	-65
-113	164	-65
-109	167	-66
-111	178	-70
-101	171	-67
-100	178	-70
-97	182	-72
-86	180	-71
-70	156	-62
-59	141	-56
-55	140	-55
-51	140	-55
-48	141	-56
-44	140	-55
-43	149	-59
-43	163	-64
-44	181	-72
-45	206	-81
-44	226	-89
-39	227	-90
-33	227	-90
-28	228	-90
-22	227	-90
-17	229	-90
-11	229	-90
-6	228	-90
0	229	-90
5	228	-90
11	230	-91
16	228	-90
21	228	-90
27	229	-90
32	230	-91
38	231	-91
29	149	-59
31	143	-56
31	126	-50
31	111	-44
32	105	-41
32	99	-39
34	95	-37
36	94	-37
38	94	-37
41	93	-37
43	93	-37
46	94	-37
48	94	-37
51	93	-37
53	93	-37
56	93	-37
59	93	-37
62	93	-37
65	93	-37
68	93	-37
72	94	-37
76	95	-37
79	95	-37
82	94	-37
85	94	-37
89	95	-37
93	94	-37
97	95	-37
101	95	-37
105	95	-37
110	95	-37
115	95	-38
120	96	-38
124	95	-38
129	95	-37
136	96	-38
142	96	-38
147	95	-38
151	94	-37
160	95	-38
165	94	-37
174	95	-38
185	97	-38
195	97	-38
202	96	-38
211	96	-38
236	91	-36
236	87	-34
237	82	-32
237	77	-30
237	72	-28
238	68	-27
238	63	-25
238	59	-23
236	53	-21
-565	-2	1
-531	7	-4
-527	16	-8
-140	8	-4
-116	9	-5
-98	10	-5
-94	11	-5
-80	11	-6
-54	9	-5
-52	10	-5
-53	11	-5
-499	131	-64
-532	149	-73
-471	141	-69
-464	149	-73
-467	159	-78
-467	168	-83
-361	170	-83
-321	174	-85
-299	177	-87
-288	178	-87
-208	135	-66
-199	134	-66
-193	136	-67
-191	141	-69
-193	148	-73
-167	152	-74
-161	153	-75
-155	153	-75
-142	147	-72
-143	154	-76
-143	161	-79
-143	168	-82
-140	172	-84
-132	170	-83
-127	170	-84
-121	170	-84
-115	171	-84
-110	171	-84
-104	170	-84
-99	171	-84
-94	170	-83
-89	171	-84
-83	170	-83
-79	171	-84
-60	139	-68
-55	138	-68
-52	138	-68
-48	139	-68
-44	139	-68
-43	147	-72
-43	160	-79
-44	179	-88
-40	183	-90
-35	182	-89
-30	181	-89
-26	182	-89
-21	182	-89
-16	182	-89
-12	183	-90
-7	183	-90
-3	183	-90
2	183	-90
6	183	-90
11	183	-90
16	182	-89
20	184	-90
24	184	-90
29	183	-90
33	182	-89
30	140	-69
32	135	-66
32	118	-58
32	107	-53
32	100	-49
33	94	-46
35	93	-45
38	92	-45
40	92	-45
43	92	-45
46	93	-45
48	93	-45
51	92	-45
54	92	-45
56	92	-45
59	91	-45
62	92	-45
65	92	-45
68	92	-45
73	94	-46
76	93	-46
79	94	-46
83	93	-46
86	93	-46
89	93	-45
94	93	-46
98	94	-46
102	93	-46
106	93	-46
110	93	-46
116	94	-46
121	94	-46
124	93	-46
129	93	-46
137	95	-46
143	94	-46
148	94	-46
152	92	-45
162	94	-46
167	93	-45
174	93	-45
185	94	-46
194	94	-46
206	95	-47
212	94	-46
226	95	-46
237	94	-46
236	89	-44
237	85	-42
238	71	-35
237	66	-32
237	62	-30
238	58	-28
239	53	-26
235	48	-24
239	44	-22
-602	-17	10
-544	-7	4
-525	2	-1
-520	11	-6
-515	19	-11
-124	8	-5
-100	9	-5
-93	11	-7
-73	10	-6
-54	9	-5
-53	10	-6
-507	121	-72
-508	130	-77
-335	145	-86
-274	143	-85
-262	144	-86
-248	142	-85
-238	142	-85
-228	143	-85
-203	132	-79
-195	133	-79
-190	135	-80
-187	138	-82
-179	138	-82
-173	139	-83
-165	139	-83
-159	139	-83
-153	139	-83
-146	139	-83
-140	139	-83
-134	139	-83
-130	141	-84
-123	140	-83
-118	140	-83
-113	141	-84
-108	140	-83
-103	140	-83
-98	140	-84
-93	140	-84
-89	141	-84
-84	141	-84
-80	140	-84
-76	141	-84
-71	141	-84
-67	141	-84
-62	140	-84
-57	136	-81
-52	135	-81
-48	136	-81
-45	137	-81
-43	141	-84
-41	150	-89
-37	150	-89
-33	149	-89
-29	150	-89
-25	150	-89
-21	151	-90
-17	150	-89
-13	148	-88
-9	150	-89
-5	150	-89
-1	150	-89
3	150	-89
7	150	-89
10	150	-89
14	150	-89
18	150	-89
22	150	-90
26	150	-90
30	150	-89
31	136	-81
32	124	-74
32	110	-66
33	104	-62
33	95	-56
34	92	-55
37	91	-54
39	91	-54
42	91	-54
45	91	-54
47	91	-54
50	91	-54
53	90	-54
56	90	-54
58	90	-54
61	90	-54
65	90	-54
68	91	-54
73	92	-55
76	92	-55
79	92	-55
83	92	-55
86	92	-55
89	92	-55
93	91	-54
97	92	-55
101	91	-54
104	91	-54
110	91	-54
115	92	-55
120	92	-55
124	91	-54
128	90	-54
136	92	-55
142	93	-55
147	92	-55
151	91	-54
156	90	-53
167	92	-55
171	90	-54
179	90	-54
189	91	-54
204	94	-56
209	92	-55
223	94	-56
234	94	-56
235	89	-53
236	85	-51
231	79	-47
230	74	-44
238	72	-43
240	59	-35
238	55	-33
235	50	-30
234	46	-27
240	43	-25
540	80	-48
538	71	-42
