-81.714	96.426	-35.096
-78.07	96.53	-35.134
-74.7	96.949	-35.287
-71.521	96.993	-35.302
-99.555	146.581	-53.351
-96.085	148.612	-54.09
-93.175	151.651	-55.197
-89.936	154.145	-56.104
-87.397	157.658	-57.383
-84.382	160.57	-58.443
-81.016	163.261	-59.422
-78.385	167.399	-60.928
-75.178	170.551	-62.075
-71.839	173.734	-63.234
-68.618	176.856	-64.37
-65.457	181.04	-65.893
-61.742	184.012	-66.975
-58.582	188.865	-68.741
-54.673	191.528	-69.71
-51.375	196.593	-71.554
-47.376	200.294	-72.901
-43.562	204.628	-74.478
-27.659	232.63	-84.67
-21.879	230.649	-83.949
-16.556	230.617	-83.938
-11.013	229.827	-83.65
-5.688	230.539	-83.909
-0.405	232.715	-84.701
5.06	229.377	-83.486
10.476	231.26	-84.172
15.822	229.721	-83.611
14.915	152.079	-55.352
18.043	149.534	-54.426
21.338	146.139	-53.19
24.323	143.8	-52.339
27.269	140.611	-51.178
31.228	144.033	-52.424
34.334	141.865	-51.635
37.924	142.436	-51.843
46.607	161.162	-58.658
52.25	166.423	-60.573
58.695	173.609	-63.188
65.538	180.294	-65.622
74.226	190.988	-69.514
78.977	190.534	-69.349
81.07	183.209	-66.683
88.047	187.479	-68.237
93.33	187.675	-68.308
98.261	186.724	-67.962
102.237	184.061	-66.993
108.402	185.435	-67.493
114.854	186.466	-67.868
131.706	194.269	-70.708
135.587	190.683	-69.403
140.423	188.341	-68.551
144.091	184.453	-67.135
81.113	97.559	-35.509
83.672	95.966	-34.929
85.809	94.254	-34.306
88.458	93.234	-33.935
90.014	90.757	-33.033
92.283	89.116	-32.435
94.278	86.917	-31.635
-80.844	96.336	-31.302
-77.846	97.143	-31.564
-74.26	96.985	-31.512
-71.733	98.113	-31.879
-98.8	146.611	-47.637
-95.896	149.377	-48.536
-92.999	152.236	-49.464
-89.892	155.029	-50.372
-87.08	158.247	-51.418
-83.983	161.188	-52.373
-81.172	164.615	-53.487
-77.7	166.956	-54.247
-75.103	171.381	-55.685
-71.541	173.699	-56.438
-68.7	177.852	-57.788
-65.067	180.517	-58.654
-61.48	183.698	-59.687
-58.186	187.568	-60.945
-54.505	190.957	-62.046
-51.053	196.107	-63.719
-47.167	199.764	-64.907
-43.641	205.147	-66.656
-21.264	133.816	-43.479
14.541	154.189	-50.099
17.56	149.48	-48.569
20.655	146.435	-47.58
23.792	144.391	-46.916
26.601	141.001	-45.814
30.362	143.127	-46.505
33.774	143.043	-46.478
37.348	143.462	-46.614
45.101	159.213	-51.731
50.789	165.052	-53.629
56.828	171.905	-55.855
63.548	178.523	-58.006
71.771	188.176	-61.142
80.079	197.277	-64.099
90.013	208.279	-67.674
98.168	214.083	-69.56
98.755	202.858	-65.913
102.958	199.795	-64.917
106.574	195.88	-63.645
65.071	111.216	-36.136
67.746	110.203	-35.807
70.459	109.017	-35.422
72.627	107.128	-34.808
74.655	104.77	-34.042
76.693	102.731	-33.379
78.732	100.675	-32.711
81.196	99.341	-32.278
82.643	96.79	-31.449
85.438	95.508	-31.032
87.658	93.766	-30.466
89.598	91.931	-29.87
91.337	89.708	-29.148
93.398	87.768	-28.517
96.015	86.183	-28.003
-80.465	97.076	-27.836
-76.94	97.097	-27.842
-73.997	97.735	-28.025
-96.518	145.109	-41.609
-95.758	150.948	-43.284
-92.385	153.045	-43.885
-89.453	155.827	-44.683
-86.764	159.155	-45.637
-81.618	158.331	-45.401
-80.497	164.881	-47.279
-77.627	168.463	-48.306
-74.314	171.401	-49.149
-70.927	174.478	-50.031
-67.842	177.964	-51.03
-64.669	181.823	-52.137
-60.815	184.006	-52.763
-57.653	188.604	-54.081
-53.866	191.778	-54.991
-50.518	196.135	-56.241
-46.637	200.15	-57.392
-43.011	205.51	-58.929
-20.962	134.323	-38.517
14.466	154.571	-44.323
17.598	149.556	-42.884
20.669	146.889	-42.12
23.673	144.183	-41.344
26.585	140.881	-40.397
30.325	143.076	-41.026
33.575	142.453	-40.848
36.933	142.228	-40.783
44.917	159.226	-45.657
50.471	165.109	-47.344
56.615	171.95	-49.306
63.702	179.906	-51.587
49.485	128.507	-36.849
51.724	125.52	-35.992
54.126	123.226	-35.334
56.06	119.978	-34.403
58.414	118.138	-33.876
60.856	116.375	-33.37
63.298	114.812	-32.922
66.05	113.591	-32.572
67.756	110.572	-31.706
70.144	108.961	-31.244
72.506	107.58	-30.848
74.19	104.803	-30.052
76.624	103.202	-29.593
78.572	101.03	-28.97
81.06	99.564	-28.55
83.375	97.875	-28.065
85.597	96.339	-27.625
87.25	93.866	-26.916
89.18	91.879	-26.346
91.678	90.218	-25.87
93.286	87.929	-25.213
95.933	86.701	-24.861
-81.626	97.425	-24.291
-78.124	97.461	-24.3
-74.582	97.574	-24.328
-71.508	98.176	-24.478
-76.296	109.239	-27.236
-82.964	123.81	-30.869
-95.677	149.11	-37.177
-93.045	152.505	-38.024
-90.22	155.516	-38.775
-87.214	158.526	-39.525
-83.289	159.468	-39.76
-80.857	163.795	-40.839
-78.414	167.923	-41.868
-74.977	170.741	-42.57
-71.888	173.87	-43.351
-68.921	177.825	-44.337
-65.568	181.227	-45.185
-62.065	184.147	-45.913
-58.831	188.365	-46.965
-55.221	191.583	-47.767
-51.79	196.517	-48.997
-47.779	199.564	-49.757
-44.122	204.149	-50.9
-39.871	206.846	-51.573
-21.819	134.378	-33.504
16.449	151.059	-37.663
19.582	148.384	-36.996
22.649	145.421	-36.258
25.522	142.487	-35.526
28.65	140.962	-35.146
32.278	142.557	-35.543
35.031	139.898	-34.88
38.013	138.56	-34.547
40.838	136.64	-34.068
42.89	133.254	-33.224
45.504	130.772	-32.605
47.766	128.206	-31.965
50.582	126.925	-31.646
53.632	125.925	-31.397
56.043	123.767	-30.859
57.799	120.441	-30.029
59.875	117.727	-29.353
62.398	116.459	-29.037
64.777	114.344	-28.509
66.862	112.369	-28.017
69.386	110.948	-27.662
71.476	108.6	-27.077
73.615	106.837	-26.638
75.843	104.975	-26.173
77.725	102.62	-25.586
79.735	100.485	-25.054
82.348	99.167	-24.725
84.192	97.033	-24.193
86.453	95.337	-23.77
88.679	93.491	-23.31
90.527	91.506	-22.815
92.608	89.661	-22.355
94.832	87.797	-21.89
97.719	86.646	-21.603
-81.82	97.141	-20.648
-78.857	97.844	-20.797
-75.112	97.61	-20.748
-71.798	97.778	-20.783
-73.223	104.151	-22.138
-93.262	152.104	-32.331
-91.155	156.003	-33.159
-87.947	158.646	-33.721
-83.072	157.874	-33.557
-81.721	164.006	-34.861
-78.809	167.574	-35.619
-75.642	170.672	-36.277
-72.452	173.497	-36.878
-69.612	177.673	-37.766
-65.921	180.055	-38.272
-62.779	183.861	-39.081
-59.1	186.893	-39.725
-55.777	190.464	-40.484
-52.317	194.588	-41.361
-48.772	199.191	-42.339
-45.116	203.518	-43.259
-40.847	205.849	-43.754
-22.728	134.653	-28.621
-39.23	351.266	-74.664
-32.26	361.813	-76.906
-24.947	373.859	-79.466
-16.541	375.26	-79.764
-8.591	389.995	-82.896
0.0	395.318	-84.028
15.267	152.473	-32.409
18.47	149.153	-31.704
21.412	146.134	-31.062
24.468	143.741	-30.553
27.139	140.868	-29.942
31.19	143.915	-30.59
35.59	149.119	-31.696
37.592	142.823	-30.358
39.84	138.609	-29.462
42.289	135.563	-28.815
44.907	133.7	-28.419
47.386	131.117	-27.87
49.893	128.708	-27.358
52.234	126.657	-26.922
54.549	123.911	-26.338
57.198	122.414	-26.02
59.273	119.783	-25.461
61.412	117.815	-25.042
64.042	116.051	-24.667
66.17	113.892	-24.208
68.541	112.201	-23.849
70.942	110.446	-23.476
72.984	108.434	-23.048
74.989	106.228	-22.579
77.003	104.086	-22.124
79.206	102.522	-21.792
81.537	100.603	-21.384
83.599	98.812	-21.003
85.667	96.715	-20.557
87.895	95.014	-20.196
89.984	93.056	-19.78
92.089	91.065	-19.356
94.203	89.324	-18.986
96.564	87.599	-18.62
-76.068	94.813	-16.718
-73.995	96.483	-17.013
-71.884	98.11	-17.299
-70.232	100.342	-17.693
-93.27	151.928	-26.789
-90.373	154.64	-27.267
-87.543	157.756	-27.817
-83.031	157.917	-27.845
-81.154	162.847	-28.714
-78.826	167.188	-29.48
-76.2	171.433	-30.228
-72.89	173.969	-30.675
-69.665	177.28	-31.259
-66.428	180.656	-31.855
-62.879	183.573	-32.369
-59.874	187.903	-33.132
-56.059	190.374	-33.568
-52.781	195.054	-34.393
-48.962	198.223	-34.952
-45.406	202.75	-35.75
-41.661	207.445	-36.578
-40.393	351.697	-62.014
-33.502	361.226	-63.694
-25.991	370.389	-65.31
-18.283	381.361	-67.244
-10.07	386.779	-68.2
-1.559	402.02	-70.887
7.554	413.281	-72.873
26.174	414.024	-73.004
14.837	154.393	-27.224
17.79	150.125	-26.471
20.894	147.872	-26.074
23.83	144.847	-25.541
26.572	142.057	-25.048
30.221	143.284	-25.265
34.622	148.612	-26.204
36.85	143.55	-25.312
39.269	139.301	-24.563
41.779	136.844	-24.129
44.468	134.778	-23.765
46.951	132.056	-23.285
49.355	129.784	-22.884
51.711	127.646	-22.507
53.98	125.048	-22.049
56.542	123.432	-21.764
59.119	121.465	-21.418
61.027	118.672	-20.925
63.621	117.064	-20.642
65.757	114.898	-20.26
68.095	113.14	-19.95
70.391	111.479	-19.657
72.637	109.367	-19.284
74.588	107.252	-18.911
76.931	105.665	-18.632
78.893	103.515	-18.252
81.054	101.539	-17.904
83.307	99.69	-17.578
85.376	97.848	-17.253
87.954	96.304	-16.981
88.937	93.208	-16.435
91.058	91.303	-16.099
92.929	89.104	-15.711
95.082	87.271	-15.388
-90.532	111.019	-15.603
-85.973	110.701	-15.558
-81.916	110.253	-15.495
-78.029	110.033	-15.464
-83.823	123.571	-17.367
-97.134	149.273	-20.979
-90.328	145.878	-20.502
-87.465	148.612	-20.886
-84.967	151.5	-21.292
-82.604	155.271	-21.822
-79.933	158.437	-22.267
-73.999	155.264	-21.821
-76.868	170.467	-23.958
-73.404	172.817	-24.288
-70.311	175.913	-24.723
-67.38	180.258	-25.334
-63.894	182.783	-25.688
-60.319	185.557	-26.078
-57.045	189.568	-26.642
-53.425	192.603	-27.069
-50.229	197.659	-27.779
-46.309	201.136	-28.268
-42.525	205.266	-28.848
-20.821	134.692	-18.93
-35.543	355.377	-49.945
-28.546	365.555	-51.375
-21.132	377.629	-53.072
-13.127	384.277	-54.007
-4.751	392.093	-55.105
4.122	404.553	-56.856
13.182	416.104	-58.48
31.362	411.847	-57.881
16.497	151.848	-21.341
19.379	147.944	-20.792
22.59	145.869	-20.501
25.378	142.755	-20.063
28.391	141.34	-19.864
32.607	146.028	-20.523
35.81	145.953	-20.512
37.872	140.425	-19.735
40.679	137.926	-19.384
43.197	135.798	-19.085
45.709	133.343	-18.74
48.34	131.297	-18.453
50.542	128.704	-18.088
53.282	126.892	-17.833
55.372	124.525	-17.501
57.805	122.234	-17.179
59.829	119.565	-16.804
62.122	117.547	-16.52
64.367	115.735	-16.265
66.431	113.585	-15.963
68.377	111.174	-15.624
70.633	109.135	-15.338
72.874	107.621	-15.125
75.056	105.596	-14.841
77.485	104.23	-14.649
79.629	102.071	-14.345
81.83	100.572	-14.134
83.913	98.648	-13.864
85.733	96.278	-13.531
87.749	94.312	-13.255
90.014	92.608	-13.015
92.238	90.893	-12.774
93.941	88.521	-12.441
96.505	87.139	-12.247
-96.211	117.896	-12.391
-93.006	119.125	-12.521
-87.784	117.916	-12.393
-88.848	124.884	-13.126
-84.366	124.247	-13.059
-92.654	142.403	-14.967
-90.387	145.885	-15.333
-88.158	149.308	-15.693
-86.094	153.576	-16.141
-84.78	159.097	-16.722
-82.459	163.142	-17.147
-71.623	150.393	-15.807
-69.865	154.922	-16.283
-73.482	172.556	-18.136
-70.668	176.581	-18.559
-67.654	180.109	-18.93
-64.239	183.106	-19.245
-60.558	185.703	-19.518
-57.297	189.711	-19.939
-53.969	193.539	-20.342
-50.338	197.122	-20.718
-46.573	200.128	-21.034
-42.928	204.973	-21.544
-21.129	134.091	-14.094
-36.496	356.558	-37.476
-29.337	364.37	-38.297
-21.745	373.638	-39.271
-14.05	382.213	-40.172
-5.941	393.911	-41.402
2.784	406.128	-42.686
11.899	413.154	-43.424
21.204	419.905	-44.134
29.901	412.327	-43.337
15.886	151.914	-15.967
19.05	149.249	-15.687
22.085	146.421	-15.389
24.763	143.323	-15.064
27.659	140.899	-14.809
31.641	144.55	-15.193
35.933	149.389	-15.701
37.689	142.054	-14.93
40.092	138.765	-14.585
42.701	137.03	-14.402
45.15	134.077	-14.092
47.686	132.202	-13.895
50.233	129.722	-13.634
52.367	127.301	-13.38
54.768	125.268	-13.166
57.068	122.935	-12.921
59.422	120.998	-12.717
61.726	118.873	-12.494
64.135	117.322	-12.331
66.36	115.032	-12.09
68.706	113.72	-11.952
71.057	111.664	-11.736
72.985	109.534	-11.512
75.483	108.149	-11.367
77.35	105.577	-11.097
79.483	103.718	-10.901
81.864	102.124	-10.734
83.687	100.071	-10.518
85.807	98.114	-10.312
87.969	96.0	-10.09
90.39	94.574	-9.94
92.971	93.12	-9.787
96.072	92.116	-9.682
99.042	91.052	-9.57
-110.063	116.397	-8.139
-107.454	118.528	-8.288
-105.606	121.658	-8.507
-104.558	126.039	-8.814
-100.606	126.951	-8.877
-106.938	140.606	-9.832
-90.301	125.058	-8.745
-86.02	124.71	-8.721
-84.919	129.054	-9.024
-81.537	130.09	-9.097
-78.896	131.962	-9.228
-75.488	133.015	-9.301
-80.202	148.026	-10.351
-84.003	163.251	-11.416
-71.891	147.959	-10.346
-89.597	217.287	-15.194
-83.321	215.299	-15.055
-77.837	214.974	-15.032
-71.607	212.334	-14.848
-65.708	210.492	-14.719
-55.458	192.935	-13.491
-51.253	194.63	-13.61
-48.057	199.443	-13.946
-44.438	203.902	-14.258
-40.233	206.777	-14.459
-22.227	134.3	-9.391
-38.673	350.497	-24.509
-32.054	360.952	-25.24
-24.7	371.275	-25.962
-17.044	379.916	-26.566
-9.062	389.918	-27.266
-0.544	398.277	-27.85
8.327	411.586	-28.781
17.494	418.014	-29.23
26.595	413.413	-28.909
14.793	154.142	-10.779
17.954	150.267	-10.508
20.845	147.377	-10.306
23.6	144.31	-10.091
26.472	141.835	-9.918
29.99	143.048	-10.003
34.2	147.409	-10.308
37.049	145.359	-10.164
39.709	142.537	-9.967
42.694	140.816	-9.847
45.556	139.606	-9.762
48.355	137.768	-9.634
51.095	135.875	-9.501
53.887	134.207	-9.385
56.427	131.809	-9.217
59.43	131.036	-9.163
62.461	129.903	-9.084
64.527	127.275	-8.9
67.752	126.53	-8.848
70.454	124.938	-8.737
73.162	123.67	-8.648
75.811	121.543	-8.499
78.634	120.43	-8.421
80.862	117.987	-8.25
84.599	117.906	-8.245
92.569	123.522	-8.637
120.215	128.882	-9.012
116.936	119.877	-8.383
133.359	131.161	-9.172
139.287	131.282	-9.18
-115.58	128.076	-4.472
-116.195	134.398	-4.693
-113.564	137.145	-4.789
-110.248	139.216	-4.862
-88.56	123.368	-4.308
-85.355	124.334	-4.342
-82.066	125.543	-4.384
-79.083	127.176	-4.441
-76.724	129.686	-4.529
-73.521	130.782	-4.567
-74.457	139.215	-4.861
-71.507	140.919	-4.921
-69.297	144.182	-5.035
-75.899	166.444	-5.812
-94.774	218.483	-7.63
-88.916	218.395	-7.627
-82.532	216.103	-7.546
-76.803	215.075	-7.511
-71.385	214.773	-7.5
-64.845	211.144	-7.373
-54.012	191.595	-6.691
-51.215	197.914	-6.911
-47.302	200.271	-6.994
-43.815	205.458	-7.175
-21.813	135.018	-4.715
-37.552	354.276	-12.372
-30.575	364.122	-12.715
-23.15	373.256	-13.034
-15.703	385.996	-13.479
-7.13	389.947	-13.617
1.322	403.752	-14.099
10.353	412.294	-14.398
19.782	421.179	-14.708
28.674	414.683	-14.481
15.524	152.821	-5.337
18.506	149.619	-5.225
21.593	146.58	-5.119
24.314	144.0	-5.029
27.123	140.471	-4.905
31.121	144.961	-5.062
35.311	149.138	-5.208
38.976	149.773	-5.23
42.174	148.672	-5.192
44.846	145.459	-5.08
47.24	142.517	-4.977
49.866	140.004	-4.889
52.275	136.879	-4.78
54.563	134.018	-4.68
57.266	132.016	-4.61
59.503	129.458	-4.521
62.632	128.782	-4.497
65.704	127.665	-4.458
68.373	126.343	-4.412
76.645	134.872	-4.71
89.882	151.081	-5.276
96.517	154.648	-5.4
105.124	160.626	-5.609
116.632	170.093	-5.94
137.293	191.807	-6.698
140.467	187.566	-6.55
144.409	184.204	-6.433
148.872	181.493	-6.338
152.082	177.271	-6.19
155.916	173.913	-6.073
159.944	170.666	-5.96
163.729	167.147	-5.837
166.713	162.927	-5.69
171.025	160.085	-5.59
-119.589	140.33	0.0
-114.701	140.856	0.0
-88.066	124.899	0.0
-84.26	125.214	0.0
-79.84	124.499	0.0
-77.084	126.253	0.0
-73.938	127.341	0.0
-73.111	132.492	0.0
-71.328	136.203	0.0
-70.496	142.071	0.0
-69.725	148.468	0.0
-91.953	217.783	0.0
-86.259	217.414	0.0
-79.906	215.327	0.0
-74.304	214.653	0.0
-68.071	211.858	0.0
-62.536	210.064	0.0
-53.034	194.318	0.0
-49.467	198.401	0.0
-45.85	202.884	0.0
-41.797	205.441	0.0
-20.201	134.415	0.0
-34.369	358.984	0.0
-27.324	370.419	0.0
-19.555	379.071	0.0
-11.628	387.501	0.0
-3.224	394.037	0.0
5.529	405.462	0.0
14.948	421.46	0.0
24.024	419.037	0.0
14.022	155.871	0.0
16.902	151.284	0.0
19.992	148.107	0.0
22.908	145.407	0.0
25.738	142.113	0.0
28.85	141.999	0.0
33.0	146.581	0.0
37.838	152.115	0.0
40.716	149.505	0.0
43.336	146.448	0.0
45.649	143.279	0.0
48.433	140.909	0.0
50.902	138.092	0.0
53.855	137.048	0.0
56.887	135.764	0.0
59.311	133.41	0.0
61.732	130.705	0.0
65.374	131.3	0.0
68.108	129.452	0.0
72.03	129.861	0.0
89.382	154.134	0.0
96.111	157.9	0.0
108.911	170.955	0.0
115.556	172.737	0.0
128.066	183.323	0.0
138.64	189.406	0.0
142.45	185.96	0.0
146.173	182.536	0.0
149.928	179.073	0.0
153.911	175.695	0.0
157.585	172.068	0.0
161.048	168.417	0.0
165.32	165.5	0.0
169.125	162.079	0.0
174.956	160.318	0.0
-119.005	142.763	4.985
-113.5	142.602	4.98
-97.368	128.33	4.481
-91.15	126.03	4.401
-87.183	126.11	4.404
-84.359	128.133	4.475
-81.166	129.263	4.514
-75.487	126.963	4.434
-74.001	130.884	4.571
-72.856	135.509	4.732
-71.705	140.454	4.905
-69.783	144.587	5.049
-94.862	217.709	7.603
-89.196	217.552	7.597
-82.084	214.054	7.475
-77.003	214.525	7.491
-70.734	212.041	7.405
-65.215	210.507	7.351
-51.253	196.51	6.862
-47.5	199.89	6.98
-43.928	204.616	7.145
-39.306	205.375	7.172
-21.977	135.093	4.718
-38.002	354.831	12.391
-31.04	363.707	12.701
-23.684	373.623	13.047
-15.838	381.639	13.327
-7.567	390.514	13.637
0.773	404.528	14.126
9.942	413.928	14.455
19.375	419.848	14.661
28.321	416.184	14.533
15.45	152.502	5.325
18.495	150.2	5.245
21.399	147.214	5.141
24.252	144.112	5.033
27.003	141.512	4.942
30.746	143.789	5.021
35.282	149.017	5.204
40.112	154.486	5.395
43.033	151.856	5.303
45.679	149.464	5.219
49.076	149.147	5.208
51.782	146.138	5.103
55.216	145.412	5.078
57.614	142.514	4.977
60.303	139.958	4.887
63.275	138.559	4.839
65.414	134.875	4.71
84.6	166.835	5.826
88.833	165.984	5.796
104.55	185.979	6.495
120.063	203.575	7.109
124.873	201.547	7.038
129.474	199.132	6.954
132.611	194.647	6.797
136.436	191.16	6.675
140.269	187.621	6.552
144.119	184.145	6.43
148.124	180.781	6.313
151.726	177.148	6.186
155.757	174.022	6.077
159.628	170.516	5.955
163.627	167.317	5.843
166.731	163.122	5.696
170.952	160.017	5.588
-119.463	143.289	10.02
-113.687	142.735	9.981
-99.651	131.471	9.193
-88.451	128.309	8.972
-87.286	132.336	9.254
-84.662	134.994	9.44
-77.083	129.41	9.049
-73.719	130.145	9.101
-73.855	136.848	9.569
-72.434	141.814	9.917
-79.657	163.715	11.448
-76.923	167.291	11.698
-96.13	219.562	15.353
-89.694	218.029	15.246
-83.121	215.483	15.068
-77.246	214.073	14.969
-70.773	211.193	14.768
-65.742	211.004	14.755
-51.445	195.792	13.691
-47.567	198.842	13.904
-44.14	204.145	14.275
-39.926	206.404	14.433
-22.121	134.57	9.41
-38.707	354.357	24.779
-31.517	360.498	25.208
-24.346	372.098	26.02
-16.738	382.426	26.742
-8.391	388.486	27.166
-0.11	400.572	28.011
9.013	412.046	28.813
15.057	153.791	10.754
17.962	149.638	10.464
21.037	146.997	10.279
23.906	143.957	10.066
26.679	141.441	9.891
30.348	143.585	10.04
34.704	148.291	10.369
39.401	153.537	10.736
44.372	158.768	11.102
49.654	164.744	11.52
55.831	171.571	11.997
62.585	179.25	12.534
69.447	186.221	13.022
77.659	195.416	13.665
86.497	204.986	14.334
82.502	183.771	12.851
101.838	215.25	15.052
108.671	217.43	15.204
112.597	213.491	14.929
116.392	209.063	14.619
120.313	205.544	14.373
124.125	201.814	14.112
128.32	198.652	13.891
131.819	194.495	13.6
135.804	191.137	13.366
139.907	188.076	13.152
143.664	184.573	12.907
147.412	181.191	12.67
151.178	177.651	12.423
154.747	174.1	12.174
159.099	171.037	11.96
162.645	167.373	11.704
166.685	164.116	11.476
170.317	160.616	11.231
175.538	158.624	11.092
-119.115	144.106	15.146
-113.011	143.21	15.052
-99.976	132.848	13.963
-95.046	132.215	13.896
-88.219	129.009	13.559
-85.545	131.163	13.786
-81.245	130.81	13.749
-79.246	134.214	14.106
-75.259	134.078	14.092
-73.524	138.157	14.521
-73.139	144.9	15.23
-80.358	167.433	17.598
-94.114	218.513	22.967
-88.323	218.267	22.941
-82.248	217.152	22.824
-76.484	216.487	22.754
-70.127	213.458	22.435
-64.24	211.442	22.223
-53.861	192.949	20.28
-50.423	197.229	20.73
-46.845	201.546	21.183
-43.306	206.495	21.703
-21.271	135.478	14.239
-36.068	356.226	37.441
-29.16	367.203	38.595
-21.507	374.872	39.401
-13.536	382.505	40.203
-5.395	393.471	41.355
3.455	406.422	42.717
12.619	418.232	43.958
30.799	412.187	43.323
16.291	152.547	16.033
19.263	148.645	15.623
22.281	146.09	15.355
25.239	143.267	15.058
28.171	142.066	14.932
32.237	145.743	15.318
36.925	151.325	15.905
41.765	156.207	16.418
47.164	162.742	17.105
52.574	167.904	17.647
58.9	175.068	18.4
65.607	181.887	19.117
73.373	190.717	20.045
82.237	201.164	21.143
92.007	211.863	22.268
101.81	221.378	23.268
106.424	218.669	22.983
110.981	215.746	22.676
115.331	212.631	22.348
118.074	206.63	21.718
123.019	204.626	21.507
126.508	200.371	21.06
130.762	197.294	20.736
133.751	192.529	20.236
137.724	189.063	19.871
141.723	185.774	19.526
145.648	182.715	19.204
149.194	178.701	18.782
152.965	175.388	18.434
156.823	171.985	18.076
160.683	168.766	17.738
164.702	165.415	17.386
168.363	161.872	17.013
172.204	158.485	16.657
-117.093	142.633	20.046
-111.766	142.461	20.022
-99.23	132.645	18.642
-95.292	133.754	18.798
-87.951	129.504	18.201
-86.21	133.123	18.709
-80.422	130.519	18.343
-78.495	133.874	18.815
-74.946	134.582	18.914
-71.908	135.974	19.11
-75.505	150.581	21.163
-79.438	167.148	23.491
-92.924	218.106	30.653
-87.102	217.923	30.627
-80.519	215.409	30.274
-75.138	215.71	30.316
-69.078	213.298	29.977
-62.531	209.467	29.439
-53.175	193.979	27.262
-49.347	197.138	27.706
-46.001	202.601	28.474
-41.908	205.415	28.869
-20.431	134.625	18.92
-34.401	359.963	50.59
-26.854	365.954	51.431
-19.414	378.686	53.221
-11.12	384.462	54.033
-2.635	398.673	56.03
6.161	406.707	57.159
24.923	416.568	58.545
14.265	155.6	21.868
17.37	150.606	21.166
20.315	146.922	20.649
23.134	144.132	20.256
26.049	141.328	19.862
29.527	142.325	20.002
33.885	146.987	20.658
38.483	152.491	21.431
43.494	157.641	22.155
49.109	164.011	23.05
54.496	169.545	23.828
61.216	176.993	24.875
68.399	184.53	25.934
76.641	194.224	27.296
86.33	205.596	28.895
95.86	215.261	30.253
103.56	219.767	30.886
107.699	215.821	30.332
112.44	213.325	29.981
116.57	209.869	29.495
119.663	204.472	28.737
124.237	201.75	28.354
128.369	198.58	27.909
131.124	193.417	27.183
136.418	192.037	26.989
139.378	187.272	26.319
143.246	183.825	25.835
147.123	180.416	25.356
150.902	176.713	24.835
155.224	174.028	24.458
158.771	170.086	23.904
162.337	166.65	23.421
166.353	163.213	22.938
171.033	160.637	22.576
174.494	156.871	22.047
-113.449	141.723	24.99
-105.88	138.608	24.44
-99.621	136.752	24.113
-83.544	126.465	22.299
-81.308	129.002	22.747
-78.228	130.95	23.09
-79.139	138.811	24.476
-75.397	139.647	24.624
-73.101	142.924	25.201
-81.076	166.578	29.372
-95.165	217.81	38.406
-89.274	217.775	38.4
-83.262	216.785	38.225
-77.666	216.364	38.151
-70.922	212.982	37.555
-65.192	211.228	37.245
-54.724	193.512	34.121
-51.042	196.799	34.701
-47.485	201.302	35.495
-43.866	205.997	36.323
-21.429	134.429	23.704
-36.683	353.923	62.406
-29.637	364.492	64.27
-22.212	374.401	66.017
-14.012	380.279	67.054
-5.657	392.85	69.27
3.035	405.927	71.576
12.464	416.639	73.465
21.727	414.767	73.135
30.747	413.571	72.924
16.375	151.84	26.774
19.249	148.362	26.16
22.395	145.667	25.685
25.206	142.598	25.144
28.229	141.169	24.892
32.519	145.771	25.703
37.134	151.596	26.73
41.947	156.213	27.544
47.255	162.126	28.587
53.014	168.14	29.648
59.326	174.931	30.845
66.577	183.56	32.367
74.375	191.903	33.838
83.328	201.685	35.563
93.108	212.463	37.463
102.547	220.643	38.905
106.533	216.754	38.22
110.888	213.603	37.664
115.842	211.486	37.291
119.104	206.527	36.416
123.524	203.334	35.853
127.48	199.819	35.233
131.077	195.723	34.511
135.037	192.257	33.9
139.023	188.874	33.304
142.403	184.842	32.593
146.366	181.72	32.042
149.943	177.943	31.376
154.225	175.01	30.859
158.37	172.08	30.342
160.752	167.189	29.48
164.877	163.975	28.913
170.115	162.048	28.573
173.316	158.037	27.866
-109.581	137.733	29.276
-100.569	132.638	28.193
-95.723	132.179	28.095
-93.906	135.699	28.844
-84.356	128.358	27.283
-81.166	129.795	27.589
-78.842	132.405	28.144
-75.966	134.311	28.549
-77.437	143.872	30.581
-82.247	160.807	34.181
-80.573	166.282	35.344
-94.701	218.392	46.421
-89.401	219.362	46.627
-83.429	218.81	46.51
-76.747	215.345	45.773
-71.172	214.857	45.669
-64.986	212.465	45.161
-54.431	193.83	41.2
-50.973	198.133	42.115
-46.937	201.619	42.855
-21.365	135.535	28.809
-18.724	139.707	29.696
-15.631	139.258	29.6
-20.8	376.429	80.012
-12.743	383.941	81.609
-4.429	397.129	84.412
4.578	410.529	87.261
23.204	415.729	88.366
13.826	155.55	33.063
16.912	151.052	32.107
20.007	148.026	31.464
22.927	144.652	30.747
25.851	142.267	30.24
29.006	142.432	30.275
33.49	147.38	31.327
38.171	152.765	32.471
43.276	158.15	33.616
48.65	164.097	34.88
54.788	170.944	36.335
61.029	177.445	37.717
68.358	185.278	39.382
76.954	195.295	41.511
86.437	206.343	43.86
95.132	214.326	45.556
103.999	221.136	47.004
107.965	216.674	46.056
112.015	213.022	45.279
116.211	209.22	44.471
120.99	207.063	44.013
124.077	201.862	42.907
128.125	198.388	42.169
132.145	194.94	41.436
136.233	191.752	40.758
139.64	187.46	39.846
142.888	183.385	38.98
147.657	181.269	38.53
151.363	177.524	37.734
154.843	173.851	36.953
158.425	170.041	36.143
163.62	168.284	35.77
166.7	164.128	34.887
169.601	159.853	33.978
174.875	157.515	33.481
-106.213	133.176	33.205
-99.775	131.057	32.676
-95.673	131.657	32.826
-93.758	135.351	33.747
-90.415	137.13	34.19
-85.933	136.985	34.154
-82.106	137.554	34.296
-78.079	138.003	34.408
-78.24	145.349	36.239
-82.944	161.971	40.384
-80.741	166.936	41.622
-94.412	218.127	54.385
-88.495	218.158	54.393
-82.341	216.566	53.996
-76.42	215.729	53.787
-70.609	214.837	53.565
-64.271	211.801	52.808
-54.061	194.282	48.44
-50.351	198.018	49.372
-46.231	201.299	50.189
-42.601	206.63	51.519
-20.617	134.606	33.561
-35.089	362.922	90.487
-27.167	368.304	91.828
-19.255	378.197	94.295
-11.101	390.954	97.476
-2.361	399.949	99.719
6.791	409.485	102.096
14.649	153.767	38.338
17.86	150.273	37.467
20.911	147.283	36.722
23.719	143.787	35.85
26.605	141.215	35.209
30.619	143.818	35.858
34.936	148.865	37.116
39.776	154.077	38.416
45.198	160.171	39.935
50.826	166.155	41.427
56.993	173.246	43.195
63.958	180.871	45.096
71.1	187.314	46.703
79.73	197.183	49.163
90.117	209.642	52.27
99.515	218.316	54.432
106.129	219.738	54.787
109.693	214.353	53.444
114.034	211.142	52.644
118.212	207.86	51.825
122.405	204.553	51.001
126.871	201.378	50.209
129.669	195.957	48.857
134.225	193.427	48.227
137.615	189.155	47.162
141.85	186.005	46.376
145.708	182.594	45.526
149.13	178.79	44.577
153.681	176.142	43.917
157.204	172.219	42.939
161.052	168.773	42.08
164.999	165.515	41.268
167.465	160.728	40.074
172.407	158.142	39.429
176.038	154.727	38.578
-105.63	132.701	38.051
-99.974	131.516	37.712
-95.088	131.148	37.606
-94.648	136.727	39.206
-90.36	137.083	39.308
-87.861	139.869	40.107
-82.41	137.991	39.568
-79.734	140.614	40.32
-77.656	144.26	41.366
-83.159	162.88	46.705
-79.88	165.609	47.488
-93.252	215.91	61.911
-87.425	215.755	61.867
-82.045	216.318	62.028
-75.908	214.955	61.637
-69.966	213.512	61.223
-53.727	194.227	55.694
-50.011	198.333	56.871
-46.126	202.351	58.023
-41.899	205.109	58.814
-20.35	134.653	38.611
-33.062	357.646	102.553
-25.817	369.373	105.916
-17.691	377.682	108.298
-9.37	383.991	110.108
-0.682	400.918	114.961
8.754	411.382	117.962
15.22	151.946	43.57
18.316	148.411	42.556
21.438	145.768	41.798
24.39	142.49	40.858
27.363	139.79	40.084
31.474	144.271	41.369
36.032	148.914	42.7
40.888	154.232	44.225
46.528	160.595	46.05
52.467	167.246	47.957
58.479	173.168	49.655
66.066	182.173	52.237
73.573	189.789	54.421
82.212	199.03	57.071
92.345	209.918	60.193
103.458	222.226	63.722
107.323	217.204	62.282
110.716	211.866	60.752
115.101	208.636	59.825
119.003	204.788	58.722
123.78	202.628	58.103
127.845	198.956	57.05
131.394	194.491	55.77
134.471	189.957	54.469
138.701	186.919	53.598
142.423	183.235	52.542
146.686	180.071	51.634
150.146	176.454	50.597
154.261	173.428	49.73
158.044	170.027	48.754
161.959	166.587	47.768
165.231	162.955	46.726
169.632	159.89	45.848
173.145	156.056	44.748
177.687	153.287	43.954
-105.128	128.477	41.745
-98.891	126.596	41.134
-95.059	127.479	41.42
-95.696	134.377	43.662
-91.393	134.406	43.671
-85.71	132.615	43.089
-82.759	134.795	43.798
-81.641	139.806	45.426
-80.65	145.211	47.182
-84.22	159.561	51.845
-81.924	164.041	53.3
-78.605	166.807	54.199
-95.588	213.845	69.483
-90.289	214.894	69.823
-85.074	216.404	70.314
-78.714	214.747	69.775
-72.822	213.947	69.515
-66.953	212.623	69.085
-55.006	190.654	61.947
-51.584	194.952	63.344
-47.932	199.941	64.965
-43.849	203.554	66.139
-21.487	133.254	43.297
-28.802	363.247	118.026
-20.849	370.62	120.422
-12.676	380.969	123.784
-3.979	396.477	128.823
4.957	402.031	130.628
14.269	153.663	49.928
17.22	148.415	48.223
20.291	145.354	47.228
23.429	142.953	46.448
26.304	140.086	45.517
29.943	141.752	46.058
34.597	147.278	47.854
39.254	152.027	49.397
44.666	158.191	51.399
50.563	164.817	53.552
56.879	171.566	55.745
63.192	177.683	57.733
71.569	187.968	61.074
79.841	196.37	63.805
89.654	207.288	67.352
100.508	218.534	71.006
105.277	216.1	70.215
110.622	214.519	69.701
114.215	209.922	68.208
118.282	205.845	66.883
122.581	202.818	65.899
125.999	198.085	64.362
130.727	195.745	63.601
134.519	191.808	62.322
137.737	187.299	60.857
141.032	183.244	59.54
146.081	181.161	58.863
149.173	176.769	57.436
153.978	174.619	56.737
157.156	170.525	55.407
160.996	167.189	54.323
164.054	163.164	53.015
168.903	160.549	52.165
171.697	156.234	50.763
176.552	153.946	50.02
-113.836	128.833	46.891
-107.808	127.502	46.407
-103.207	127.973	46.578
-99.179	128.644	46.822
-94.055	127.849	46.533
-91.687	130.712	47.575
-90.216	135.176	49.2
-85.196	134.398	48.917
-81.989	135.743	49.406
-82.116	142.953	52.031
-79.394	146.127	53.186
-83.866	162.142	59.015
-81.109	166.042	60.435
-93.57	214.754	78.164
-88.257	215.7	78.508
-82.666	216.174	78.681
-76.075	213.847	77.834
-70.823	214.745	78.161
-53.743	193.751	70.52
-49.736	197.037	71.716
-45.873	200.915	73.127
-41.793	205.025	74.623
-19.949	133.916	48.741
-32.412	358.258	130.395
-24.516	366.815	133.51
-8.106	387.877	141.176
1.044	399.815	145.521
10.469	405.241	147.495
20.224	407.242	148.224
16.109	150.744	54.866
19.316	146.506	53.324
22.385	143.698	52.302
25.437	141.415	51.471
28.59	140.045	50.972
33.139	145.529	52.968
37.799	150.661	54.836
42.906	156.251	56.871
48.515	162.153	59.019
55.067	169.749	61.784
61.692	176.451	64.223
69.555	186.023	67.707
77.773	194.337	70.733
86.932	203.948	74.231
117.034	206.021	74.986
121.615	203.153	73.942
125.47	198.918	72.4
129.139	195.148	71.028
133.83	192.73	70.148
137.383	188.719	68.688
142.083	185.997	67.697
145.661	182.157	66.3
149.681	178.719	65.048
153.063	174.774	63.612
155.65	169.934	61.851
159.537	166.499	60.601
164.492	164.225	59.773
168.113	160.756	58.51
171.886	157.26	57.238
176.134	154.09	56.084
178.22	149.146	54.285
-113.149	126.14	50.964
-107.078	124.744	50.4
-103.159	125.925	50.877
-99.972	127.8	51.635
-97.103	130.083	52.557
-95.768	134.473	54.331
-90.2	133.03	53.748
-87.748	136.244	55.046
-83.201	135.83	54.879
-83.422	143.294	57.895
-87.041	157.009	63.436
-84.606	161.171	65.117
-81.494	164.255	66.363
-95.266	215.234	86.96
-89.334	215.076	86.897
-82.869	213.82	86.389
-77.001	213.182	86.131
-71.363	213.091	86.094
-65.477	212.155	85.716
-53.988	191.4	77.331
-50.498	196.2	79.27
-46.745	200.675	81.078
-42.38	203.631	82.272
-20.391	133.995	54.138
-33.074	358.391	144.8
-25.388	366.804	148.199
-16.897	375.252	151.612
-8.273	385.261	155.656
0.699	395.93	159.966
10.11	395.008	159.594
19.293	392.51	158.584
28.467	388.103	156.804
16.192	149.918	60.571
19.385	147.046	59.411
22.39	143.729	58.07
25.417	141.063	56.993
28.757	140.44	56.741
33.387	145.439	58.761
38.251	150.985	61.002
43.53	156.415	63.196
49.265	162.64	65.711
55.49	169.938	68.66
61.851	175.518	70.914
69.587	184.273	74.451
78.486	194.473	78.572
83.471	193.68	78.252
88.797	193.372	78.127
91.454	187.964	75.943
138.417	187.938	75.932
141.831	183.831	74.272
146.07	180.955	73.111
150.237	177.792	71.833
153.631	173.665	70.165
157.68	170.516	68.893
161.006	166.798	67.391
164.824	163.434	66.032
167.862	159.072	64.269
173.509	157.575	63.664
174.766	151.767	61.318
179.393	149.109	60.244
-116.15	123.281	54.888
-109.349	121.317	54.014
-103.375	120.197	53.515
-100.913	122.617	54.593
-100.213	127.536	56.783
-99.054	132.128	58.827
-100.061	139.756	62.224
-99.648	145.771	64.901
-89.887	138.712	61.758
-84.84	137.865	61.382
-86.831	148.405	66.074
-87.801	158.166	70.42
-84.581	160.866	71.622
-81.316	163.596	72.837
-89.226	214.616	95.553
-82.817	213.65	95.123
-76.396	211.842	94.318
-71.567	214.057	95.304
-65.765	213.47	95.043
-54.097	192.829	85.853
-50.379	197.141	87.773
-46.241	200.623	89.323
-42.091	204.662	91.121
-39.344	350.241	155.937
-31.749	359.752	160.172
-23.683	368.575	164.1
-14.956	370.945	165.155
-6.073	369.876	164.679
2.896	373.06	166.097
11.74	370.904	165.137
20.785	372.014	165.631
13.695	154.133	68.625
17.101	149.418	66.525
20.285	146.622	65.281
23.485	142.76	63.561
26.532	140.367	62.496
30.408	142.084	63.26
34.946	147.035	65.464
40.061	152.808	68.035
45.394	158.037	70.363
51.774	165.628	73.742
57.795	171.524	76.367
65.77	181.544	80.828
73.768	189.321	84.291
81.209	195.655	87.111
84.711	190.941	85.012
91.905	195.275	86.942
106.636	201.684	89.795
111.406	199.341	88.752
113.851	193.063	85.957
117.454	189.05	84.171
110.933	169.394	75.419
158.746	167.38	74.522
163.395	165.054	73.487
167.036	161.418	71.868
171.085	158.353	70.503
174.272	154.247	68.675
178.738	151.436	67.424
182.312	147.838	65.822
-108.19	118.818	57.951
-102.744	118.13	57.616
-100.174	120.573	58.807
-100.15	125.904	61.408
-100.549	132.342	64.548
-94.357	130.515	63.656
-100.245	144.804	70.625
-97.151	147.777	72.076
-94.567	151.191	73.741
-91.511	154.385	75.299
-88.216	156.985	76.567
-84.681	159.347	77.719
-81.953	163.161	79.579
-79.23	167.13	81.515
-90.178	214.815	104.772
-84.333	214.605	104.67
-77.201	211.589	103.199
-71.646	211.659	103.233
-65.958	211.748	103.276
-54.772	192.738	94.005
-50.571	195.901	95.547
-46.592	200.233	97.66
-42.578	204.613	99.796
-37.691	331.885	161.871
-29.661	334.076	162.94
-21.398	333.865	162.837
-13.173	333.827	162.818
-4.94	332.277	162.062
3.055	335.598	163.682
11.167	334.47	163.132
19.392	334.324	163.061
14.076	153.781	75.004
17.285	148.592	72.473
20.564	145.922	71.171
23.795	142.571	69.537
26.919	139.888	68.228
30.734	142.319	69.414
35.733	147.726	72.051
40.824	153.758	74.993
46.437	159.235	77.664
52.632	166.168	81.046
58.822	172.255	84.014
67.395	183.359	89.43
76.066	192.898	94.083
82.576	195.898	95.546
86.548	192.232	93.758
94.342	197.661	96.406
114.036	190.877	93.097
117.179	186.034	90.735
120.691	182.332	88.929
129.588	177.545	86.595
132.45	173.111	84.432
126.978	158.078	77.1
129.986	154.6	75.404
178.559	149.494	72.913
183.004	146.645	71.524
187.959	144.206	70.334
-125.925	129.751	68.99
-120.549	129.984	69.114
-107.334	121.369	64.533
-111.265	131.411	69.873
-106.829	132.086	70.231
-103.203	133.674	71.076
-104.604	142.052	75.53
-102.094	145.316	77.266
-98.506	147.747	78.558
-95.518	150.788	80.175
-92.098	153.138	81.425
-89.638	157.342	83.66
-86.281	160.168	85.163
-82.772	162.476	86.39
-79.75	166.267	88.406
-66.601	181.657	96.588
-63.181	186.089	98.945
-59.147	189.113	100.553
-55.283	193.302	102.78
-51.472	198.086	105.324
-47.267	201.472	107.124
-42.963	205.926	109.493
-31.733	287.694	152.97
-24.858	291.054	154.756
-17.548	291.093	154.777
-10.4	290.19	154.297
-3.152	291.602	155.048
4.129	290.577	154.503
11.461	294.4	156.535
18.74	292.804	155.687
14.723	151.93	80.783
17.915	147.023	78.174
21.467	144.582	76.875
24.677	142.597	75.82
28.227	140.894	74.915
32.769	145.666	77.452
38.0	151.734	80.678
43.533	157.827	83.918
49.563	164.397	87.411
56.361	172.306	91.617
63.028	178.536	94.929
71.38	187.679	99.791
80.276	197.077	104.788
83.744	192.311	102.253
89.139	192.082	102.132
100.884	204.858	108.925
106.633	204.083	108.513
113.229	204.837	108.914
117.081	200.315	106.509
131.689	193.036	102.639
135.189	171.365	91.116
139.001	167.96	89.306
143.729	166.136	88.336
145.259	160.43	85.302
150.359	158.743	84.405
154.59	156.071	82.985
157.081	151.856	80.743
148.381	136.858	72.769
-127.392	127.054	73.355
-121.773	127.011	73.33
-117.109	128.002	73.902
-112.513	128.648	74.275
-109.439	131.05	75.662
-108.883	136.323	78.706
-105.961	139.466	80.521
-103.394	142.517	82.282
-100.079	145.139	83.796
-96.902	147.669	85.257
-94.216	151.456	87.443
-90.944	154.262	89.063
-88.11	157.538	90.955
-85.015	160.859	92.872
-81.391	163.815	94.579
-78.41	167.545	96.732
-75.05	171.129	98.801
-71.612	174.829	100.937
-67.865	177.908	102.715
-64.744	183.04	105.678
-60.993	187.29	108.132
-56.586	189.488	109.401
-53.137	194.954	112.557
-48.87	199.111	114.957
-44.565	203.284	117.366
-21.482	134.775	77.812
-25.274	272.418	157.281
-18.376	273.656	157.996
-11.339	274.766	158.636
-4.412	274.677	158.585
2.67	273.524	157.919
9.657	273.731	158.039
16.541	273.332	157.808
14.188	151.881	87.689
17.56	146.219	84.42
20.895	142.551	82.302
24.2	140.495	81.115
27.761	139.913	80.779
32.444	144.761	83.578
37.572	150.059	86.637
42.979	155.408	89.725
49.036	162.195	93.644
55.82	169.634	97.938
71.948	188.095	108.597
77.995	189.591	109.461
84.479	191.998	110.85
89.865	191.721	110.69
95.842	192.324	111.038
101.349	191.624	110.634
107.438	191.963	110.83
113.812	192.405	111.085
119.368	191.39	110.499
124.816	190.087	109.747
127.837	175.677	101.427
131.225	171.901	99.247
135.681	169.577	97.905
140.225	167.049	96.446
147.322	160.306	92.553
150.176	156.116	90.133
155.863	155.107	89.551
158.105	150.246	86.745
161.852	147.223	84.999
174.584	152.021	87.769
156.674	130.244	75.197
159.7	127.011	73.33
-130.464	125.744	78.574
-124.605	125.656	78.518
-120.685	127.237	79.507
-116.848	129.067	80.65
-113.527	131.154	81.954
-111.36	134.716	84.18
-108.084	137.26	85.77
-104.97	139.817	87.368
-101.723	142.6	89.106
-98.339	145.177	90.717
-95.635	148.6	92.855
-92.264	151.009	94.361
-89.442	154.661	96.643
-86.505	158.221	98.868
-83.13	161.532	100.936
-80.374	165.448	103.383
-77.117	169.539	105.94
-73.242	171.966	107.456
-70.188	176.933	110.56
-66.157	179.646	112.255
-62.358	183.292	114.534
-58.727	188.125	117.554
-54.42	191.083	119.402
-50.686	196.424	122.739
-46.334	200.977	125.585
-41.601	203.98	127.461
-25.527	252.194	157.588
-19.16	254.277	158.89
-12.493	253.769	158.573
-5.976	254.534	159.05
0.653	253.778	158.578
7.216	254.956	159.314
13.992	255.772	159.824
20.676	256.785	160.457
16.845	147.932	92.438
20.174	143.213	89.49
23.773	142.045	88.76
26.959	138.714	86.678
31.446	143.018	89.367
36.456	148.229	92.624
42.041	154.047	96.259
48.127	160.888	100.534
54.904	168.071	105.022
61.446	174.172	108.835
79.399	180.845	113.004
83.766	178.624	111.617
88.879	178.381	111.465
95.121	179.729	112.307
101.01	180.224	112.616
106.555	179.766	112.33
112.479	180.227	112.618
116.382	176.689	110.408
124.578	179.915	112.424
131.059	180.046	112.505
137.338	179.991	112.471
142.96	178.688	111.656
147.753	176.174	110.085
152.548	173.738	108.564
155.646	169.042	105.629
152.933	158.915	99.301
155.461	154.448	96.51
157.975	149.854	93.639
161.413	146.472	91.526
165.55	143.883	89.908
171.988	143.018	89.368
172.335	137.107	85.674
170.17	129.513	80.928
164.948	119.869	74.902
-136.072	121.969	82.269
-131.423	123.219	83.112
-126.098	123.693	83.432
-122.525	125.578	84.703
-119.122	127.834	86.225
-116.161	130.442	87.984
-112.888	132.732	89.529
-109.768	135.393	91.324
-107.388	138.993	93.752
-104.286	141.604	95.513
-100.952	144.142	97.225
-98.221	147.946	99.791
-95.194	150.799	101.715
-91.975	153.879	103.793
-89.158	157.949	106.538
-86.064	161.438	108.891
-82.653	164.792	111.154
-78.953	167.504	112.983
-76.058	172.511	116.36
-72.443	176.294	118.912
-68.149	178.511	120.407
-64.633	183.276	123.621
-60.599	186.883	126.054
-56.849	191.472	129.149
-52.733	195.933	132.159
-48.542	200.885	135.498
-43.781	204.541	137.964
-11.778	226.469	152.755
-5.793	228.66	154.233
0.226	228.835	154.351
6.349	229.749	154.968
12.358	230.328	155.358
18.726	232.006	156.49
16.742	147.955	99.797
20.357	143.596	96.857
23.495	139.144	93.854
27.461	140.03	94.452
32.32	145.01	97.811
37.561	150.326	101.396
43.432	157.134	105.988
49.913	164.625	111.041
57.227	172.351	116.252
64.875	180.667	121.861
71.01	183.737	123.932
74.585	179.103	120.807
76.735	171.575	115.729
76.628	159.866	107.831
82.103	161.209	108.737
96.052	158.307	106.78
102.879	160.725	108.41
109.604	162.668	109.721
115.349	162.853	109.846
121.496	163.366	110.192
127.518	163.277	110.131
133.303	162.882	109.865
139.982	163.072	109.994
145.248	161.533	108.955
150.817	160.306	108.127
158.98	161.856	109.173
169.522	157.981	106.56
164.777	146.652	98.918
166.359	141.654	95.547
169.94	138.524	93.436
175.047	136.665	92.182
169.855	126.652	85.428
169.022	120.407	81.216
173.984	118.638	80.022
-139.207	119.589	86.886
-133.508	119.958	87.154
-129.295	121.397	88.2
-124.754	122.64	89.103
-121.784	125.119	90.905
-118.802	127.691	92.773
-115.71	130.409	94.748
-112.505	132.821	96.5
-109.581	135.621	98.534
-106.48	138.111	100.343
-103.138	141.125	102.534
-100.582	144.746	105.164
-98.366	148.98	108.241
-94.895	151.694	110.212
-91.821	155.196	112.756
-87.81	157.129	114.161
-85.375	162.103	117.774
-81.82	165.13	119.974
-78.381	168.899	122.713
-74.735	172.23	125.132
-71.413	177.154	128.71
-67.392	180.085	130.839
-63.85	185.089	134.475
-59.759	189.281	137.52
-55.084	191.598	139.204
-51.193	197.762	143.682
-46.365	200.556	145.713
-41.491	204.35	148.469
-22.282	133.0	96.63
-22.416	189.963	138.016
-16.563	183.015	132.968
-11.639	183.507	133.325
3.537	209.86	152.472
9.394	214.275	155.68
15.09	213.961	155.451
15.199	147.985	107.517
19.092	145.432	105.663
22.925	143.907	104.555
26.103	139.994	101.712
30.664	142.509	103.539
35.905	148.574	107.946
41.694	154.545	112.283
47.959	161.225	117.137
54.759	168.265	122.252
62.913	178.052	129.362
69.735	182.572	132.646
74.034	179.82	130.647
75.896	171.017	124.251
79.277	167.218	121.491
83.265	164.656	119.63
85.954	159.809	116.108
85.289	149.032	108.278
89.651	148.091	107.594
112.416	150.801	109.563
118.333	151.362	109.971
124.704	151.974	110.416
130.357	151.58	110.129
134.979	149.786	108.826
141.003	149.507	108.623
149.628	151.758	110.259
156.58	151.974	110.415
164.12	152.489	110.79
171.674	152.736	110.969
164.96	140.249	101.897
171.693	139.662	101.47
174.615	136.048	98.845
170.743	127.132	92.367
168.527	119.963	87.158
173.709	118.379	86.008
176.587	114.979	83.537
-142.718	116.65	91.137
-136.966	117.079	91.472
-132.37	118.354	92.469
-128.505	120.147	93.869
-125.861	122.887	96.01
-123.199	126.021	98.459
-119.0	127.526	99.634
-116.542	130.473	101.936
-114.013	133.827	104.557
-110.88	136.739	106.832
-107.946	139.921	109.318
-105.212	143.42	112.052
-102.016	146.152	114.187
-98.842	149.325	116.665
-95.872	152.987	119.526
-92.427	156.191	122.03
-89.853	160.68	125.537
-86.275	163.878	128.036
-82.618	167.414	130.798
-79.049	170.999	133.599
-76.487	177.556	138.722
-71.362	178.69	139.608
-67.662	183.114	143.064
-63.864	187.612	146.579
-58.975	190.145	148.558
-54.174	193.31	151.031
-48.567	193.229	150.967
-42.956	192.893	150.704
-37.565	193.73	151.358
-14.706	182.135	142.299
-9.378	178.174	139.205
-4.07	170.417	133.144
0.698	168.042	131.289
5.468	164.559	128.568
10.101	164.778	128.739
13.891	154.121	120.413
17.648	148.244	115.821
21.289	144.437	112.846
25.085	143.203	111.882
29.365	143.814	112.36
34.737	149.743	116.992
40.326	155.109	121.185
47.08	163.129	127.451
54.276	170.747	133.402
62.661	181.114	141.501
79.352	196.08	153.194
77.033	176.451	137.859
79.653	169.712	132.593
83.717	167.074	130.533
88.594	166.104	129.775
84.883	149.356	116.69
88.263	146.435	114.408
91.246	143.138	111.832
94.66	140.752	109.968
97.948	138.176	107.955
102.247	137.212	107.201
105.523	134.784	105.305
128.646	136.066	106.307
136.175	137.812	107.67
142.816	138.127	107.916
149.328	138.081	107.881
156.075	138.1	107.896
164.118	138.99	108.591
169.504	137.564	107.477
177.397	137.747	107.62
185.617	137.896	107.736
172.404	122.393	95.624
194.481	132.27	103.341
177.341	115.07	89.903
184.334	114.447	89.416
-142.175	113.586	95.31
-136.071	113.691	95.398
-133.015	116.253	97.548
-128.718	117.512	98.604
-126.832	121.125	101.636
-123.236	123.308	103.468
-120.257	125.711	105.484
-117.621	128.829	108.101
-113.95	131.027	109.945
-111.385	134.339	112.723
-108.817	137.879	115.694
-105.375	140.433	117.837
-102.433	143.585	120.482
-99.83	147.79	124.011
-96.244	150.226	126.054
-93.296	154.252	129.433
-89.407	156.581	131.387
-86.107	160.358	134.556
-82.56	163.955	137.575
-79.857	169.511	142.237
-76.659	174.402	146.34
-72.085	176.647	148.224
-67.828	179.907	150.96
-63.302	183.171	153.699
-58.113	184.099	154.477
-52.125	183.423	153.91
-47.055	184.636	154.928
-41.556	184.961	155.201
-36.213	185.271	155.461
-19.781	184.186	154.55
-14.034	178.97	150.174
-8.571	174.381	146.323
-3.346	167.802	140.802
1.449	162.8	136.605
6.259	161.258	135.311
10.703	158.934	133.362
14.594	150.438	126.233
18.551	147.162	123.484
22.359	143.708	120.585
26.103	140.61	117.986
30.584	142.874	119.886
36.108	149.016	125.04
42.137	154.762	129.861
49.736	164.619	138.132
57.372	173.25	145.374
73.136	187.075	156.974
79.23	187.667	157.471
78.45	172.089	144.4
80.557	164.641	138.15
85.599	164.359	137.913
86.698	146.793	123.174
89.451	142.959	119.957
92.939	140.296	117.722
95.874	137.223	115.144
99.301	134.709	113.034
102.581	132.413	111.108
107.196	131.494	110.336
110.115	128.813	108.087
134.761	131.17	110.065
140.815	131.076	109.986
147.885	131.548	110.382
154.348	131.605	110.429
161.19	131.549	110.383
168.434	131.372	110.234
175.969	131.604	110.428
183.73	131.534	110.371
192.463	131.88	110.661
177.26	110.821	92.99
182.66	109.199	91.629
-137.485	110.891	99.847
-134.585	113.484	102.181
-133.51	117.655	105.937
-130.31	120.122	108.158
-127.256	122.621	110.409
-123.506	124.605	112.195
-121.132	127.891	115.153
-117.817	130.418	117.429
-115.313	133.948	120.607
-111.932	136.742	123.123
-109.417	140.572	126.572
-104.879	141.792	127.67
-103.644	147.762	133.046
-100.034	150.333	135.36
-96.857	154.25	138.887
-92.82	156.65	141.049
-89.628	160.554	144.563
-86.523	164.946	148.518
-81.326	165.768	149.258
-75.937	166.094	149.552
-70.086	165.504	149.02
-65.377	166.855	150.237
-59.82	166.272	149.712
-54.781	166.961	150.332
-49.258	166.406	149.833
-44.124	166.272	149.712
-39.033	166.634	150.038
-34.214	167.011	150.377
-29.286	168.146	151.399
-23.6	163.856	147.537
-19.24	167.639	150.943
-14.185	167.843	151.126
-9.14	167.07	150.43
-4.172	167.179	150.529
0.794	166.389	149.817
5.605	162.454	146.274
10.26	158.739	142.929
14.649	153.278	138.012
18.689	149.359	134.484
22.522	145.14	130.685
26.576	143.074	128.824
32.15	148.747	133.933
44.44	160.975	144.943
51.32	167.91	151.187
57.137	169.513	152.631
62.528	169.712	152.809
67.909	169.69	152.79
73.063	169.304	152.442
79.361	170.977	153.948
84.77	170.33	153.366
90.108	169.589	152.698
96.798	170.892	153.872
88.915	147.328	132.654
90.794	142.058	127.91
94.715	139.931	125.994
97.855	136.947	123.308
101.473	134.825	121.397
105.048	132.529	119.33
139.876	169.317	152.454
119.166	136.612	123.006
123.331	134.847	121.417
126.467	131.912	118.774
130.1	129.622	116.712
124.46	118.118	106.354
127.301	115.403	103.909
149.246	119.003	107.151
156.768	119.526	107.622
162.649	118.845	107.009
170.628	119.218	107.344
179.203	119.976	108.027
185.952	119.203	107.331
192.762	118.217	106.443
203.981	119.569	107.661
-136.751	112.047	108.202
-134.441	115.062	111.114
-133.038	119.173	115.084
-128.905	120.776	116.632
-126.02	123.704	119.459
-123.462	126.836	122.484
-119.648	129.038	124.61
-116.78	132.099	127.566
-113.562	134.953	130.322
-110.803	138.401	133.652
-107.755	141.653	136.793
-104.237	144.712	139.747
-100.916	147.711	142.643
-99.71	154.364	149.068
-93.485	153.74	148.465
-88.275	154.373	149.076
-82.438	153.608	148.337
-77.262	154.267	148.974
-72.088	154.42	149.122
-67.373	155.48	150.146
-61.949	155.409	150.076
-57.115	155.881	150.532
-51.614	155.022	149.703
-46.981	155.856	150.508
-41.904	155.98	150.628
-36.881	155.924	150.574
-31.994	155.445	150.112
-27.114	155.689	150.347
-22.386	156.077	150.722
-17.489	156.04	150.686
-12.822	156.4	151.034
-7.913	155.705	150.363
-3.252	155.971	150.62
1.713	155.84	150.493
6.446	155.938	150.587
11.342	156.496	151.126
15.831	153.246	147.988
20.179	149.893	144.75
24.006	144.549	139.589
28.477	144.328	139.376
34.257	150.532	145.367
40.402	156.569	151.197
45.892	158.063	152.64
50.901	158.006	152.585
56.158	158.159	152.732
61.303	158.007	152.586
66.334	157.61	152.202
71.576	157.876	152.459
77.366	158.669	153.225
82.599	158.259	152.829
88.447	158.593	153.152
93.648	157.862	152.446
99.978	158.727	153.281
106.018	158.883	153.432
111.87	158.792	153.343
102.194	136.724	132.033
103.79	132.045	127.515
129.443	156.997	151.61
129.67	149.637	144.502
121.758	133.51	128.93
126.409	132.151	127.617
137.804	137.618	132.896
132.907	126.585	122.242
135.382	123.049	118.827
139.209	121.006	116.855
134.625	111.71	107.877
136.192	108.092	104.383
158.519	110.538	106.745
166.305	111.009	107.2
175.16	111.966	108.124
183.466	112.219	108.369
190.297	111.345	107.525
198.86	111.197	107.382