0	0	0
-200	33	62
-194	34	65
-186	36	67
-185	38	71
-182	40	75
-180	42	79
-178	44	82
-176	46	86
-173	48	90
-175	51	96
-172	53	99
-171	55	103
-168	57	107
-169	60	113
-167	62	117
-165	64	121
-165	68	128
-161	69	130
-159	71	134
-157	74	139
-156	77	144
-155	80	150
-152	82	155
-171	97	182
-164	97	182
-156	97	182
-148	97	182
-141	96	181
-134	96	181
-128	96	181
-121	96	181
-116	97	182
-109	96	181
-103	97	182
-98	97	182
-92	96	181
-87	96	181
-82	97	182
-76	97	182
-71	97	182
-66	97	182
-61	97	182
-56	97	182
-52	97	182
-47	97	183
-42	98	183
-38	97	183
-33	98	183
-28	98	183
-24	97	183
-19	98	184
-15	98	184
-10	98	184
-6	98	184
-1	98	184
3	98	184
8	98	183
12	98	184
17	99	185
21	98	185
26	98	185
31	99	185
35	99	185
40	98	185
45	98	185
49	98	185
54	99	185
59	98	185
64	98	184
69	99	185
26	30	56
29	26	49
30	25	48
31	25	48
33	25	48
35	25	48
36	25	48
38	26	48
40	26	48
42	26	48
44	25	48
46	26	48
48	26	48
51	26	48
53	26	48
25	10	20
24	10	18
24	9	17
25	9	17
25	9	16
26	8	16
27	8	16
27	8	15
-202	34	63
-193	35	65
-186	36	68
-186	38	72
-182	40	76
-180	42	79
-178	44	83
-176	46	87
-173	48	90
-174	51	96
-173	53	100
-170	55	104
-168	58	108
-169	61	114
-168	63	119
-164	65	122
-160	66	125
-160	70	131
-158	72	135
-157	75	141
-155	78	146
-155	81	152
-151	83	156
-169	97	182
-161	97	182
-153	96	181
-146	96	181
-139	97	181
-132	96	181
-126	97	182
-120	97	182
-114	97	182
-108	97	182
-102	97	182
-96	97	181
-91	97	182
-85	96	181
-80	97	182
-75	96	181
-70	96	181
-65	97	182
-60	96	181
-55	97	181
-50	97	183
-46	97	183
-41	97	182
-36	97	183
-32	97	183
-27	98	184
-22	97	183
-18	98	184
-13	97	183
-9	98	184
-4	98	184
0	98	184
5	98	184
9	98	185
14	98	184
18	98	185
23	98	185
27	98	185
32	99	185
37	98	185
41	98	185
46	98	184
51	98	184
56	98	185
61	98	185
66	98	185
71	99	185
26	31	59
26	29	55
29	26	48
30	26	48
32	25	48
34	25	48
35	25	48
37	26	48
39	26	48
41	26	48
43	26	48
45	25	48
47	26	48
49	26	48
51	26	48
54	26	48
24	10	19
24	9	17
24	9	17
25	9	17
25	9	16
27	9	16
27	8	15
-195	39	62
-186	41	64
-184	43	68
-182	45	72
-180	48	75
-178	50	79
-175	52	82
-172	54	86
-175	58	92
-172	60	95
-171	63	99
-169	65	103
-169	69	108
-167	71	113
-165	74	117
-161	79	125
-159	82	129
-158	85	134
-157	88	140
-155	92	145
-153	94	149
-171	111	175
-165	112	177
-157	112	176
-149	111	175
-142	111	176
-136	111	176
-129	111	176
-122	111	176
-116	112	176
-111	112	177
-105	112	177
-98	111	176
-93	112	176
-88	111	176
-82	111	176
-77	112	176
-72	111	176
-67	111	176
-62	112	176
-57	112	177
-52	111	176
-47	112	177
-43	112	177
-38	112	178
-33	112	177
-29	112	177
-24	112	178
-19	113	178
-15	113	178
-10	113	178
-6	113	178
-1	113	179
3	113	179
8	113	178
12	113	178
17	113	179
21	113	179
26	114	180
31	113	179
35	113	179
40	113	178
45	113	178
50	113	178
54	113	179
59	113	178
65	114	179
70	113	179
74	113	178
26	34	54
29	30	47
30	29	46
32	29	46
33	29	46
35	29	46
37	29	46
39	30	47
41	30	47
43	29	47
44	29	46
47	30	47
49	30	47
51	30	47
53	30	47
25	12	19
24	11	17
24	10	16
25	10	16
25	10	16
26	10	15
26	10	15
27	9	15
-200	39	62
-189	40	63
-185	42	67
-184	45	70
-181	47	74
-178	49	77
-176	51	81
-174	54	85
-172	56	88
-173	59	94
-172	62	98
-169	64	102
-168	67	106
-167	70	111
-166	73	115
-162	75	118
-163	79	124
-160	81	128
-158	84	132
-156	87	137
-155	90	142
-154	93	148
-152	97	153
-167	111	176
-160	112	176
-152	111	176
-145	111	175
-138	111	176
-132	112	176
-125	112	176
-119	112	176
-112	111	176
-106	111	176
-101	112	177
-95	112	176
-89	111	176
-84	112	176
-79	111	176
-74	112	177
-68	111	176
-63	111	176
-58	112	176
-54	112	176
-49	112	177
-44	112	177
-39	112	177
-35	112	177
-30	112	177
-25	112	177
-21	113	178
-16	113	178
-12	112	178
-7	113	178
-3	112	177
2	113	179
6	113	178
11	113	178
16	113	179
20	113	178
25	113	179
29	113	179
34	113	179
39	113	179
43	113	178
48	113	179
53	113	179
58	113	179
63	113	179
68	113	179
73	113	179
26	35	56
26	31	49
30	29	46
31	29	46
33	29	46
34	29	46
36	29	46
38	30	47
40	29	47
42	30	47
44	29	47
46	29	47
48	30	47
51	30	47
53	30	47
55	30	47
24	11	18
24	10	16
24	10	16
25	10	16
26	10	15
27	10	16
27	9	15
-195	44	60
-186	46	61
-184	48	65
-182	51	69
-180	54	72
-177	56	75
-175	58	79
-174	61	83
-175	65	88
-172	67	91
-171	70	95
-168	73	98
-169	77	104
-167	80	108
-165	83	111
-161	89	120
-159	92	124
-157	95	128
-156	99	133
-155	103	138
-152	106	143
-171	124	167
-165	125	169
-157	125	169
-148	124	168
-142	125	168
-135	125	168
-129	125	169
-122	125	169
-116	125	169
-110	125	169
-104	125	169
-98	124	167
-93	125	169
-87	125	169
-82	125	169
-76	125	169
-71	125	168
-66	125	168
-61	125	169
-56	125	169
-52	125	169
-47	125	169
-42	126	169
-37	126	170
-33	126	169
-28	126	169
-23	126	170
-19	126	170
-14	126	170
-9	126	169
-5	126	170
0	127	170
4	127	171
9	126	170
13	127	171
18	127	171
22	127	171
27	127	171
31	127	171
36	127	171
40	127	170
45	127	170
50	127	172
55	127	171
60	127	171
65	127	171
70	127	171
76	128	172
26	38	51
29	33	45
30	33	45
32	33	44
33	33	44
35	33	44
37	33	44
39	33	45
41	33	45
43	33	45
44	33	44
47	33	45
49	33	45
51	33	45
53	33	45
25	13	18
24	12	16
24	11	15
25	11	15
25	11	15
26	11	15
26	11	14
27	10	14
-197	44	59
-187	45	60
-185	48	64
-183	51	68
-180	53	71
-178	55	75
-176	58	78
-174	61	82
-171	63	85
-172	67	90
-172	70	95
-169	73	98
-169	77	103
-168	80	107
-166	83	112
-161	89	120
-159	91	123
-157	95	128
-156	98	133
-155	102	138
-153	106	142
-171	124	166
-165	125	169
-157	125	168
-150	125	169
-143	125	168
-136	125	168
-129	125	168
-123	125	169
-117	125	169
-111	126	170
-105	125	169
-99	125	168
-93	125	168
-88	125	169
-82	125	168
-77	125	168
-71	124	168
-66	125	168
-62	125	169
-56	125	168
-52	125	169
-47	125	169
-42	126	169
-38	126	170
-33	126	169
-28	126	169
-24	126	170
-19	126	170
-14	126	170
-10	126	170
-5	126	170
-1	127	171
4	127	171
8	126	170
13	127	171
17	127	171
22	127	171
27	127	171
31	127	171
36	127	171
41	127	171
46	127	171
51	127	172
55	127	171
60	127	171
65	127	171
70	127	171
77	129	174
26	38	51
29	33	45
30	33	44
32	33	44
34	33	44
35	33	44
37	33	44
39	33	45
41	33	45
43	33	45
45	33	44
47	33	45
49	33	45
52	33	45
54	33	45
24	13	17
24	12	16
24	12	16
25	12	16
25	11	15
26	11	15
27	10	14
-199	48	56
-189	49	57
-184	51	59
-186	55	64
-181	58	67
-178	60	69
-175	63	73
-173	66	76
-172	69	79
-173	73	85
-172	76	88
-169	79	91
-167	82	95
-168	86	100
-165	90	104
-163	93	107
-163	97	112
-159	99	115
-158	103	120
-157	107	124
-154	110	128
-154	115	134
-151	118	137
-169	138	160
-161	138	160
-148	133	154
-146	138	160
-138	138	159
-132	138	160
-126	138	160
-120	138	160
-114	139	161
-108	139	161
-102	139	161
-96	138	160
-90	138	160
-85	138	160
-79	138	160
-74	138	160
-69	138	160
-64	138	160
-59	138	160
-54	138	160
-49	138	160
-45	138	160
-40	139	161
-35	139	161
-31	139	161
-26	139	161
-21	139	161
-17	139	161
-12	139	161
-8	139	162
-3	139	161
1	139	161
6	140	162
11	140	162
15	140	162
20	140	163
24	140	162
29	140	162
33	140	162
38	140	162
43	139	162
48	140	162
53	140	162
58	140	163
63	141	163
68	140	163
73	141	163
26	44	51
27	39	45
29	36	42
31	36	42
33	36	42
34	36	42
36	36	42
38	36	42
40	37	42
42	36	42
43	36	42
46	37	42
48	37	42
50	37	43
53	37	43
55	37	43
24	14	16
24	13	15
24	12	14
25	12	14
25	12	14
27	12	14
27	11	13
-199	47	55
-189	49	56
-186	51	59
-186	55	63
-181	57	66
-179	60	69
-175	62	72
-174	65	76
-172	68	79
-175	73	85
-171	75	87
-169	78	91
-168	82	94
-168	86	99
-166	89	103
-162	91	106
-163	96	111
-160	99	114
-159	103	120
-157	106	123
-155	110	127
-154	114	132
-151	118	136
-170	138	160
-163	139	161
-155	138	160
-145	136	158
-141	138	160
-134	138	160
-127	138	160
-121	139	161
-115	139	161
-109	139	161
-102	138	160
-97	138	160
-91	138	160
-86	139	161
-80	137	159
-75	138	160
-70	139	161
-65	138	160
-60	138	160
-55	138	160
-50	138	160
-45	138	160
-41	139	161
-36	139	161
-31	139	161
-27	138	160
-22	139	161
-18	139	161
-13	139	161
-9	140	162
-4	139	161
1	139	161
5	139	162
10	140	162
14	140	162
19	140	163
24	140	162
28	140	162
33	140	162
38	140	162
42	140	162
47	140	162
52	140	162
57	140	162
62	140	163
67	140	163
72	141	163
26	44	51
26	41	48
29	36	42
31	36	42
32	36	42
34	36	42
36	36	42
38	37	42
40	37	42
41	36	42
43	36	42
45	37	42
48	37	42
50	37	42
52	37	43
54	37	42
24	14	16
24	13	15
24	12	14
25	13	15
25	12	14
26	12	14
26	12	13
-199	51	51
-189	52	52
-186	55	55
-186	59	59
-182	61	61
-179	64	64
-176	67	67
-174	70	70
-172	73	73
-170	76	76
-171	81	81
-170	84	84
-168	87	87
-168	92	92
-167	96	96
-163	98	98
-162	102	102
-160	105	105
-158	109	109
-157	113	113
-155	117	117
-155	122	122
-153	126	126
-150	129	129
-167	151	151
-160	151	151
-139	138	138
-143	148	148
-138	150	150
-131	150	150
-125	151	151
-119	150	150
-113	151	151
-107	151	151
-102	151	151
-96	150	150
-90	151	151
-85	151	151
-80	151	151
-75	151	151
-69	151	151
-65	151	151
-60	151	151
-55	150	150
-50	151	151
-45	151	151
-41	151	151
-36	151	151
-31	151	151
-27	152	152
-22	151	151
-18	152	152
-13	151	151
-9	152	152
-4	152	152
0	152	152
5	152	152
9	152	152
14	153	153
18	153	153
22	152	152
27	153	153
32	152	152
36	152	152
41	151	151
46	153	153
51	153	153
55	153	153
60	152	152
65	153	153
70	153	153
75	153	153
26	46	46
26	40	40
28	39	39
30	39	39
32	40	40
33	39	39
34	39	39
36	39	39
38	40	40
40	40	40
42	40	40
44	39	39
46	40	40
48	40	40
50	40	40
52	40	40
55	40	40
24	15	15
24	14	14
24	13	13
25	14	14
25	13	13
26	13	13
26	12	12
-198	52	52
-187	53	53
-185	56	56
-183	59	59
-180	62	62
-179	65	65
-176	68	68
-173	71	71
-171	74	74
-174	79	79
-171	82	82
-169	85	85
-167	88	88
-167	93	93
-166	97	97
-162	99	99
-163	104	104
-161	112	112
-156	114	114
-155	118	118
-153	122	122
-152	127	127
-163	142	142
-165	151	151
-149	143	143
-138	139	139
-142	150	150
-135	150	150
-129	150	150
-123	150	150
-117	150	150
-111	151	151
-105	150	150
-100	151	151
-93	150	150
-88	151	151
-83	151	151
-77	150	150
-73	150	150
-68	151	151
-62	150	150
-58	151	151
-53	150	150
-48	150	150
-44	150	150
-39	151	151
-34	151	151
-30	151	151
-25	152	152
-21	152	152
-16	151	151
-12	151	151
-7	152	152
-3	152	152
2	152	152
6	152	152
11	152	152
15	153	153
20	153	153
24	152	152
29	153	153
33	152	152
38	152	152
43	153	153
47	153	153
52	152	152
57	152	152
62	153	153
67	153	153
72	153	153
77	152	152
26	45	45
29	40	40
31	39	39
32	39	39
34	39	39
35	39	39
37	40	40
39	40	40
41	40	40
43	40	40
45	40	40
47	40	40
49	40	40
51	40	40
53	40	40
25	16	16
24	15	15
24	14	14
24	13	13
25	13	13
26	13	13
27	13	13
27	12	12
-199	53	46
-190	55	47
-185	57	50
-185	62	53
-182	64	56
-181	68	59
-177	71	61
-174	74	64
-171	77	66
-169	80	69
-170	85	73
-169	89	77
-168	93	80
-166	96	83
-166	101	87
-162	104	90
-161	108	93
-159	112	96
-159	117	101
-159	122	105
-156	126	109
-154	130	112
-152	134	116
-149	138	119
-147	142	123
-141	144	124
-143	152	131
-140	164	141
-133	164	142
-127	164	142
-120	164	142
-114	164	142
-108	164	142
-102	165	142
-96	164	142
-91	164	142
-85	165	142
-79	164	141
-75	165	142
-69	164	142
-64	164	142
-59	165	142
-54	165	143
-49	165	142
-44	165	142
-39	164	142
-35	165	143
-30	164	142
-25	165	142
-21	165	142
-16	165	142
-11	165	142
-6	165	142
-2	165	142
3	165	143
7	166	143
12	165	143
17	166	143
21	166	144
26	166	143
31	166	143
35	166	143
40	166	143
45	166	144
50	166	144
55	166	143
60	167	145
65	167	144
71	167	144
76	167	144
27	51	44
27	47	41
30	43	37
32	43	37
34	43	37
35	43	37
37	43	38
39	43	37
41	43	37
43	43	37
45	43	37
47	43	37
49	44	38
52	43	38
54	44	38
25	17	15
24	16	14
24	15	13
24	14	12
25	14	12
25	14	12
26	13	12
27	13	11
27	13	11
-203	53	46
-194	55	47
-185	56	48
-184	60	52
-182	63	54
-180	66	57
-180	71	61
-175	73	63
-172	76	65
-170	79	68
-168	82	71
-170	88	76
-170	92	79
-167	95	82
-166	99	86
-164	103	89
-161	106	92
-160	111	95
-157	114	98
-160	121	104
-159	126	108
-155	128	111
-151	131	113
-151	137	118
-147	140	121
-145	144	125
-138	144	125
-137	150	130
-136	164	141
-129	163	141
-123	164	142
-116	164	141
-110	164	141
-105	165	142
-99	164	142
-93	165	142
-87	164	141
-82	164	142
-77	165	142
-71	164	142
-66	164	142
-61	164	142
-56	165	142
-51	165	142
-46	164	141
-41	164	142
-37	165	142
-32	165	143
-27	165	142
-22	164	142
-17	165	142
-13	165	142
-8	165	142
-3	165	142
1	165	142
6	165	143
11	165	143
15	166	143
20	167	144
24	166	143
29	166	143
34	166	143
39	166	143
44	167	144
49	166	144
53	166	144
58	166	143
64	167	144
69	167	144
74	167	144
80	167	144
26	48	42
30	43	37
32	43	37
33	43	37
35	43	37
37	43	37
39	43	38
41	43	37
42	43	38
44	43	37
47	43	37
49	44	38
51	44	38
53	43	37
56	44	38
24	16	14
24	15	13
24	14	12
24	14	12
25	14	12
26	13	12
26	13	11
27	13	11
-197	53	39
-188	54	40
-184	57	43
-186	62	46
-181	65	48
-180	68	51
-178	72	54
-177	76	56
-174	79	59
-171	82	61
-169	86	64
-165	88	66
-162	91	68
-159	94	70
-164	102	75
-162	106	79
-161	110	81
-158	114	84
-159	119	89
-157	123	92
-155	127	95
-153	131	98
-152	137	101
-150	141	105
-146	144	107
-144	150	111
-142	154	114
-139	159	118
-155	185	137
-148	186	138
-142	187	138
-136	188	140
-129	187	139
-121	187	138
-115	186	138
-109	186	138
-102	186	138
-96	186	138
-90	187	139
-85	186	138
-79	187	139
-74	188	140
-68	188	139
-63	188	140
-58	188	140
-52	189	140
-47	188	140
-42	189	140
-36	187	139
-31	187	139
-26	188	139
-21	188	140
-16	188	139
-11	188	139
-6	187	139
-1	189	140
4	187	139
9	188	140
14	188	139
19	188	139
24	189	140
29	190	141
35	190	141
40	189	141
45	190	141
50	189	141
56	191	141
61	190	141
66	189	141
72	190	141
77	189	140
83	190	141
89	190	141
27	48	35
32	50	37
33	49	36
35	49	36
37	49	36
39	49	37
41	49	37
43	49	36
45	49	37
47	49	37
49	49	36
51	50	37
54	50	37
56	49	37
58	48	36
26	19	14
24	17	12
24	16	12
24	15	11
24	14	10
25	14	10
25	14	10
26	13	10
27	13	9
28	13	10
-198	54	40
-186	55	41
-184	59	44
-182	62	46
-180	66	49
-180	70	52
-177	73	54
-175	77	57
-173	80	60
-171	84	62
-167	86	64
-164	89	66
-161	92	68
-165	99	74
-164	104	77
-163	108	80
-159	111	82
-159	116	86
-157	120	89
-156	125	93
-155	130	97
-154	135	100
-152	140	104
-148	142	106
-146	147	109
-143	151	112
-141	156	116
-151	175	130
-152	185	137
-146	186	138
-139	186	138
-132	187	139
-125	187	139
-118	186	138
-112	186	138
-105	185	137
-99	186	138
-94	187	138
-88	187	139
-82	187	139
-76	187	139
-71	187	139
-66	188	140
-61	189	140
-55	188	140
-50	189	140
-45	188	140
-39	188	140
-34	187	139
-29	188	140
-24	188	140
-19	188	139
-14	187	139
-9	188	140
-4	188	139
1	188	139
6	188	140
11	188	139
16	188	139
21	189	140
26	189	140
31	189	140
36	189	140
42	189	141
47	190	141
52	190	141
58	190	141
63	190	141
69	190	141
74	190	141
79	189	140
85	189	141
27	50	37
32	49	36
34	49	37
36	49	36
37	49	36
39	49	36
41	49	36
44	49	37
46	50	37
47	49	36
50	49	37
52	50	37
55	50	37
57	50	37
26	20	15
25	18	13
24	16	12
24	15	11
24	14	11
24	14	10
25	14	10
26	14	10
27	13	10
27	13	9
-198	51	32
-191	53	34
-185	56	35
-184	60	38
-181	63	40
-181	68	43
-179	71	45
-175	74	47
-174	78	50
-171	82	52
-169	85	54
-166	88	56
-163	92	58
-159	94	60
-156	97	61
-154	101	64
-158	108	68
-158	114	72
-156	118	74
-154	122	77
-153	126	80
-151	130	83
-151	137	86
-148	140	89
-148	147	93
-143	149	94
-141	154	98
-184	209	132
-178	212	134
-171	214	135
-161	212	134
-154	213	135
-147	215	136
-140	215	136
-131	213	135
-125	214	135
-118	214	135
-111	213	135
-105	214	136
-98	215	136
-92	215	136
-86	215	136
-79	215	136
-73	215	136
-67	215	136
-61	214	136
-56	215	136
-50	216	137
-44	215	136
-38	215	136
-32	214	135
-27	217	137
-21	215	136
-16	215	136
-10	215	136
-5	217	137
1	215	136
6	215	136
12	215	136
17	216	137
22	215	136
28	216	137
34	216	137
39	215	136
45	216	137
51	217	138
57	218	138
63	218	138
69	217	138
75	218	138
81	217	137
87	218	138
93	218	138
99	216	137
37	57	36
39	57	36
41	56	36
43	56	36
45	56	36
47	57	36
50	56	36
52	57	36
55	57	36
57	56	36
60	56	36
27	21	13
26	19	12
25	18	11
24	16	10
24	15	9
24	14	9
24	13	9
25	14	9
26	13	8
27	13	8
27	13	8
-198	51	32
-190	53	34
-185	56	36
-186	61	38
-181	64	40
-180	68	43
-178	71	45
-176	75	47
-174	79	50
-171	82	52
-168	85	54
-166	89	56
-164	92	58
-159	94	60
-156	98	62
-159	105	66
-157	108	68
-158	114	72
-156	118	75
-154	122	77
-152	126	80
-153	133	84
-151	137	87
-150	143	90
-148	148	94
-143	150	95
-142	156	99
-183	209	132
-176	212	134
-168	212	134
-161	213	135
-153	214	135
-146	214	135
-139	215	136
-130	213	135
-123	213	135
-116	213	135
-110	214	136
-103	214	136
-97	214	136
-91	216	137
-85	215	136
-79	216	137
-73	216	137
-66	215	136
-60	215	136
-55	216	137
-49	215	136
-43	215	136
-37	215	136
-32	215	136
-26	216	137
-20	215	136
-15	217	137
-9	215	136
-4	215	136
2	216	136
8	215	136
13	215	136
19	215	136
24	215	136
30	216	136
35	216	137
41	216	137
47	217	137
53	217	137
58	216	137
64	217	137
70	217	137
77	218	138
83	217	137
89	217	137
96	218	138
101	216	137
38	56	36
40	56	36
41	56	36
44	56	36
46	57	36
49	57	36
51	57	36
53	57	36
55	56	36
58	56	36
60	56	36
28	23	14
26	21	13
26	19	12
25	17	11
24	15	10
24	14	9
24	14	9
24	14	9
25	13	8
26	13	8
-207	46	25
-194	48	26
-189	51	27
-185	55	29
-185	59	31
-180	62	33
-181	67	36
-178	70	37
-174	73	39
-172	77	41
-170	81	43
-168	84	45
-164	87	46
-162	91	48
-158	94	50
-155	96	51
-157	103	55
-154	105	56
-155	111	59
-153	116	62
-152	120	64
-150	124	66
-148	129	68
-147	134	71
-145	138	74
-143	143	76
-142	149	79
-182	198	106
-181	206	110
-177	212	113
-176	220	117
-170	224	119
-167	231	123
-164	238	127
-160	244	130
-158	255	136
-152	259	138
-145	260	139
-136	260	138
-128	260	138
-121	261	139
-113	260	138
-105	260	138
-98	259	138
-91	261	139
-83	258	137
-77	260	138
-70	260	138
-63	260	138
-57	260	138
-50	262	139
-43	261	139
-37	263	140
-31	263	140
-24	264	140
-17	262	139
-11	263	140
-4	262	139
2	262	140
9	262	139
15	262	139
22	263	140
28	262	139
34	263	140
41	262	140
48	263	140
54	262	140
61	261	139
67	260	139
74	262	139
82	262	140
89	262	140
96	262	139
104	264	140
34	75	40
36	75	40
37	74	39
52	68	36
54	66	35
58	65	35
60	64	34
63	62	33
29	25	13
28	23	12
27	21	11
26	19	10
25	17	9
24	16	8
24	15	8
24	14	8
24	13	7
25	13	7
26	12	7
26	12	7
27	12	6
-200	47	25
-194	50	27
-186	53	28
-184	57	30
-182	60	32
-180	64	34
-178	68	36
-176	72	38
-174	76	40
-171	79	42
-168	82	44
-166	86	46
-163	89	47
-161	93	49
-156	95	51
-157	100	53
-154	104	55
-155	109	58
-154	114	61
-152	118	63
-150	122	65
-149	127	67
-146	131	69
-147	137	73
-144	141	75
-143	147	78
-142	153	81
-182	204	109
-178	210	112
-176	217	115
-175	227	121
-168	229	122
-165	236	126
-162	245	130
-157	250	133
-154	258	138
-147	260	138
-138	260	138
-130	259	138
-123	260	138
-116	261	139
-108	261	139
-100	259	138
-93	260	138
-86	261	139
-79	260	138
-71	258	138
-65	261	139
-58	261	139
-51	261	139
-45	262	139
-38	262	139
-32	264	140
-25	262	139
-18	262	139
-12	262	140
-5	262	139
1	263	140
8	262	140
14	262	140
21	262	140
27	262	139
33	263	140
40	261	139
47	263	140
53	262	139
60	261	139
66	261	139
74	262	139
81	262	139
88	262	139
95	261	139
103	264	141
34	76	41
36	75	40
37	74	39
37	69	37
38	67	36
54	66	35
58	65	35
60	64	34
63	62	33
29	25	13
28	23	12
27	21	11
26	19	10
25	17	9
24	16	8
24	15	8
25	14	7
24	13	7
25	13	7
25	13	7
26	12	7
27	12	6
28	12	6
-202	43	19
-193	46	20
-189	49	22
-185	53	23
-186	58	25
-180	60	26
-179	65	28
-177	69	30
-175	72	32
-172	76	33
-169	79	35
-166	82	36
-164	86	38
-162	90	39
-157	92	40
-154	95	42
-155	101	44
-154	105	46
-154	110	48
-152	114	50
-151	119	52
-151	124	54
-146	127	55
-148	134	58
-146	138	60
-142	141	62
-140	146	64
-184	200	87
-181	205	90
-174	218	95
-169	222	97
-168	231	101
-163	236	103
-161	245	107
-157	252	110
-153	259	113
-150	268	117
-146	275	120
-138	293	128
-134	303	132
-116	301	132
-107	297	130
-86	282	123
-79	280	123
-71	278	122
-63	275	120
-55	269	118
-47	265	116
-41	270	118
-36	282	123
-31	291	127
-25	304	133
-19	322	141
-11	325	142
-3	326	143
5	325	142
13	326	143
21	326	143
26	297	130
33	296	130
44	325	142
51	326	143
59	323	141
67	323	141
75	323	141
83	322	141
92	325	142
100	322	141
107	319	140
89	245	107
95	243	106
35	75	33
37	74	32
39	73	32
39	69	30
43	71	31
44	70	31
48	69	30
49	67	29
53	66	29
55	65	28
58	63	27
33	33	14
31	29	13
29	24	10
27	21	9
26	19	8
25	18	8
25	17	7
24	15	6
24	14	6
24	14	6
24	13	6
25	12	5
26	12	5
26	12	5
27	11	5
28	11	5
-203	43	19
-194	45	20
-189	49	21
-186	53	23
-186	57	25
-180	60	26
-180	64	28
-178	68	30
-175	72	31
-172	75	33
-169	79	34
-167	83	36
-165	86	38
-162	90	39
-157	91	40
-154	95	41
-156	101	44
-153	104	45
-155	110	48
-152	114	50
-151	119	52
-150	123	54
-147	127	55
-148	133	58
-146	138	60
-142	141	62
-140	145	63
-185	199	87
-181	205	90
-177	220	96
-169	221	97
-168	230	101
-164	236	103
-162	245	107
-157	251	110
-154	259	113
-150	266	116
-145	273	119
-141	282	123
-138	291	127
-136	305	133
-116	300	131
-108	298	131
-99	295	129
-87	284	124
-79	281	123
-71	277	121
-63	274	120
-55	269	118
-47	265	116
-42	270	118
-36	279	122
-31	291	127
-25	306	134
-19	322	141
-11	326	143
-3	326	143
5	327	143
13	327	143
20	327	143
26	296	130
33	299	131
44	325	142
52	325	142
60	324	142
68	324	142
76	323	141
84	322	141
92	323	141
100	322	141
108	319	139
90	245	107
97	246	108
34	77	34
36	75	33
37	74	32
39	73	32
43	71	31
44	70	31
48	68	30
49	67	29
53	65	29
55	64	28
58	62	27
33	32	14
31	29	12
28	23	10
27	21	9
27	20	9
26	18	8
25	16	7
24	15	6
24	14	6
24	13	6
24	13	6
25	13	5
26	12	5
26	12	5
27	11	5
-206	39	14
-196	42	15
-190	45	16
-187	49	17
-184	53	18
-182	57	20
-180	61	21
-178	65	23
-177	69	24
-174	73	25
-171	77	27
-168	80	28
-165	83	29
-162	86	30
-160	90	31
-154	92	32
-155	97	34
-151	99	35
-155	107	37
-153	111	39
-152	115	40
-151	120	42
-147	123	43
-144	126	44
-146	134	47
-144	139	48
-141	142	49
-139	147	51
-136	150	52
-134	155	54
-131	159	55
-129	164	57
-165	219	76
-166	231	80
-163	238	83
-158	243	84
-156	253	88
-152	259	90
-148	266	92
-145	276	96
-140	283	98
-137	292	102
-102	235	81
-145	405	140
-135	405	141
-125	408	142
-114	407	141
-104	408	142
-60	263	91
-53	260	90
-46	260	90
-41	266	93
-36	277	96
-31	290	101
-25	301	105
-19	314	109
-11	309	107
-4	302	105
4	296	103
11	313	109
17	295	103
24	292	101
30	287	100
39	298	104
43	279	97
48	269	94
54	266	92
102	268	93
108	265	92
34	74	26
36	72	25
37	71	25
39	71	25
42	68	24
44	67	23
47	65	23
49	64	22
52	63	22
54	62	22
58	61	21
33	31	11
31	28	10
30	25	9
29	23	8
27	21	7
27	19	7
26	17	6
25	16	5
24	14	5
24	13	5
24	13	4
24	12	4
25	12	4
26	12	4
26	11	4
27	11	4
28	10	4
-205	39	14
-196	42	15
-191	46	16
-186	49	17
-183	53	19
-181	57	20
-180	61	21
-178	66	23
-176	69	24
-173	73	25
-171	77	27
-168	80	28
-165	83	29
-162	87	30
-158	89	31
-154	92	32
-155	97	34
-151	100	35
-155	108	37
-154	112	39
-151	116	40
-151	121	42
-147	123	43
-143	126	44
-146	135	47
-144	139	48
-141	143	50
-138	147	51
-135	150	52
-133	155	54
-131	161	56
-128	165	57
-166	222	77
-164	230	80
-163	240	83
-157	244	85
-155	254	88
-151	260	90
-146	267	93
-143	277	96
-139	285	99
-136	294	102
-101	235	82
-124	307	106
-155	409	142
-145	410	142
-133	406	141
-122	406	141
-113	408	142
-103	412	143
-59	264	92
-51	260	90
-45	260	90
-40	268	93
-35	279	97
-30	291	101
-24	304	105
-17	314	109
-9	304	106
-2	300	104
5	299	104
12	301	104
19	295	102
25	288	100
32	290	101
41	305	106
44	275	95
49	269	94
55	266	92
104	269	93
111	267	93
35	74	26
36	72	25
37	71	25
41	70	24
42	68	24
44	68	24
47	65	23
49	64	22
51	63	22
52	63	22
54	61	21
57	62	21
33	31	11
30	27	9
30	25	9
28	22	8
28	20	7
27	19	7
26	17	6
25	15	5
24	14	5
24	13	5
24	13	4
25	12	4
25	12	4
26	11	4
27	11	4
27	11	4
28	11	4
-212	34	9
-200	37	10
-193	41	11
-191	45	12
-186	48	13
-184	52	14
-182	56	15
-180	60	16
-178	64	17
-176	68	18
-173	72	19
-171	76	20
-168	79	21
-164	82	21
-163	86	22
-156	87	23
-154	91	24
-152	95	25
-151	99	26
-155	106	28
-153	110	29
-152	115	30
-150	119	31
-148	123	32
-142	124	32
-145	133	34
-142	136	35
-140	141	37
-138	145	38
-136	150	39
-133	153	40
-130	158	41
-128	163	42
-127	169	44
-161	224	58
-155	226	59
-157	241	63
-153	248	64
-170	290	75
-162	291	76
-155	294	76
-134	287	75
-101	231	60
-123	300	78
-170	439	114
-164	454	118
-151	488	127
-144	506	132
-132	509	132
-60	262	68
-53	258	67
-46	255	66
-41	261	68
-36	271	70
-31	282	73
-26	294	76
-20	307	80
-13	319	83
-6	326	85
2	334	87
10	339	88
17	313	81
25	329	85
32	323	84
40	327	85
46	317	82
55	327	85
63	328	85
67	307	80
74	306	80
81	302	78
88	302	79
93	294	76
101	293	76
107	289	75
112	283	73
118	279	72
35	74	19
37	73	19
38	71	18
39	65	17
42	67	17
43	65	17
45	64	17
47	63	16
49	63	16
50	62	16
52	61	16
54	61	16
56	60	16
33	31	8
31	27	7
30	25	6
28	22	6
27	20	5
26	18	5
26	17	4
25	15	4
24	14	4
24	13	3
24	12	3
24	11	3
25	11	3
26	11	3
26	11	3
27	10	3
28	10	3
29	10	3
-211	34	9
-200	37	10
-193	40	10
-191	45	12
-186	48	13
-184	52	14
-182	56	15
-180	60	16
-178	64	17
-176	68	18
-173	72	19
-171	76	20
-168	79	20
-164	82	21
-163	86	22
-156	87	23
-154	91	24
-152	95	25
-151	99	26
-155	106	28
-152	110	29
-152	116	30
-150	119	31
-148	123	32
-142	124	32
-145	133	34
-142	136	35
-140	141	37
-138	145	38
-136	150	39
-133	153	40
-130	158	41
-128	163	42
-127	169	44
-161	224	58
-156	228	59
-157	241	63
-153	248	65
-169	288	75
-162	291	76
-153	291	76
-134	287	75
-101	231	60
-123	298	78
-169	437	113
-164	454	118
-151	488	127
-144	506	132
-132	511	133
-60	263	68
-53	257	67
-46	255	66
-41	261	68
-36	271	70
-31	282	73
-25	294	76
-19	307	80
-13	320	83
-5	327	85
2	334	87
10	339	88
17	315	82
26	329	85
33	326	85
40	323	84
46	308	80
57	333	87
64	328	85
69	311	81
75	306	79
82	302	78
88	300	78
94	293	76
101	291	76
107	288	75
113	283	73
119	279	72
35	74	19
37	72	19
38	71	18
38	66	17
41	68	18
42	67	17
44	65	17
45	64	17
47	63	16
49	63	16
51	62	16
52	61	16
55	62	16
57	61	16
32	29	8
31	27	7
29	24	6
29	22	6
27	20	5
26	18	5
25	17	4
25	15	4
24	14	4
24	13	3
24	12	3
24	12	3
25	11	3
26	11	3
26	11	3
27	11	3
28	10	3
29	10	3
-204	32	5
-195	35	6
-193	39	7
-191	43	8
-188	48	8
-185	51	9
-182	55	10
-179	59	10
-177	63	11
-175	67	12
-173	71	12
-171	74	13
-167	78	13
-164	81	14
-161	84	15
-87	52	9
-86	54	9
-153	109	19
-152	114	20
-150	118	20
-148	122	21
-142	123	21
-138	125	22
-142	134	23
-139	138	24
-139	144	25
-135	147	26
-133	152	26
-130	156	27
-128	161	28
-162	212	37
-159	218	38
-153	221	38
-155	235	41
-153	244	42
-169	283	49
-161	284	49
-155	289	50
-147	291	51
-136	284	49
-102	227	39
-123	312	54
-166	448	78
-159	461	80
-153	480	83
-145	493	86
-137	511	89
-129	528	92
-55	257	45
-48	254	44
-42	255	44
-38	263	46
-33	276	48
-27	284	49
-22	297	52
-16	310	54
-9	325	56
-2	345	60
7	353	61
14	346	60
22	343	60
30	339	59
37	337	59
45	336	58
52	330	57
59	324	56
66	321	56
74	320	56
80	315	55
87	311	54
94	307	53
101	304	53
107	301	52
114	299	52
120	294	51
127	290	50
36	73	13
37	71	12
38	69	12
38	65	11
41	66	12
42	65	11
44	64	11
47	66	11
47	62	11
49	62	11
52	60	10
55	60	10
57	60	10
30	26	4
30	24	4
28	22	4
27	20	3
27	18	3
26	16	3
25	15	3
24	14	2
24	13	2
24	12	2
24	11	2
25	11	2
26	11	2
26	10	2
27	10	2
28	10	2
29	9	2
30	9	2
-203	32	6
-196	36	6
-193	40	7
-191	44	8
-186	48	8
-185	52	9
-182	56	10
-180	60	10
-178	64	11
-175	68	12
-172	71	12
-169	74	13
-167	78	14
-165	82	14
-87	53	9
-87	55	10
-152	110	19
-152	115	20
-149	119	21
-147	123	21
-141	123	21
-138	126	22
-141	135	23
-143	143	25
-137	144	25
-135	148	26
-133	153	27
-130	157	27
-128	162	28
-164	216	38
-158	220	38
-151	221	38
-155	237	41
-153	247	43
-166	282	49
-160	287	50
-152	289	50
-136	273	47
-134	285	50
-99	226	39
-123	298	52
-169	434	75
-164	452	78
-157	466	81
-150	481	83
-142	495	86
-60	258	45
-53	255	44
-46	252	44
-41	258	45
-36	268	47
-31	279	49
-25	286	50
-20	301	52
-13	314	54
-6	332	58
1	348	60
10	350	61
18	345	60
25	344	60
33	340	59
40	338	59
48	334	58
55	329	57
62	327	57
69	321	56
76	318	55
83	313	54
90	310	54
96	307	53
104	304	53
110	301	52
116	295	51
123	294	51
36	72	13
38	71	12
39	69	12
39	65	11
42	67	12
43	65	11
43	62	11
47	63	11
48	62	11
49	60	10
52	61	11
53	60	10
55	60	10
57	59	10
32	28	5
30	26	4
29	23	4
28	21	4
27	19	3
26	17	3
26	16	3
25	14	2
24	13	2
24	12	2
24	12	2
25	12	2
25	11	2
26	10	2
27	10	2
27	10	2
28	10	2
29	9	2
-213	26	2
-202	29	3
-196	33	3
-194	38	3
-191	42	4
-189	46	4
-184	50	4
-183	54	5
-180	57	5
-178	61	5
-176	65	6
-173	69	6
-172	73	6
-168	76	7
-164	79	7
-92	48	4
-88	49	4
-86	50	4
-84	52	5
-84	55	5
-85	58	5
-150	116	10
-148	120	10
-144	122	11
-138	123	11
-141	132	12
-140	137	12
-138	142	12
-136	146	13
-133	150	13
-131	154	14
-128	158	14
-166	215	19
-165	223	20
-161	229	20
-157	235	21
-153	241	21
-168	278	24
-161	281	25
-153	283	25
-147	287	25
-101	224	20
-95	223	20
-166	442	39
-158	453	40
-153	475	42
-145	488	43
-138	508	44
-130	524	46
-55	253	22
-48	251	22
-42	252	22
-38	260	23
-33	270	24
-27	281	25
-22	292	26
-15	294	26
-9	319	28
-2	337	29
6	348	30
14	343	30
22	339	30
29	338	30
37	334	29
44	329	29
52	326	29
59	323	28
66	318	28
73	315	28
80	311	27
87	308	27
93	304	27
100	302	26
107	298	26
113	293	26
119	290	25
127	289	25
36	72	6
37	70	6
38	69	6
37	63	6
40	65	6
42	64	6
44	63	6
47	65	6
47	62	5
48	61	5
52	63	5
52	59	5
54	59	5
58	58	5
32	29	3
31	26	2
29	24	2
28	22	2
27	20	2
26	18	2
26	16	1
25	15	1
24	13	1
24	13	1
24	12	1
24	11	1
25	11	1
25	10	1
26	10	1
27	10	1
28	10	1
29	9	1
30	9	1
30	8	1
-208	27	2
-199	30	3
-195	34	3
-193	39	3
-191	43	4
-187	47	4
-184	51	4
-182	55	5
-181	59	5
-179	63	5
-176	67	6
-172	70	6
-169	73	6
-167	77	7
-165	81	7
-91	49	4
-87	49	4
-85	51	4
-84	53	5
-84	55	5
-84	58	5
-150	117	10
-147	121	11
-141	122	11
-138	125	11
-141	134	12
-143	142	12
-137	142	12
-135	147	13
-132	151	13
-130	155	14
-128	161	14
-167	218	19
-163	224	20
-159	230	20
-156	237	21
-152	243	21
-167	280	25
-160	284	25
-151	283	25
-99	224	20
-164	446	39
-156	458	40
-151	478	42
-142	489	43
-135	509	45
-61	257	22
-53	252	22
-47	250	22
-41	254	22
-36	262	23
-32	275	24
-26	283	25
-20	295	26
-13	300	26
-7	324	28
0	343	30
8	348	30
16	341	30
24	339	30
32	338	30
39	332	29
47	329	29
54	324	28
61	321	28
68	319	28
75	312	27
81	308	27
88	306	27
96	304	27
103	302	26
108	295	26
115	292	26
123	292	26
36	71	6
37	70	6
39	68	6
38	64	6
41	66	6
42	64	6
44	62	5
46	63	5
47	61	5
49	60	5
52	62	5
53	59	5
55	59	5
57	58	5
31	27	2
30	25	2
29	23	2
28	21	2
27	19	2
26	17	2
26	16	1
25	14	1
24	13	1
24	12	1
24	12	1
24	11	1
25	11	1
26	10	1
26	10	1
27	10	1
28	9	1
29	9	1
30	9	1
31	8	1
-212	21	0
-200	25	0
-195	29	0
-194	33	0
-190	37	0
-189	41	0
-187	46	0
-184	49	0
-183	54	0
-179	57	0
-176	61	0
-174	64	0
-170	67	0
-166	71	0
-164	74	0
-161	78	0
-90	47	0
-86	47	0
-84	49	0
-83	51	0
-82	53	0
-82	56	0
-149	115	0
-147	119	0
-145	123	0
-144	127	0
-142	131	0
-141	137	0
-138	140	0
-136	145	0
-133	148	0
-130	153	0
-127	157	0
-168	215	0
-133	180	0
-128	182	0
-153	239	0
-168	275	0
-161	278	0
-153	280	0
-145	280	0
-135	277	0
-100	219	0
-120	279	0
-122	302	0
-165	435	0
-158	448	0
-152	467	0
-144	480	0
-136	494	0
-129	518	0
-55	250	0
-48	248	0
-42	249	0
-38	257	0
-33	267	0
-27	278	0
-20	273	0
-13	265	0
-7	269	0
-1	270	0
5	268	0
12	271	0
19	278	0
29	334	0
37	330	0
44	325	0
51	322	0
58	317	0
66	316	0
73	311	0
79	306	0
86	304	0
92	298	0
100	298	0
38	101	0
41	100	0
43	98	0
45	98	0
36	71	0
37	69	0
38	68	0
40	66	0
40	64	0
42	63	0
43	62	0
44	60	0
47	61	0
48	60	0
52	62	0
52	59	0
54	58	0
56	58	0
58	57	0
32	29	0
32	27	0
30	24	0
29	21	0
28	20	0
27	18	0
26	16	0
25	15	0
24	14	0
24	13	0
24	12	0
24	11	0
24	10	0
25	10	0
26	10	0
27	10	0
27	9	0
28	9	0
29	8	0
30	8	0
31	8	0
32	7	0
-208	22	0
-198	26	0
-195	30	0
-192	34	0
-191	38	0
-188	42	0
-186	46	0
-185	51	0
-182	54	0
-178	58	0
-176	62	0
-172	65	0
-168	68	0
-166	71	0
-163	75	0
-89	47	0
-85	48	0
-84	50	0
-83	52	0
-82	54	0
-82	57	0
-149	116	0
-146	120	0
-145	124	0
-142	128	0
-141	133	0
-141	139	0
-136	141	0
-134	146	0
-132	150	0
-129	154	0
-127	159	0
-167	217	0
-131	179	0
-127	183	0
-153	243	0
-166	277	0
-157	278	0
-150	281	0
-137	272	0
-133	279	0
-122	292	0
-169	427	0
-163	443	0
-155	455	0
-149	474	0
-141	488	0
-134	506	0
-59	253	0
-52	250	0
-45	246	0
-40	253	0
-36	263	0
-30	272	0
-24	271	0
-17	265	0
-11	268	0
-4	269	0
2	270	0
8	270	0
15	275	0
22	283	0
33	333	0
41	326	0
48	322	0
55	319	0
62	316	0
69	312	0
76	309	0
83	305	0
90	301	0
39	100	0
42	99	0
44	98	0
35	72	0
36	70	0
38	69	0
39	67	0
39	63	0
42	64	0
43	63	0
44	61	0
46	62	0
47	60	0
50	60	0
52	59	0
53	58	0
55	58	0
57	57	0
31	27	0
30	25	0
29	22	0
28	21	0
27	18	0
26	17	0
26	15	0
25	14	0
24	13	0
24	12	0
24	11	0
24	11	0
25	11	0
26	10	0
26	10	0
27	9	0
28	9	0
-214	16	-1
-203	20	-2
-198	24	-2
-196	28	-3
-193	32	-3
-191	36	-3
-189	40	-4
-189	45	-4
-184	48	-4
-183	52	-5
-180	56	-5
-179	60	-5
-177	64	-6
-174	67	-6
-171	70	-6
-167	73	-7
-91	46	-4
-86	46	-4
-84	48	-4
-81	49	-4
-82	52	-5
-82	54	-5
-150	112	-10
-149	116	-10
-147	121	-11
-146	125	-11
-142	128	-12
-140	132	-12
-138	136	-12
-136	141	-13
-134	145	-13
-131	149	-13
-27	36	-3
-26	38	-3
-26	39	-4
-26	40	-4
-25	41	-4
-140	262	-24
-135	269	-24
-102	216	-19
-123	293	-26
-166	423	-38
-162	442	-40
-154	452	-41
-148	471	-43
-140	488	-44
-131	501	-45
-57	249	-22
-50	245	-22
-44	243	-22
-39	249	-22
-32	243	-22
-26	242	-22
-20	238	-21
-14	236	-21
-8	231	-21
-2	227	-20
3	225	-20
9	222	-20
14	220	-20
19	218	-20
24	217	-20
29	214	-19
34	213	-19
39	211	-19
43	207	-19
48	207	-19
53	205	-19
58	205	-18
63	203	-18
68	202	-18
39	103	-9
40	98	-9
41	96	-9
44	95	-9
35	70	-6
36	69	-6
38	67	-6
39	66	-6
39	62	-6
42	63	-6
43	62	-6
44	60	-5
47	61	-5
48	59	-5
48	57	-5
52	58	-5
53	57	-5
56	58	-5
57	56	-5
31	26	-2
30	24	-2
29	22	-2
28	21	-2
27	18	-2
26	17	-2
25	15	-1
25	14	-1
24	12	-1
24	12	-1
24	11	-1
24	11	-1
26	10	-1
25	10	-1
26	9	-1
27	9	-1
28	9	-1
28	8	-1
29	8	-1
30	8	-1
31	7	-1
32	7	-1
34	7	-1
-213	16	-1
-202	20	-2
-198	24	-2
-195	28	-3
-193	32	-3
-191	36	-3
-189	41	-4
-187	45	-4
-184	48	-4
-182	52	-5
-179	56	-5
-177	60	-5
-176	64	-6
-173	67	-6
-169	70	-6
-168	74	-7
-98	47	-4
-89	46	-4
-86	46	-4
-84	48	-4
-81	49	-4
-82	52	-5
-82	55	-5
-151	114	-10
-150	118	-11
-148	122	-11
-145	126	-11
-142	129	-12
-141	134	-12
-138	137	-12
-135	142	-13
-134	147	-13
-131	151	-14
-27	37	-3
-26	38	-3
-26	39	-4
-25	40	-4
-138	262	-24
-135	272	-25
-101	218	-20
-119	291	-26
-166	431	-39
-157	439	-40
-153	462	-42
-144	473	-43
-138	493	-44
-129	510	-46
-55	247	-22
-48	244	-22
-42	244	-22
-36	244	-22
-30	244	-22
-23	239	-22
-17	236	-21
-12	233	-21
-6	230	-21
0	227	-20
5	224	-20
11	222	-20
16	219	-20
20	217	-20
25	215	-19
31	214	-19
36	213	-19
40	207	-19
45	208	-19
50	207	-19
55	206	-19
60	204	-18
65	203	-18
70	201	-18
39	101	-9
40	97	-9
42	95	-9
45	95	-9
36	70	-6
37	68	-6
38	66	-6
40	65	-6
40	62	-6
42	62	-6
44	61	-6
45	61	-5
47	60	-5
48	59	-5
52	61	-5
52	57	-5
54	57	-5
57	57	-5
32	28	-3
31	26	-2
30	23	-2
28	21	-2
28	19	-2
27	18	-2
26	16	-1
25	15	-1
24	13	-1
24	12	-1
24	12	-1
24	11	-1
25	10	-1
26	10	-1
26	9	-1
27	9	-1
28	9	-1
29	8	-1
30	8	-1
31	8	-1
32	7	-1
33	7	-1
-210	12	-2
-201	16	-3
-199	20	-4
-199	25	-5
-197	29	-5
-196	33	-6
-193	37	-7
-191	41	-8
-187	45	-8
-184	48	-9
-182	52	-10
-181	56	-10
-177	59	-11
-175	63	-12
-172	66	-12
-170	70	-13
-168	73	-14
-35	18	-3
-34	19	-3
-33	20	-4
-33	20	-4
-32	21	-4
-32	22	-4
-32	23	-4
-32	24	-4
-32	25	-5
-31	26	-5
-31	27	-5
-31	28	-5
-30	28	-5
-30	29	-5
-29	30	-6
-29	31	-6
-29	32	-6
-28	33	-6
-28	34	-6
-27	35	-7
-27	36	-7
-26	38	-7
-26	39	-7
-25	40	-7
-138	260	-48
-134	268	-49
-101	215	-40
-121	292	-54
-54	243	-45
-48	240	-44
-42	242	-45
-36	243	-45
-32	262	-48
-26	268	-50
-21	284	-52
-10	224	-41
-5	223	-41
1	222	-41
6	219	-40
12	216	-40
17	214	-39
22	212	-39
27	211	-39
32	209	-39
36	204	-38
41	202	-37
18	61	-11
36	68	-13
37	66	-12
38	64	-12
40	60	-11
42	59	-11
45	58	-11
50	61	-11
54	57	-11
57	56	-10
30	24	-4
29	22	-4
28	20	-4
27	18	-3
27	17	-3
26	15	-3
25	14	-3
24	13	-2
24	12	-2
24	11	-2
24	10	-2
25	9	-2
26	9	-2
26	9	-2
27	8	-2
28	8	-2
29	8	-1
30	7	-1
31	7	-1
32	7	-1
33	6	-1
35	6	-1
35	5	-1
-213	11	-2
-202	15	-3
-200	20	-4
-199	24	-4
-197	28	-5
-195	32	-6
-192	36	-7
-191	40	-7
-189	44	-8
-184	47	-9
-182	51	-9
-179	55	-10
-179	59	-11
-176	62	-12
-174	66	-12
-170	69	-13
-168	73	-13
-35	18	-3
-34	19	-3
-33	19	-4
-33	20	-4
-33	21	-4
-32	22	-4
-32	23	-4
-32	23	-4
-32	25	-5
-32	26	-5
-31	26	-5
-30	27	-5
-30	28	-5
-30	29	-5
-29	30	-6
-29	31	-6
-29	32	-6
-28	33	-6
-28	34	-6
-27	35	-6
-27	36	-7
-27	38	-7
-26	39	-7
-25	40	-7
-137	254	-47
-136	267	-49
-103	217	-40
-122	291	-54
-166	421	-78
-55	243	-45
-48	240	-44
-42	241	-45
-36	242	-45
-33	261	-48
-27	269	-50
-22	283	-52
-11	224	-41
-5	223	-41
0	222	-41
6	219	-40
11	216	-40
16	213	-39
21	212	-39
26	211	-39
31	209	-39
36	205	-38
41	203	-37
30	63	-12
35	70	-13
36	68	-13
37	66	-12
39	65	-12
40	60	-11
42	60	-11
49	61	-11
53	56	-10
55	57	-10
57	56	-10
32	27	-5
30	24	-4
29	22	-4
28	20	-4
28	19	-3
27	17	-3
26	16	-3
25	14	-3
24	12	-2
24	12	-2
24	11	-2
24	11	-2
25	10	-2
26	10	-2
26	9	-2
27	8	-2
28	8	-2
29	8	-1
30	7	-1
31	7	-1
32	7	-1
33	6	-1
35	6	-1
35	5	-1
-228	9	-3
-203	13	-4
-203	17	-5
-202	21	-6
-199	25	-7
-197	29	-8
-196	33	-9
-194	37	-11
-191	41	-12
-187	44	-13
-184	48	-14
-37	12	-4
-36	13	-4
-36	14	-4
-35	15	-4
-35	15	-4
-35	16	-5
-34	17	-5
-34	18	-5
-34	18	-5
-33	19	-5
-33	20	-6
-33	21	-6
-33	22	-6
-32	22	-6
-32	24	-7
-32	24	-7
-32	25	-7
-31	26	-7
-31	27	-8
-30	28	-8
-30	28	-8
-30	30	-8
-29	30	-9
-29	31	-9
-28	32	-9
-28	33	-10
-28	35	-10
-27	36	-10
-27	37	-11
-26	38	-11
-26	39	-11
-137	248	-71
-136	262	-75
-131	268	-77
-123	286	-82
-109	295	-84
-84	268	-76
-75	289	-82
-55	240	-68
-49	238	-68
-42	237	-68
-36	240	-68
-32	250	-71
-25	249	-71
-19	259	-74
-13	266	-76
-6	263	-75
0	265	-76
7	253	-72
13	246	-70
21	261	-75
27	265	-76
8	41	-12
10	41	-12
11	41	-12
12	41	-12
14	43	-12
15	42	-12
17	42	-12
18	42	-12
19	42	-12
20	43	-12
23	42	-12
24	42	-12
25	42	-12
27	42	-12
28	42	-12
37	43	-12
38	43	-12
40	42	-12
41	42	-12
46	43	-12
33	28	-8
31	25	-7
30	23	-7
29	21	-6
28	19	-6
27	18	-5
26	16	-5
26	15	-4
25	14	-4
24	12	-3
24	11	-3
24	11	-3
24	10	-3
25	9	-3
26	9	-3
26	9	-3
27	9	-2
28	8	-2
29	8	-2
30	7	-2
31	7	-2
31	7	-2
33	6	-2
34	6	-2
35	5	-2
36	5	-1
37	4	-1
-227	7	-2
-204	11	-3
-203	15	-4
-201	19	-5
-199	23	-7
-198	27	-8
-196	31	-9
-194	35	-10
-191	39	-11
-190	43	-12
-184	46	-13
-37	12	-3
-36	12	-4
-36	13	-4
-35	14	-4
-35	15	-4
-35	16	-4
-35	16	-5
-34	17	-5
-34	18	-5
-34	19	-5
-33	20	-6
-33	20	-6
-33	21	-6
-33	22	-6
-32	23	-7
-32	24	-7
-32	25	-7
-31	26	-7
-31	27	-8
-31	27	-8
-30	28	-8
-30	29	-8
-29	30	-9
-29	32	-9
-29	32	-9
-28	33	-10
-28	35	-10
-28	36	-10
-27	37	-10
-26	38	-11
-26	39	-11
-25	40	-11
-108	195	-56
-136	260	-74
-134	270	-77
-122	282	-80
-110	293	-84
-101	288	-82
-76	286	-82
-57	241	-69
-50	238	-68
-43	236	-67
-38	241	-69
-32	248	-71
-26	247	-70
-21	260	-74
-14	266	-76
-7	267	-76
-1	263	-75
6	253	-72
12	252	-72
19	261	-75
26	264	-75
10	41	-12
10	41	-12
12	41	-12
14	42	-12
15	41	-12
16	42	-12
18	42	-12
19	42	-12
20	42	-12
24	42	-12
25	42	-12
27	42	-12
28	42	-12
38	43	-12
39	42	-12
41	42	-12
33	28	-8
31	25	-7
29	22	-6
30	22	-6
28	19	-5
27	18	-5
26	16	-5
26	15	-4
25	14	-4
24	12	-3
24	11	-3
24	11	-3
24	10	-3
25	9	-3
26	9	-3
26	9	-3
27	8	-2
28	8	-2
29	8	-2
30	7	-2
31	7	-2
32	7	-2
33	6	-2
34	6	-2
35	5	-1
36	4	-1
37	4	-1
39	3	-1
-197	0	0
-207	4	-2
-222	9	-3
-203	12	-5
-203	16	-6
-201	20	-8
-199	24	-9
-197	28	-11
-196	32	-12
-39	9	-4
-38	10	-4
-37	10	-4
-37	11	-4
-37	12	-5
-36	12	-5
-36	13	-5
-36	14	-6
-36	15	-6
-35	15	-6
-35	16	-6
-34	17	-7
-34	18	-7
-34	19	-7
-34	19	-8
-34	20	-8
-33	21	-8
-33	22	-9
-33	23	-9
-32	23	-9
-32	24	-10
-32	25	-10
-32	26	-10
-31	27	-11
-31	28	-11
-30	29	-11
-30	30	-12
-29	31	-12
-29	32	-13
-29	33	-13
-28	34	-13
-28	35	-14
-27	36	-14
-27	37	-15
-26	38	-15
-26	40	-16
-111	194	-76
-117	215	-85
-110	215	-85
-100	209	-82
-97	215	-85
-90	214	-85
-84	215	-85
-78	216	-85
-71	216	-85
-66	217	-86
-59	217	-86
-53	216	-85
-47	215	-85
-41	216	-85
-35	216	-85
-26	192	-76
-21	195	-77
-16	194	-77
-10	195	-77
-5	195	-77
0	211	-83
3	31	-12
4	30	-12
5	30	-12
6	30	-12
6	30	-12
7	30	-12
8	31	-12
9	31	-12
10	31	-12
11	31	-12
11	31	-12
12	31	-12
13	31	-12
14	31	-12
15	30	-12
16	31	-12
18	31	-12
19	31	-12
20	31	-12
21	31	-12
22	31	-12
23	31	-12
25	31	-12
26	31	-12
28	32	-12
28	31	-12
30	31	-12
32	32	-13
33	27	-11
31	24	-9
30	22	-9
29	20	-8
28	19	-7
27	17	-7
26	15	-6
26	14	-6
25	13	-5
24	12	-5
24	11	-4
24	11	-4
24	10	-4
24	9	-4
25	9	-4
26	9	-3
26	9	-3
27	8	-3
28	8	-3
28	7	-3
29	7	-3
30	7	-3
31	6	-2
32	6	-2
34	6	-2
37	4	-2
38	4	-1
-195	1	-1
-215	6	-2
-204	10	-4
-203	14	-5
-202	18	-7
-201	22	-9
-200	26	-10
-198	29	-12
-196	33	-13
-39	9	-4
-37	10	-4
-37	10	-4
-37	11	-4
-36	12	-5
-36	13	-5
-36	14	-5
-36	14	-6
-35	15	-6
-35	16	-6
-35	17	-7
-34	17	-7
-34	18	-7
-34	19	-7
-34	20	-8
-34	20	-8
-33	21	-8
-33	22	-9
-32	23	-9
-32	24	-9
-32	25	-10
-31	25	-10
-31	26	-10
-31	27	-11
-30	28	-11
-30	29	-11
-29	30	-12
-29	31	-12
-29	32	-13
-29	33	-13
-28	34	-14
-28	35	-14
-27	36	-14
-27	38	-15
-26	39	-15
-120	214	-85
-113	214	-85
-106	213	-84
-100	215	-85
-93	214	-85
-86	214	-85
-80	216	-85
-74	215	-85
-68	217	-86
-62	217	-86
-55	216	-85
-49	216	-85
-43	215	-85
-37	215	-85
-28	192	-76
-22	193	-76
-17	195	-77
-12	195	-77
-7	195	-77
-2	211	-83
4	207	-82
4	30	-12
4	30	-12
5	30	-12
6	30	-12
7	30	-12
8	30	-12
8	30	-12
9	31	-12
10	31	-12
11	30	-12
12	31	-12
13	31	-12
14	31	-12
15	30	-12
16	31	-12
17	31	-12
18	31	-12
19	31	-12
20	31	-12
21	31	-12
22	31	-12
23	31	-12
24	31	-12
25	31	-12
27	31	-12
28	32	-12
29	31	-12
30	31	-12
33	28	-11
31	24	-10
30	23	-9
29	21	-8
28	19	-7
27	18	-7
26	15	-6
26	15	-6
25	14	-5
24	12	-5
24	11	-4
24	10	-4
24	10	-4
24	9	-4
25	9	-4
26	9	-3
26	8	-3
27	8	-3
27	8	-3
28	8	-3
29	7	-3
30	7	-3
31	6	-3
32	6	-2
34	6	-2
37	4	-2
38	4	-1
38	3	-2
40	3	-1
42	2	-1
-194	-2	1
-188	2	-1
-214	6	-3
-204	10	-5
-202	13	-7
-202	17	-9
-201	21	-11
-199	25	-13
-197	28	-15
-195	32	-16
-38	9	-5
-37	9	-5
-37	10	-5
-37	11	-6
-37	12	-6
-36	12	-6
-36	13	-7
-36	14	-7
-36	14	-7
-35	15	-8
-35	16	-8
-35	17	-9
-34	17	-9
-34	18	-9
-34	19	-10
-34	20	-10
-33	20	-10
-33	21	-11
-33	22	-11
-32	23	-12
-32	24	-12
-32	24	-13
-32	25	-13
-31	26	-13
-31	27	-14
-30	28	-14
-30	29	-15
-30	30	-15
-29	31	-16
-29	32	-16
-29	33	-17
-28	34	-17
-28	35	-18
-27	36	-19
-27	37	-19
-26	39	-20
-104	175	-90
-97	174	-90
-92	175	-90
-86	175	-90
-80	174	-90
-74	175	-90
-69	175	-90
-63	174	-90
-58	174	-90
-52	174	-90
-47	175	-90
-42	175	-90
-37	174	-90
-32	174	-90
-27	174	-90
-22	174	-90
-17	173	-89
1	24	-12
2	24	-12
3	24	-12
4	24	-12
4	24	-12
5	24	-13
5	25	-13
6	24	-13
7	24	-13
8	24	-13
8	24	-13
9	24	-12
10	24	-13
10	24	-13
11	24	-13
12	24	-13
13	24	-13
14	25	-13
14	24	-13
15	25	-13
16	25	-13
17	25	-13
18	24	-13
19	25	-13
20	25	-13
21	25	-13
22	25	-13
23	25	-13
24	25	-13
25	25	-13
26	25	-13
28	25	-13
30	25	-13
32	26	-13
30	23	-12
30	21	-11
29	19	-10
28	18	-9
27	16	-8
26	15	-8
26	14	-7
25	13	-7
24	11	-6
24	11	-6
24	10	-5
24	9	-5
24	9	-5
25	9	-5
25	9	-4
26	8	-4
27	8	-4
28	7	-4
28	7	-4
29	7	-4
31	7	-3
33	5	-3
36	4	-2
38	4	-2
-199	-5	3
-191	-1	0
-189	3	-1
-220	7	-4
-203	11	-5
-203	14	-7
-202	18	-9
-199	22	-11
-198	26	-13
-197	29	-15
-39	8	-4
-38	9	-5
-37	10	-5
-37	10	-5
-37	11	-6
-37	12	-6
-36	12	-6
-36	13	-7
-36	14	-7
-36	15	-8
-35	15	-8
-35	16	-8
-35	17	-9
-35	18	-9
-34	18	-10
-34	19	-10
-34	20	-10
-33	21	-11
-33	22	-11
-33	22	-12
-32	23	-12
-32	24	-12
-32	25	-13
-31	25	-13
-31	26	-14
-30	27	-14
-31	28	-15
-30	29	-15
-29	30	-15
-29	31	-16
-29	32	-17
-28	33	-17
-28	35	-18
-27	35	-18
-27	37	-19
-26	38	-20
-100	175	-90
-94	174	-90
-88	174	-90
-83	175	-90
-77	175	-90
-72	175	-90
-66	175	-90
-61	174	-90
-55	175	-90
-50	175	-90
-45	175	-90
-40	175	-90
-35	175	-90
-30	175	-90
-25	175	-90
-19	174	-90
-14	174	-90
1	24	-12
2	24	-12
2	24	-12
3	24	-12
4	24	-12
5	24	-12
5	24	-13
6	24	-13
7	24	-13
7	24	-13
8	24	-13
9	24	-13
9	24	-13
10	24	-13
11	24	-13
12	24	-13
12	24	-13
13	25	-13
14	24	-13
15	24	-13
16	25	-13
17	25	-13
17	25	-13
18	25	-13
19	25	-13
20	25	-13
21	25	-13
22	25	-13
23	25	-13
25	25	-13
26	25	-13
28	25	-13
30	25	-13
31	25	-13
32	24	-13
30	22	-11
29	20	-10
28	18	-9
27	17	-9
27	16	-8
26	14	-7
25	13	-7
25	12	-6
24	11	-6
24	10	-5
24	10	-5
24	9	-5
25	9	-5
25	9	-4
26	8	-4
27	8	-4
27	8	-4
28	7	-4
29	7	-4
30	7	-4
30	6	-3
32	6	-3
33	6	-3
34	5	-3
35	5	-2
35	4	-2
37	4	-2
38	3	-2
40	3	-2
40	2	-1
42	1	-1
-190	-11	7
-188	-7	5
-189	-4	3
-188	-1	0
-188	3	-2
-220	7	-5
-204	10	-7
-202	14	-9
-202	17	-11
-202	21	-14
-199	24	-16
-197	28	-18
-196	31	-20
-38	8	-5
-38	9	-6
-37	10	-6
-37	10	-7
-37	11	-7
-37	12	-8
-37	13	-8
-37	13	-9
-37	14	-9
-36	15	-10
-36	15	-10
-36	16	-10
-35	17	-11
-35	17	-11
-35	18	-12
-34	19	-12
-34	20	-13
-34	21	-13
-34	21	-14
-33	22	-14
-33	23	-15
-33	24	-15
-32	24	-16
-32	25	-16
-31	26	-17
-31	27	-18
-31	28	-18
-30	29	-19
-30	30	-19
-30	31	-20
-29	32	-21
-29	33	-21
-28	34	-22
-28	35	-23
-28	37	-24
-27	38	-25
-27	39	-26
-25	39	-26
-23	38	-25
-21	38	-25
-20	38	-25
-19	38	-25
-19	41	-27
-17	40	-26
-15	37	-24
-13	36	-24
-12	36	-23
-10	36	-24
-9	36	-23
-8	35	-23
-7	35	-23
-2	18	-12
-1	18	-12
0	18	-12
0	18	-12
1	18	-12
1	18	-12
2	18	-12
3	18	-12
3	18	-12
3	18	-12
4	18	-12
5	18	-12
5	18	-12
5	18	-12
7	18	-12
7	18	-12
8	18	-12
8	18	-11
8	18	-12
9	18	-11
9	18	-12
11	18	-12
13	18	-12
13	18	-12
14	18	-12
15	18	-12
16	18	-12
16	18	-12
17	18	-12
18	18	-12
19	18	-12
19	18	-12
21	18	-12
22	18	-12
23	18	-12
24	19	-12
26	18	-12
27	18	-12
28	19	-12
27	17	-11
27	16	-10
26	15	-10
25	14	-9
25	13	-8
24	11	-7
24	11	-7
24	10	-7
24	9	-6
24	9	-6
25	9	-6
25	8	-5
26	8	-5
27	8	-5
27	8	-5
28	7	-5
29	7	-4
30	7	-4
30	6	-4
31	6	-4
34	5	-3
35	4	-3
36	4	-2
38	3	-2
-190	-10	6
-189	-6	4
-188	-3	2
-188	0	0
-198	4	-2
-221	8	-5
-203	11	-7
-203	15	-10
-201	18	-12
-200	22	-14
-200	25	-16
-197	28	-19
-38	9	-6
-38	9	-6
-38	10	-6
-37	11	-7
-37	11	-7
-37	12	-8
-36	13	-8
-37	13	-9
-36	14	-9
-36	15	-10
-36	16	-10
-36	16	-11
-35	17	-11
-35	18	-12
-35	18	-12
-34	19	-12
-34	20	-13
-34	21	-13
-33	21	-14
-34	22	-15
-33	23	-15
-33	24	-16
-32	25	-16
-32	26	-17
-31	26	-17
-31	27	-18
-31	28	-18
-30	29	-19
-30	30	-20
-30	31	-20
-29	32	-21
-29	33	-22
-28	34	-22
-28	36	-23
-28	37	-24
-27	38	-25
-27	40	-26
-24	39	-25
-22	38	-25
-21	38	-25
-20	38	-25
-19	40	-26
-18	41	-27
-16	40	-26
-14	37	-24
-13	36	-24
-11	36	-24
-10	36	-23
-9	35	-23
-8	35	-23
-1	18	-12
-1	18	-12
0	18	-12
0	18	-12
0	18	-12
1	18	-12
2	18	-12
2	18	-12
2	18	-12
3	18	-12
3	18	-12
4	18	-12
4	18	-12
5	18	-12
6	18	-12
6	18	-12
7	18	-12
7	18	-12
8	18	-12
9	18	-12
9	18	-12
10	18	-12
11	18	-12
12	18	-12
12	18	-12
13	18	-12
14	18	-12
14	18	-12
15	18	-12
16	18	-12
17	18	-12
17	18	-12
18	18	-12
19	18	-12
21	18	-12
22	18	-12
23	18	-12
24	18	-12
25	18	-12
26	18	-12
28	19	-12
28	18	-12
27	16	-11
26	15	-10
25	14	-9
25	13	-8
25	12	-8
24	11	-7
24	10	-7
24	10	-6
24	9	-6
24	9	-6
25	9	-6
26	8	-5
27	8	-5
27	7	-5
28	7	-5
28	7	-4
29	7	-4
30	6	-4
31	6	-4
32	6	-4
33	5	-3
33	5	-3
35	4	-3
36	4	-3
37	4	-2
38	3	-2
40	2	-2
41	1	-1
42	1	-1
-170	-13	10
-181	-11	9
-182	-8	6
-188	-5	4
-188	-2	2
-188	1	-1
-209	4	-3
-221	8	-6
-203	11	-9
-203	14	-11
-202	17	-14
-202	21	-17
-198	24	-19
-197	27	-22
-195	30	-24
-39	8	-7
-39	9	-7
-39	9	-8
-38	10	-8
-38	11	-9
-38	11	-9
-37	12	-10
-37	13	-10
-37	13	-11
-37	14	-11
-37	14	-12
-36	15	-12
-36	16	-13
-35	16	-13
-35	17	-14
-35	18	-14
-35	19	-15
-34	19	-16
-34	20	-16
-34	21	-17
-33	22	-17
-33	22	-18
-33	23	-19
-32	24	-19
-32	24	-20
-32	26	-21
-31	26	-21
-31	27	-22
-31	28	-23
-30	29	-24
-30	30	-25
-29	31	-25
-27	30	-24
-26	31	-25
-25	31	-25
-24	31	-25
-22	31	-25
-21	31	-25
-21	32	-26
-19	32	-26
-16	33	-26
-15	33	-27
-13	33	-27
-4	15	-12
-3	14	-11
-2	14	-11
-2	14	-11
-1	14	-12
-1	14	-11
0	14	-11
0	14	-11
0	14	-11
1	14	-11
1	14	-11
2	14	-11
2	14	-11
3	14	-11
3	14	-11
4	14	-11
4	14	-11
5	14	-11
5	14	-11
6	14	-12
6	14	-11
6	14	-11
7	14	-11
8	14	-11
8	14	-11
9	14	-11
9	14	-11
10	14	-12
10	14	-11
11	14	-11
12	14	-11
12	14	-11
12	14	-12
13	14	-12
13	14	-12
15	14	-11
16	14	-12
16	14	-12
17	14	-12
18	14	-12
19	14	-12
20	14	-12
20	14	-12
21	14	-12
22	15	-12
23	15	-12
24	14	-12
25	15	-12
26	14	-12
25	13	-11
25	12	-10
24	11	-9
24	11	-9
24	10	-8
24	9	-8
24	9	-7
24	9	-7
25	8	-7
26	8	-6
26	8	-6
27	7	-6
27	7	-6
28	7	-6
29	6	-5
30	6	-5
30	6	-5
32	6	-5
32	5	-4
33	5	-4
34	5	-4
35	4	-3
37	4	-3
37	3	-3
-169	-13	10
-182	-11	9
-183	-8	6
-189	-5	4
-188	-2	2
-188	1	-1
-209	5	-4
-222	8	-7
-203	11	-9
-203	14	-12
-202	18	-14
-201	21	-17
-200	24	-20
-197	27	-22
-195	30	-24
-39	8	-7
-38	9	-7
-39	9	-8
-38	10	-8
-37	11	-9
-38	11	-9
-37	12	-10
-37	13	-10
-37	13	-11
-36	14	-11
-36	15	-12
-36	15	-12
-36	16	-13
-35	17	-13
-35	17	-14
-35	18	-15
-35	19	-15
-34	19	-16
-34	20	-16
-34	21	-17
-33	22	-17
-33	23	-18
-33	23	-19
-32	24	-19
-32	25	-20
-32	26	-21
-31	27	-22
-31	28	-22
-30	28	-23
-30	30	-24
-30	30	-25
-29	31	-25
-27	30	-25
-26	31	-25
-24	31	-25
-23	31	-25
-22	31	-25
-21	31	-25
-20	31	-25
-19	32	-26
-17	33	-27
-16	33	-27
-15	33	-27
-12	33	-27
-3	14	-11
-3	14	-11
-2	14	-11
-2	14	-12
-1	14	-11
-1	14	-11
0	14	-12
0	14	-11
1	14	-11
1	14	-11
2	14	-11
2	14	-11
2	14	-11
3	14	-11
3	14	-11
4	14	-11
4	14	-11
5	14	-11
5	14	-11
6	14	-11
6	14	-11
7	14	-11
7	14	-11
8	14	-11
8	14	-11
9	14	-11
9	14	-11
10	14	-11
11	14	-11
11	14	-11
11	14	-12
12	14	-12
13	14	-11
13	14	-12
14	14	-12
15	14	-12
16	14	-12
17	14	-12
17	14	-12
18	15	-12
19	14	-12
20	14	-12
21	14	-12
22	14	-12
23	14	-12
23	15	-12
25	15	-12
26	15	-12
26	14	-11
25	13	-11
25	12	-10
24	11	-9
24	10	-8
24	10	-8
24	9	-7
25	8	-7
26	8	-7
27	8	-6
27	7	-6
28	7	-6
29	7	-6
30	7	-5
30	6	-5
31	6	-5
32	5	-4
33	5	-4
33	5	-4
34	4	-4
36	4	-3
36	4	-3
37	3	-2
