0	0	0
-23	20	-7
-22	21	-8
-22	21	-8
-21	21	-8
-21	22	-8
-21	25	-9
-20	25	-9
-20	26	-9
-20	26	-10
-20	27	-10
-19	28	-10
-19	29	-11
-19	30	-11
-19	31	-11
-19	32	-12
-19	33	-12
-18	35	-13
-18	36	-13
-18	37	-14
-18	39	-14
-17	40	-15
-17	42	-15
-17	44	-16
-16	46	-17
-16	48	-18
-16	50	-18
-11	41	-15
-10	40	-15
-9	40	-14
-8	39	-14
-4	34	-12
-3	34	-12
-2	34	-12
3	58	-21
5	58	-21
6	58	-21
12	76	-28
13	73	-26
15	72	-26
17	74	-27
20	60	-22
20	55	-20
20	53	-19
21	40	-14
22	39	-14
23	39	-14
52	78	-29
54	79	-29
58	80	-29
60	79	-29
62	78	-28
63	76	-28
64	74	-27
66	73	-27
73	79	-29
75	77	-28
78	77	-28
81	76	-28
83	76	-28
86	75	-27
92	77	-28
-22	21	-8
-21	21	-8
-21	22	-8
-21	25	-9
-21	25	-9
-20	26	-9
-20	26	-10
-20	27	-10
-19	28	-10
-19	29	-11
-19	30	-11
-19	31	-11
-19	32	-12
-19	33	-12
-18	35	-13
-18	36	-13
-18	37	-14
-18	39	-14
-17	40	-15
-17	42	-15
-17	44	-16
-16	46	-17
-16	48	-17
-16	50	-18
-11	41	-15
-10	40	-15
-9	40	-14
-8	39	-14
-4	34	-12
-3	34	-12
-2	34	-12
4	58	-21
5	58	-21
6	58	-21
12	76	-28
14	73	-26
15	73	-26
17	74	-27
19	74	-27
20	60	-22
20	55	-20
20	52	-19
38	86	-31
21	42	-15
21	39	-14
22	39	-14
23	39	-14
52	78	-28
56	81	-29
58	80	-29
60	79	-29
62	78	-28
63	76	-27
64	73	-27
66	73	-27
74	78	-29
76	78	-28
78	76	-28
81	76	-28
84	75	-27
87	75	-27
-23	21	-7
-22	21	-7
-22	21	-7
-21	22	-7
-21	22	-8
-20	23	-8
-21	23	-8
-21	25	-9
-20	25	-9
-20	26	-9
-20	27	-9
-20	28	-9
-19	28	-10
-19	29	-10
-19	30	-10
-19	32	-11
-18	33	-11
-19	34	-12
-18	35	-12
-18	36	-13
-18	38	-13
-17	39	-14
-17	41	-14
-17	43	-15
-17	44	-15
-16	46	-16
-16	48	-17
-13	43	-15
-11	41	-14
-10	40	-14
-9	40	-14
-3	34	-12
-2	34	-12
3	62	-21
4	59	-20
5	60	-21
6	58	-20
13	75	-26
14	72	-25
16	73	-25
18	75	-26
19	75	-26
20	60	-21
20	54	-19
20	52	-18
38	86	-30
21	41	-14
21	39	-14
22	39	-13
23	39	-13
52	77	-27
57	82	-28
58	80	-27
60	79	-27
62	78	-27
63	76	-26
64	74	-25
67	74	-25
74	79	-27
76	78	-27
79	77	-26
81	77	-26
84	76	-26
87	76	-26
-22	21	-7
-22	21	-7
-21	22	-7
-21	22	-8
-20	23	-8
-21	25	-9
-20	25	-9
-20	26	-9
-19	27	-9
-19	28	-10
-19	29	-10
-19	30	-10
-19	31	-11
-19	32	-11
-18	33	-11
-18	34	-12
-18	35	-12
-18	36	-13
-17	38	-13
-17	39	-13
-17	41	-14
-17	43	-15
-17	45	-15
-16	47	-16
-16	49	-17
-12	42	-15
-11	40	-14
-9	40	-14
-8	39	-14
-8	40	-14
-4	34	-12
-3	34	-12
-2	34	-12
-2	34	-12
3	59	-20
4	59	-20
6	60	-20
7	60	-21
6	28	-10
13	74	-26
14	72	-25
16	73	-25
19	77	-26
17	58	-20
20	53	-18
21	52	-18
39	86	-30
21	40	-14
21	39	-13
22	39	-13
24	39	-14
51	76	-26
57	80	-28
59	80	-27
61	79	-27
62	77	-27
63	75	-26
65	73	-25
69	76	-26
75	78	-27
77	77	-27
79	77	-26
82	76	-26
85	75	-26
89	76	-26
-23	21	-7
-22	21	-7
-22	21	-7
-21	22	-7
-21	22	-7
-21	25	-8
-20	25	-8
-20	26	-8
-20	27	-9
-19	28	-9
-19	29	-9
-19	30	-10
-19	31	-10
-19	32	-10
-19	33	-11
-19	34	-11
-18	35	-11
-18	37	-12
-18	38	-12
-18	39	-13
-17	41	-13
-17	43	-14
-17	45	-15
-16	46	-15
-16	48	-16
-16	51	-16
-11	41	-13
-10	40	-13
-9	40	-13
-8	40	-13
-2	34	-11
4	59	-19
5	58	-19
6	59	-19
12	77	-25
14	74	-24
15	73	-24
17	75	-24
19	75	-24
20	61	-20
20	55	-18
20	53	-17
38	87	-28
21	42	-14
21	40	-13
22	39	-13
23	39	-13
52	78	-25
57	82	-27
58	81	-26
60	80	-26
62	79	-26
63	76	-25
64	75	-24
66	74	-24
74	79	-26
76	78	-25
78	77	-25
81	77	-25
84	76	-25
87	76	-25
-22	21	-7
-22	22	-7
-21	22	-7
-20	22	-7
-21	23	-7
-20	24	-8
-20	26	-8
-20	26	-8
-19	27	-9
-19	28	-9
-19	29	-9
-19	30	-10
-19	31	-10
-19	32	-10
-18	33	-11
-18	35	-12
-18	37	-12
-17	39	-13
-17	42	-14
-17	43	-14
-17	45	-15
-16	47	-15
-16	49	-16
-13	43	-14
-11	41	-13
-10	40	-13
-9	40	-13
-8	40	-13
-3	34	-11
-2	35	-11
3	59	-19
4	59	-19
5	58	-19
7	59	-19
13	75	-24
14	73	-24
16	74	-24
18	76	-25
17	57	-19
20	54	-18
21	53	-17
39	86	-28
21	41	-13
21	40	-13
22	39	-13
24	40	-13
51	77	-25
57	81	-26
59	80	-26
61	79	-26
62	78	-25
63	76	-25
65	74	-24
67	74	-24
74	79	-26
77	78	-25
79	77	-25
82	77	-25
84	76	-25
89	77	-25
-23	21	-6
-22	21	-6
-21	22	-7
-21	22	-7
-21	23	-7
-21	25	-8
-20	26	-8
-20	26	-8
-20	27	-8
-20	28	-9
-19	29	-9
-19	30	-9
-19	31	-9
-19	32	-10
-19	33	-10
-18	34	-11
-18	36	-11
-18	37	-11
-18	39	-12
-17	40	-12
-17	42	-13
-17	43	-13
-17	45	-14
-16	47	-14
-16	50	-15
-13	43	-13
-11	41	-13
-10	40	-12
-9	40	-12
-8	40	-12
-3	34	-11
-2	35	-11
3	60	-18
4	59	-18
5	60	-18
7	59	-18
13	76	-23
14	73	-22
16	74	-23
18	77	-24
20	77	-23
20	55	-17
21	53	-16
39	87	-27
21	41	-13
21	40	-12
22	40	-12
23	40	-12
52	78	-24
57	82	-25
59	81	-25
61	80	-24
62	79	-24
63	76	-23
65	75	-23
67	74	-23
74	79	-24
77	79	-24
79	78	-24
82	77	-24
84	76	-23
88	77	-23
-22	22	-7
-21	22	-7
-21	22	-7
-20	23	-7
-20	26	-8
-20	26	-8
-20	27	-8
-19	28	-9
-19	29	-9
-19	30	-9
-19	31	-9
-19	32	-10
-18	33	-10
-18	34	-10
-18	36	-11
-18	37	-11
-18	38	-12
-17	41	-13
-17	43	-13
-16	47	-14
-16	50	-15
-12	43	-13
-11	41	-13
-10	40	-12
-9	40	-12
-8	40	-12
-4	35	-11
-3	35	-11
-2	34	-10
3	59	-18
4	59	-18
6	62	-19
7	60	-18
6	29	-9
13	75	-23
14	73	-22
16	74	-23
18	77	-24
17	58	-18
20	54	-16
21	53	-16
39	87	-27
21	41	-12
21	40	-12
22	40	-12
24	40	-12
55	91	-28
54	85	-26
51	75	-23
57	81	-25
59	81	-25
61	80	-24
63	78	-24
63	76	-23
65	74	-23
72	79	-24
75	79	-24
77	78	-24
80	78	-24
82	77	-24
85	76	-23
90	77	-24
-23	21	-6
-22	21	-6
-21	22	-6
-21	22	-6
-21	25	-7
-21	25	-7
-20	26	-7
-20	27	-8
-20	27	-8
-19	28	-8
-19	29	-8
-19	30	-9
-19	31	-9
-19	32	-9
-19	33	-10
-18	35	-10
-18	36	-10
-18	37	-11
-18	39	-11
-17	40	-12
-17	42	-12
-17	44	-12
-17	46	-13
-16	47	-14
-16	50	-14
-13	44	-12
-11	41	-12
-10	41	-12
-9	40	-12
-8	40	-12
-3	35	-10
-2	35	-10
3	60	-17
4	59	-17
5	59	-17
6	60	-17
13	76	-22
14	74	-21
16	74	-21
18	77	-22
19	76	-22
20	61	-17
20	55	-16
21	53	-15
38	88	-25
21	42	-12
21	40	-11
22	40	-11
23	40	-11
52	79	-23
57	83	-24
59	82	-23
61	81	-23
62	79	-23
63	77	-22
64	75	-22
66	75	-21
74	80	-23
76	79	-23
79	78	-22
81	78	-22
84	77	-22
87	77	-22
-23	21	-6
-22	21	-6
-22	21	-6
-21	22	-6
-21	22	-6
-21	26	-7
-20	26	-7
-20	26	-8
-20	27	-8
-20	28	-8
-19	29	-8
-19	30	-9
-19	31	-9
-19	32	-9
-19	33	-10
-19	34	-10
-18	36	-10
-18	37	-11
-18	38	-11
-18	40	-11
-17	41	-12
-17	43	-12
-17	45	-13
-16	47	-13
-16	49	-14
-13	44	-12
-11	41	-12
-10	41	-12
-9	40	-12
-2	35	-10
4	59	-17
5	59	-17
6	59	-17
14	74	-21
15	74	-21
17	76	-22
19	76	-22
20	62	-18
20	55	-16
20	53	-15
38	87	-25
21	42	-12
21	40	-12
22	40	-11
23	40	-11
52	79	-23
57	83	-24
58	81	-23
61	81	-23
62	80	-23
63	77	-22
64	75	-22
66	75	-21
74	80	-23
76	79	-23
79	78	-23
81	78	-22
84	77	-22
87	77	-22
-23	21	-6
-22	22	-6
-21	22	-6
-21	22	-6
-20	23	-6
-20	24	-6
-21	25	-7
-21	26	-7
-20	26	-7
-20	27	-7
-20	28	-8
-19	29	-8
-19	30	-8
-19	31	-8
-19	32	-9
-19	33	-9
-19	34	-9
-18	36	-10
-18	37	-10
-18	38	-10
-18	40	-11
-17	42	-11
-17	43	-12
-17	45	-12
-17	47	-13
-16	49	-13
-16	51	-14
-11	42	-11
-10	41	-11
-9	41	-11
-8	40	-11
-3	35	-9
-3	35	-9
-2	35	-9
4	60	-16
5	59	-16
6	60	-16
12	78	-21
14	75	-20
15	75	-20
17	76	-20
20	76	-20
20	62	-16
20	56	-15
20	54	-14
38	88	-24
21	43	-12
21	41	-11
22	40	-11
23	40	-11
52	80	-22
56	82	-22
58	82	-22
60	81	-22
62	80	-21
63	78	-21
64	76	-20
66	75	-20
73	81	-22
75	80	-21
78	79	-21
81	79	-21
83	77	-21
86	77	-21
-22	22	-6
-22	22	-6
-21	22	-6
-20	26	-7
-20	26	-7
-20	27	-7
-20	27	-7
-19	28	-8
-19	29	-8
-19	30	-8
-19	31	-8
-18	33	-9
-18	34	-9
-18	35	-9
-18	36	-10
-18	37	-10
-17	40	-11
-17	44	-12
-17	46	-12
-16	48	-13
-16	51	-14
-12	43	-11
-11	41	-11
-9	41	-11
-8	40	-11
-8	41	-11
-4	35	-9
-3	35	-9
-2	35	-9
3	60	-16
5	59	-16
6	60	-16
7	62	-17
6	29	-8
13	75	-20
15	74	-20
17	75	-20
17	58	-15
20	57	-15
20	54	-15
21	53	-14
21	41	-11
21	40	-11
23	40	-11
53	83	-22
51	75	-20
58	82	-22
60	82	-22
62	81	-22
63	78	-21
64	76	-20
66	75	-20
73	80	-22
75	80	-21
78	79	-21
80	79	-21
83	77	-21
85	77	-21
92	79	-21
-23	21	-5
-22	22	-5
-22	22	-5
-21	22	-6
-21	23	-6
-21	26	-6
-20	26	-7
-20	27	-7
-20	28	-7
-20	28	-7
-19	30	-7
-19	31	-8
-19	32	-8
-19	33	-8
-18	34	-8
-18	35	-9
-18	36	-9
-18	38	-9
-18	39	-10
-17	41	-10
-17	42	-11
-17	44	-11
-17	46	-11
-16	48	-12
-16	50	-12
-13	44	-11
-11	42	-10
-10	41	-10
-9	41	-10
-4	35	-9
-3	35	-9
-2	35	-9
3	63	-16
4	61	-15
6	63	-16
7	61	-15
6	29	-7
13	77	-19
14	74	-19
16	75	-19
18	79	-20
17	59	-15
20	55	-14
21	54	-13
39	88	-22
21	42	-10
21	40	-10
22	40	-10
24	41	-10
56	93	-23
54	86	-22
51	78	-19
57	83	-21
59	82	-20
61	81	-20
63	80	-20
63	77	-19
65	76	-19
71	79	-20
75	80	-20
77	80	-20
79	78	-20
82	78	-19
85	77	-19
89	78	-20
-23	21	-5
-22	22	-5
-22	22	-5
-21	22	-5
-21	23	-6
-21	26	-6
-20	26	-6
-20	27	-7
-20	27	-7
-19	28	-7
-20	29	-7
-19	30	-8
-19	31	-8
-19	32	-8
-19	33	-8
-19	35	-9
-18	36	-9
-18	37	-9
-18	39	-10
-18	40	-10
-17	42	-10
-17	44	-11
-17	46	-11
-17	47	-12
-16	49	-12
-16	52	-13
-11	42	-10
-10	41	-10
-9	41	-10
-8	40	-10
-8	41	-10
-2	35	-9
4	60	-15
5	61	-15
6	60	-15
12	78	-19
14	75	-19
15	75	-19
17	76	-19
19	77	-19
20	62	-15
20	56	-14
20	54	-14
38	88	-22
21	43	-11
21	41	-10
22	40	-10
23	40	-10
52	80	-20
54	80	-20
58	82	-21
60	82	-20
62	80	-20
63	78	-19
64	76	-19
66	75	-19
74	81	-20
76	80	-20
78	79	-20
81	79	-20
83	78	-19
86	77	-19
-23	21	-5
-22	22	-5
-21	22	-5
-21	22	-5
-21	25	-6
-21	26	-6
-20	26	-6
-20	27	-6
-20	28	-6
-20	29	-7
-19	30	-7
-19	31	-7
-19	32	-7
-19	33	-8
-19	34	-8
-18	35	-8
-18	37	-9
-18	38	-9
-18	40	-9
-18	41	-10
-17	43	-10
-17	45	-10
-17	46	-11
-16	48	-11
-16	51	-12
-12	43	-10
-10	42	-10
-9	41	-9
-9	41	-9
-8	41	-9
-11	59	-14
-4	35	-8
-3	35	-8
3	60	-14
4	60	-14
6	60	-14
6	29	-7
13	76	-18
15	75	-17
16	76	-17
19	79	-18
17	59	-14
20	59	-14
20	55	-13
21	54	-12
39	88	-20
21	41	-10
21	40	-9
22	40	-9
24	41	-9
54	90	-21
54	86	-20
51	76	-18
58	83	-19
59	82	-19
61	81	-19
63	80	-18
64	77	-18
65	76	-17
72	81	-19
75	81	-19
77	80	-18
80	79	-18
83	78	-18
85	78	-18
90	79	-18
-22	22	-5
-21	22	-5
-21	23	-5
-20	26	-6
-20	26	-6
-20	27	-6
-20	28	-6
-19	29	-7
-19	30	-7
-19	31	-7
-19	32	-7
-18	33	-8
-18	34	-8
-18	35	-8
-18	37	-8
-18	38	-9
-17	40	-9
-17	41	-9
-15	51	-12
-10	42	-10
-9	41	-10
-8	41	-9
-3	35	-8
-3	36	-8
-2	35	-8
3	61	-14
5	61	-14
6	61	-14
13	76	-18
15	75	-17
17	76	-18
20	77	-18
20	62	-14
20	57	-13
20	54	-13
21	53	-12
21	41	-9
22	40	-9
23	40	-9
52	82	-19
54	81	-19
58	83	-19
60	82	-19
62	81	-19
63	79	-18
64	77	-18
66	76	-18
73	81	-19
75	81	-19
78	80	-18
80	79	-18
83	78	-18
86	78	-18
92	80	-18
-23	21	-5
-22	22	-5
-22	22	-5
-21	22	-5
-21	23	-5
-21	26	-5
-20	26	-6
-20	27	-6
-20	28	-6
-20	29	-6
-19	30	-6
-19	31	-7
-19	32	-7
-19	33	-7
-19	34	-7
-18	35	-8
-18	37	-8
-18	38	-8
-18	40	-8
-17	41	-9
-17	43	-9
-17	44	-9
-17	46	-10
-16	48	-10
-16	50	-11
-13	44	-9
-11	42	-9
-10	41	-9
-9	41	-9
-8	41	-9
-4	36	-8
-3	35	-7
-2	36	-8
3	61	-13
4	60	-13
5	61	-13
7	61	-13
13	77	-16
14	75	-16
16	76	-16
18	79	-17
17	59	-13
20	56	-12
21	54	-11
39	89	-19
21	42	-9
21	41	-9
22	40	-9
24	41	-9
52	79	-17
57	84	-18
59	82	-18
61	82	-17
62	80	-17
63	78	-17
65	76	-16
69	78	-17
75	81	-17
77	80	-17
79	79	-17
82	79	-17
85	78	-17
89	79	-17
-22	22	-5
-22	22	-5
-21	22	-5
-21	23	-5
-20	26	-6
-20	27	-6
-20	27	-6
-19	28	-6
-19	29	-6
-19	30	-6
-19	31	-7
-19	32	-7
-19	34	-7
-18	35	-7
-18	36	-8
-18	37	-8
-17	39	-8
-17	40	-9
-16	47	-10
-10	42	-9
-9	41	-9
-8	41	-9
-2	35	-7
4	61	-13
5	60	-13
6	60	-13
14	76	-16
15	76	-16
17	77	-16
19	77	-16
20	63	-13
20	56	-12
21	54	-12
38	89	-19
21	43	-9
21	41	-9
22	40	-9
23	41	-9
52	80	-17
57	84	-18
58	83	-18
60	82	-17
62	81	-17
63	79	-17
64	77	-16
66	76	-16
74	82	-17
76	81	-17
78	80	-17
81	79	-17
84	79	-17
87	78	-17
-23	22	-4
-22	22	-4
-22	22	-4
-21	22	-4
-21	23	-5
-21	24	-5
-21	25	-5
-21	26	-5
-20	26	-5
-20	27	-5
-20	28	-5
-20	29	-6
-19	30	-6
-19	31	-6
-19	32	-6
-19	33	-6
-18	34	-7
-18	36	-7
-18	37	-7
-18	38	-7
-18	39	-8
-17	41	-8
-17	43	-8
-17	45	-9
-17	46	-9
-16	48	-9
-16	50	-10
-13	44	-9
-11	42	-8
-10	41	-8
-9	41	-8
-8	41	-8
-3	36	-7
-2	36	-7
3	64	-13
4	60	-12
6	64	-12
7	62	-12
6	30	-6
13	77	-15
14	75	-15
16	76	-15
18	79	-15
17	60	-12
20	55	-11
21	54	-11
39	89	-17
21	42	-8
21	41	-8
22	40	-8
23	41	-8
52	79	-15
57	84	-16
59	83	-16
61	82	-16
62	80	-16
63	78	-15
65	76	-15
69	78	-15
74	81	-16
77	80	-16
79	79	-15
82	79	-15
84	78	-15
89	79	-15
-23	22	-4
-22	22	-4
-21	22	-4
-21	23	-4
-21	23	-5
-20	24	-5
-20	26	-5
-20	27	-5
-19	27	-5
-19	28	-5
-19	29	-6
-19	30	-6
-19	31	-6
-19	32	-6
-19	33	-6
-18	34	-7
-18	36	-7
-18	37	-7
-18	38	-7
-17	40	-8
-17	41	-8
-10	42	-8
-9	41	-8
-8	41	-8
-7	42	-8
-4	36	-7
-2	35	-7
4	61	-12
5	61	-12
6	61	-12
12	79	-15
13	76	-15
15	76	-15
17	77	-15
19	79	-15
20	63	-12
20	57	-11
20	54	-11
38	89	-17
21	44	-9
21	41	-8
22	40	-8
23	40	-8
52	81	-16
54	81	-16
58	83	-16
60	82	-16
62	81	-16
63	79	-15
64	77	-15
66	76	-15
74	82	-16
76	81	-16
78	80	-16
81	79	-15
84	79	-15
87	78	-15
-23	22	-4
-22	22	-4
-21	22	-4
-21	23	-4
-21	23	-4
-21	26	-5
-20	27	-5
-20	27	-5
-20	28	-5
-19	29	-5
-19	30	-5
-19	31	-6
-19	32	-6
-19	34	-6
-19	35	-6
-18	36	-6
-18	37	-7
-18	39	-7
-18	40	-7
-18	42	-7
-17	44	-8
-17	45	-8
-17	47	-8
-16	49	-9
-16	52	-9
-12	44	-8
-11	42	-7
-9	41	-7
-8	41	-7
-8	42	-7
-4	36	-6
-3	36	-6
-2	35	-6
3	61	-11
4	61	-11
6	61	-11
6	29	-5
13	77	-14
15	75	-13
16	77	-14
19	80	-14
17	60	-11
20	61	-11
20	55	-10
21	54	-10
39	89	-16
21	42	-7
21	41	-7
22	41	-7
24	41	-7
55	93	-16
55	88	-15
51	78	-14
57	84	-15
59	83	-15
61	82	-15
63	81	-14
63	78	-14
65	77	-14
72	82	-14
75	82	-14
77	81	-14
79	80	-14
82	79	-14
85	79	-14
89	79	-14
-23	22	-4
-22	22	-4
-21	22	-4
-21	23	-4
-20	23	-4
-20	27	-5
-20	27	-5
-19	28	-5
-19	29	-5
-19	30	-5
-19	31	-5
-19	32	-6
-19	33	-6
-18	35	-6
-18	36	-6
-18	37	-7
-18	39	-7
-17	40	-7
-17	41	-7
-11	42	-7
-9	42	-7
-8	41	-7
-4	36	-6
-3	36	-6
-2	35	-6
3	61	-11
5	61	-11
6	61	-11
13	77	-14
15	76	-13
17	77	-14
20	78	-14
20	62	-11
20	57	-10
20	55	-10
21	54	-10
21	42	-7
22	41	-7
23	41	-7
53	84	-15
51	77	-14
58	84	-15
60	83	-15
62	82	-14
63	80	-14
64	78	-14
66	77	-14
73	82	-14
75	81	-14
78	81	-14
80	80	-14
83	80	-14
85	79	-14
90	79	-14
-23	22	-3
-22	22	-3
-22	22	-3
-21	22	-4
-21	23	-4
-21	26	-4
-21	26	-4
-20	27	-4
-20	28	-4
-19	29	-5
-20	30	-5
-19	31	-5
-19	32	-5
-19	33	-5
-19	34	-5
-18	35	-6
-18	37	-6
-18	38	-6
-18	39	-6
-17	41	-6
-17	43	-7
-17	44	-7
-17	47	-7
-17	48	-8
-16	50	-8
-16	52	-8
-11	43	-7
-10	42	-7
-9	41	-7
-2	35	-6
4	61	-10
5	64	-10
6	61	-10
14	76	-12
15	77	-12
17	78	-12
19	78	-12
20	63	-10
20	57	-9
20	55	-9
38	90	-14
21	44	-7
21	41	-7
22	41	-6
23	41	-6
52	81	-13
57	85	-13
58	84	-13
61	83	-13
62	82	-13
63	79	-13
64	78	-12
66	77	-12
74	82	-13
76	81	-13
78	80	-13
81	80	-13
84	79	-13
87	79	-13
-23	22	-3
-22	22	-3
-21	22	-4
-21	23	-4
-21	24	-4
-21	26	-4
-20	27	-4
-20	27	-4
-20	29	-5
-20	29	-5
-19	30	-5
-19	31	-5
-19	32	-5
-19	34	-5
-19	35	-6
-18	36	-6
-18	38	-6
-18	39	-6
-18	41	-6
-17	42	-7
-17	44	-7
-17	46	-7
-16	48	-8
-16	50	-8
-16	52	-8
-12	44	-7
-10	42	-7
-9	42	-7
-8	41	-7
-7	42	-7
-4	35	-6
-3	36	-6
-2	35	-6
3	61	-10
5	61	-10
6	62	-10
7	64	-10
13	77	-12
15	75	-12
17	77	-12
17	59	-9
20	58	-9
20	55	-9
21	54	-9
39	90	-14
21	42	-7
21	41	-6
23	41	-6
53	85	-13
50	76	-12
58	84	-13
60	83	-13
61	82	-13
63	80	-13
64	78	-12
65	77	-12
73	82	-13
75	81	-13
78	81	-13
81	80	-13
83	79	-13
85	79	-12
90	80	-13
-23	21	-3
-22	22	-3
-22	22	-3
-21	22	-3
-21	23	-3
-21	26	-4
-21	26	-4
-20	27	-4
-20	28	-4
-20	29	-4
-19	30	-4
-19	31	-4
-19	32	-4
-19	33	-5
-19	34	-5
-18	35	-5
-18	37	-5
-18	38	-5
-18	39	-6
-18	41	-6
-17	43	-6
-17	44	-6
-17	46	-6
-16	48	-7
-16	50	-7
-16	53	-7
-11	43	-6
-10	42	-6
-9	42	-6
-8	41	-6
-7	42	-6
-6	37	-5
-4	36	-5
-3	36	-5
-2	36	-5
4	61	-9
5	62	-9
6	62	-9
12	80	-11
13	77	-11
15	76	-11
17	78	-11
20	63	-9
20	58	-8
20	55	-8
21	44	-6
21	42	-6
22	41	-6
23	41	-6
52	83	-12
56	85	-12
58	84	-12
60	83	-12
62	82	-12
63	80	-11
64	78	-11
66	77	-11
74	83	-12
76	82	-12
78	81	-11
81	80	-11
83	80	-11
86	79	-11
93	82	-12
-23	22	-3
-22	22	-3
-21	22	-3
-21	23	-3
-21	26	-4
-20	27	-4
-20	27	-4
-20	28	-4
-20	29	-4
-20	30	-4
-19	31	-4
-19	32	-4
-19	33	-5
-19	34	-5
-19	35	-5
-18	37	-5
-18	38	-5
-18	39	-6
-18	41	-6
-17	42	-6
-17	44	-6
-17	47	-7
-16	48	-7
-16	50	-7
-16	53	-7
-11	43	-6
-10	42	-6
-9	42	-6
-8	41	-6
-10	53	-8
-4	36	-5
-2	36	-5
4	61	-9
5	62	-9
6	61	-9
14	77	-11
16	77	-11
17	78	-11
19	78	-11
20	63	-9
20	57	-8
20	55	-8
38	90	-13
21	44	-6
21	42	-6
22	41	-6
23	41	-6
52	81	-11
57	86	-12
59	84	-12
61	83	-12
62	82	-12
63	79	-11
64	78	-11
66	77	-11
74	83	-12
76	82	-11
79	81	-11
82	80	-11
84	79	-11
87	79	-11
-23	22	-3
-22	22	-3
-22	22	-3
-21	23	-3
-21	23	-3
-21	26	-3
-20	27	-3
-20	27	-3
-20	28	-3
-20	29	-4
-20	30	-4
-19	31	-4
-19	32	-4
-19	33	-4
-18	34	-4
-18	36	-4
-18	37	-5
-18	38	-5
-18	40	-5
-17	41	-5
-17	43	-5
-17	45	-5
-17	47	-6
-16	49	-6
-16	51	-6
-13	45	-6
-11	43	-5
-10	42	-5
-9	42	-5
-8	41	-5
-3	36	-4
-4	44	-5
-2	36	-4
4	61	-8
5	64	-8
7	61	-8
12	79	-10
14	76	-9
16	77	-9
18	78	-10
19	79	-10
20	62	-8
20	57	-7
21	55	-7
38	90	-11
21	43	-5
21	41	-5
22	41	-5
23	41	-5
52	81	-10
57	86	-11
58	84	-10
61	83	-10
62	82	-10
63	79	-10
64	78	-10
67	77	-9
74	82	-10
76	82	-10
79	81	-10
82	81	-10
84	79	-10
88	80	-10
-22	22	-3
-21	22	-3
-21	23	-3
-21	26	-3
-20	27	-3
-20	27	-3
-20	28	-3
-19	29	-4
-19	30	-4
-19	31	-4
-19	32	-4
-18	33	-4
-18	34	-4
-18	36	-4
-18	38	-5
-17	41	-5
-16	49	-6
-10	42	-5
-8	42	-5
-8	42	-5
-4	36	-4
-3	36	-4
-2	36	-4
3	61	-8
4	61	-7
6	62	-8
7	63	-8
6	30	-4
13	78	-10
15	76	-9
17	77	-10
19	81	-10
17	60	-7
20	59	-7
20	56	-7
21	55	-7
39	90	-11
21	42	-5
21	41	-5
23	41	-5
24	42	-5
53	90	-11
54	88	-11
51	78	-10
57	85	-10
59	84	-10
61	83	-10
63	81	-10
64	78	-10
65	77	-10
72	82	-10
75	82	-10
78	81	-10
80	81	-10
83	80	-10
85	79	-10
89	80	-10
-23	22	-2
-22	22	-2
-21	22	-2
-21	23	-2
-21	24	-2
-20	27	-3
-20	27	-3
-20	28	-3
-20	29	-3
-19	30	-3
-19	31	-3
-19	32	-3
-19	33	-3
-19	34	-4
-19	35	-4
-18	37	-4
-18	38	-4
-18	39	-4
-18	41	-4
-17	42	-4
-17	44	-5
-17	46	-5
-17	48	-5
-16	50	-5
-16	52	-5
-12	44	-5
-10	42	-4
-9	42	-4
-8	42	-4
-8	42	-4
-4	36	-4
-3	36	-4
-2	36	-4
3	61	-6
5	61	-6
6	62	-7
7	64	-7
13	77	-8
15	76	-8
17	78	-8
15	59	-6
17	60	-6
19	62	-6
19	58	-6
20	56	-6
21	55	-6
40	91	-10
21	42	-4
21	41	-4
23	41	-4
53	85	-9
51	78	-8
58	85	-9
60	84	-9
62	83	-9
63	81	-8
64	78	-8
65	77	-8
73	83	-9
75	82	-9
78	81	-9
80	81	-8
83	80	-8
86	79	-8
91	81	-9
-22	22	-2
-21	23	-2
-21	23	-2
-21	26	-3
-20	27	-3
-20	28	-3
-19	28	-3
-19	29	-3
-19	30	-3
-19	31	-3
-19	32	-3
-19	33	-4
-18	35	-4
-18	36	-4
-18	37	-4
-18	38	-4
-17	40	-4
-17	42	-4
-17	44	-5
-17	46	-5
-16	47	-5
-16	49	-5
-16	52	-5
-12	44	-5
-10	43	-4
-9	42	-4
-9	42	-4
-8	42	-4
-11	60	-6
-4	36	-4
-3	36	-4
-2	36	-4
3	62	-7
4	61	-6
6	62	-7
7	63	-7
6	30	-3
13	78	-8
15	76	-8
16	78	-8
19	81	-9
17	60	-6
20	59	-6
20	56	-6
21	55	-6
39	91	-10
21	42	-4
21	41	-4
23	41	-4
24	42	-4
53	90	-9
53	86	-9
51	77	-8
58	85	-9
60	84	-9
61	83	-9
63	81	-9
64	79	-8
65	78	-8
72	82	-9
75	82	-9
78	81	-9
80	81	-8
83	80	-8
85	79	-8
90	81	-8
-23	22	-2
-22	22	-2
-21	23	-2
-21	23	-2
-21	24	-2
-21	26	-2
-20	27	-2
-20	27	-2
-20	29	-2
-19	30	-3
-19	30	-3
-19	31	-3
-19	33	-3
-19	34	-3
-19	35	-3
-18	36	-3
-18	37	-3
-18	39	-3
-18	40	-4
-18	42	-4
-17	44	-4
-17	46	-4
-17	48	-4
-16	49	-4
-16	52	-5
-13	45	-4
-11	43	-4
-10	42	-4
-9	42	-4
-8	42	-4
-3	36	-3
-2	36	-3
3	62	-5
4	61	-5
5	63	-5
7	63	-6
6	30	-3
13	78	-7
14	76	-7
16	77	-7
18	81	-7
17	61	-5
20	56	-5
21	55	-5
39	91	-8
21	42	-4
21	41	-4
22	41	-4
24	42	-4
55	95	-8
54	89	-8
51	79	-7
57	85	-7
59	84	-7
61	84	-7
63	82	-7
63	79	-7
65	78	-7
71	81	-7
75	82	-7
77	82	-7
79	81	-7
82	81	-7
85	79	-7
89	80	-7
-22	22	-2
-22	22	-2
-21	23	-2
-21	27	-2
-20	27	-2
-20	28	-2
-19	28	-2
-19	29	-3
-19	30	-3
-19	31	-3
-19	32	-3
-19	33	-3
-18	35	-3
-18	36	-3
-18	37	-3
-18	39	-3
-17	40	-4
-17	42	-4
-16	47	-4
-12	44	-4
-11	43	-4
-9	42	-4
-9	42	-4
-8	42	-4
-5	37	-3
-4	35	-3
-3	36	-3
3	61	-5
4	61	-5
6	65	-6
7	64	-6
6	30	-3
13	78	-7
15	77	-7
16	78	-7
19	81	-7
17	61	-5
20	60	-5
20	56	-5
21	55	-5
39	91	-8
21	43	-4
21	41	-4
22	41	-4
24	42	-4
55	93	-8
54	88	-8
51	78	-7
57	85	-7
59	84	-7
61	83	-7
63	81	-7
63	79	-7
65	78	-7
72	83	-7
75	82	-7
77	82	-7
80	81	-7
83	81	-7
85	80	-7
89	81	-7
-23	22	-2
-22	22	-2
-22	22	-2
-21	23	-2
-21	23	-2
-21	26	-2
-20	27	-2
-20	27	-2
-20	28	-2
-19	29	-2
-20	30	-2
-19	31	-2
-19	32	-2
-19	33	-2
-19	35	-2
-18	36	-3
-18	37	-3
-18	38	-3
-18	40	-3
-18	41	-3
-17	43	-3
-17	45	-3
-17	47	-3
-16	49	-3
-16	51	-4
-13	45	-3
-11	43	-3
-10	42	-3
-9	42	-3
-8	42	-3
-2	36	-3
4	61	-4
5	64	-5
6	61	-4
14	77	-5
15	77	-5
17	78	-5
19	79	-5
20	64	-4
20	58	-4
21	55	-4
38	91	-6
21	44	-3
21	42	-3
22	41	-3
23	41	-3
52	82	-6
57	86	-6
58	85	-6
61	84	-6
62	82	-6
63	80	-6
64	78	-5
66	78	-5
74	83	-6
76	82	-6
79	81	-6
81	81	-6
84	80	-6
87	80	-6
-23	22	-2
-22	22	-2
-22	22	-2
-21	23	-2
-21	24	-2
-21	26	-2
-20	27	-2
-20	27	-2
-20	28	-2
-20	29	-2
-19	30	-2
-19	31	-2
-19	32	-2
-19	34	-2
-19	35	-2
-18	36	-3
-18	38	-3
-18	39	-3
-18	40	-3
-17	42	-3
-17	44	-3
-17	45	-3
-17	48	-3
-16	49	-3
-16	52	-4
-12	45	-3
-11	43	-3
-10	42	-3
-9	42	-3
-8	42	-3
-3	36	-3
-2	36	-2
-2	36	-3
3	62	-4
4	61	-4
7	63	-4
6	30	-2
13	78	-5
14	76	-5
16	77	-5
18	81	-6
17	61	-4
20	56	-4
21	55	-4
39	91	-6
21	43	-3
21	41	-3
22	41	-3
24	42	-3
55	93	-7
54	88	-6
51	78	-5
57	85	-6
59	84	-6
61	83	-6
63	82	-6
63	79	-6
65	78	-5
72	83	-6
75	83	-6
77	82	-6
80	81	-6
83	81	-6
85	80	-6
90	80	-6
-23	22	-1
-22	22	-1
-22	22	-1
-21	23	-1
-21	23	-1
-21	26	-1
-20	27	-1
-20	27	-1
-20	28	-1
-19	29	-2
-19	30	-2
-19	31	-2
-19	32	-2
-19	33	-2
-19	34	-2
-18	36	-2
-18	37	-2
-18	38	-2
-18	40	-2
-18	41	-2
-17	43	-2
-17	45	-2
-17	47	-2
-17	49	-3
-16	51	-3
-13	45	-2
-11	43	-2
-10	42	-2
-9	42	-2
-8	42	-2
-3	36	-2
-4	44	-2
-2	36	-2
2	62	-3
4	61	-3
5	62	-3
6	62	-3
12	79	-4
14	77	-4
16	78	-4
18	79	-4
19	79	-4
20	63	-3
20	57	-3
20	56	-3
38	91	-5
21	43	-2
21	42	-2
22	41	-2
23	42	-2
52	81	-4
57	86	-5
58	84	-4
61	84	-4
62	82	-4
63	80	-4
64	78	-4
67	78	-4
74	83	-4
76	82	-4
79	81	-4
82	81	-4
84	80	-4
88	80	-4
-22	22	-1
-21	23	-1
-21	23	-1
-21	23	-1
-21	27	-1
-20	27	-1
-19	28	-1
-19	29	-2
-19	30	-2
-19	31	-2
-19	32	-2
-19	33	-2
-18	34	-2
-18	35	-2
-18	37	-2
-18	38	-2
-17	41	-2
-17	45	-2
-16	48	-3
-10	43	-2
-9	42	-2
-8	42	-2
-3	36	-2
-2	36	-2
4	61	-3
6	65	-3
7	62	-3
13	79	-4
14	77	-4
16	78	-4
18	81	-4
17	61	-3
20	57	-3
21	55	-3
39	91	-5
21	43	-2
21	41	-2
22	41	-2
24	42	-2
56	96	-5
54	89	-5
51	80	-4
57	85	-4
59	84	-4
61	84	-4
62	82	-4
63	79	-4
65	78	-4
72	83	-4
75	83	-4
77	82	-4
80	81	-4
82	81	-4
85	80	-4
89	80	-4
-23	22	-1
-22	22	-1
-21	22	-1
-21	23	-1
-21	26	-1
-20	27	-1
-20	27	-1
-20	28	-1
-20	29	-1
-20	30	-1
-19	31	-1
-19	32	-1
-19	33	-1
-19	34	-1
-19	36	-1
-18	37	-1
-18	38	-1
-18	40	-1
-18	41	-1
-17	43	-1
-17	45	-2
-17	47	-2
-17	48	-2
-16	51	-2
-16	53	-2
-11	43	-2
-10	42	-1
-9	42	-1
-8	42	-1
-5	37	-1
-3	36	-1
-3	37	-1
-2	36	-1
4	62	-2
5	61	-2
6	61	-2
14	77	-3
15	77	-3
17	79	-3
19	79	-3
21	78	-3
20	64	-2
20	58	-2
20	56	-2
38	91	-3
21	45	-2
21	42	-1
22	41	-1
23	41	-1
52	82	-3
57	86	-3
58	85	-3
60	84	-3
62	83	-3
63	80	-3
64	78	-3
66	78	-3
74	83	-3
76	82	-3
79	82	-3
81	81	-3
84	80	-3
87	80	-3
-22	22	-1
-22	23	-1
-21	23	-1
-21	23	-1
-20	27	-1
-20	27	-1
-19	28	-1
-19	29	-1
-19	30	-1
-19	31	-1
-19	32	-1
-19	33	-1
-18	34	-1
-18	36	-1
-18	38	-1
-17	40	-1
-17	41	-1
-16	49	-2
-10	43	-1
-9	42	-1
-8	42	-1
-3	36	-1
3	63	-2
4	62	-2
6	65	-2
7	64	-2
6	30	-1
13	78	-3
14	77	-3
16	78	-3
19	81	-3
17	61	-2
20	61	-2
20	56	-2
21	55	-2
39	91	-3
21	42	-1
21	41	-1
23	41	-1
24	42	-1
53	91	-3
54	87	-3
51	79	-3
58	85	-3
60	84	-3
61	83	-3
63	81	-3
64	79	-3
65	78	-3
72	83	-3
75	83	-3
78	82	-3
80	81	-3
83	80	-3
85	80	-3
91	81	-3
-23	22	0
-22	22	0
-22	22	0
-21	23	0
-21	24	0
-21	24	0
-21	25	0
-21	27	0
-20	27	0
-20	27	0
-20	28	0
-20	29	-1
-19	30	-1
-19	31	-1
-19	32	-1
-19	34	-1
-18	35	-1
-19	36	-1
-18	38	-1
-18	39	-1
-18	40	-1
-18	42	-1
-17	44	-1
-17	45	-1
-17	47	-1
-16	49	-1
-16	51	-1
-13	45	-1
-11	43	-1
-10	42	-1
-9	42	-1
-8	42	-1
-3	36	-1
-2	36	-1
3	62	-1
4	61	-1
5	62	-1
7	63	-1
6	30	-1
13	79	-1
14	77	-1
16	78	-1
18	81	-1
17	61	-1
20	56	-1
21	55	-1
39	91	-2
21	43	-1
21	41	-1
22	41	-1
24	42	-1
56	96	-2
54	89	-2
52	80	-1
57	85	-1
59	84	-1
61	83	-1
62	82	-1
63	79	-1
65	78	-1
71	82	-1
74	83	-1
77	82	-1
79	81	-1
82	80	-1
85	80	-1
89	80	-1
-22	22	0
-22	22	0
-21	22	0
-21	23	0
-21	26	0
-21	27	0
-20	27	0
-20	28	0
-20	29	-1
-19	30	-1
-19	31	-1
-19	32	-1
-19	33	-1
-19	34	-1
-18	36	-1
-18	37	-1
-18	38	-1
-18	40	-1
-18	41	-1
-17	43	-1
-17	45	-1
-17	47	-1
-16	49	-1
-16	51	-1
-16	53	-1
-12	43	-1
-10	42	-1
-9	42	-1
-8	42	-1
-7	42	-1
-4	36	-1
-3	36	-1
-2	36	-1
4	62	-1
5	62	-1
6	62	-1
12	80	-1
14	78	-1
15	77	-1
17	79	-1
20	64	-1
20	58	-1
20	56	-1
21	45	-1
21	42	-1
22	41	-1
23	41	-1
52	83	-1
55	85	-1
58	85	-1
60	84	-1
62	83	-1
63	81	-1
64	78	-1
66	78	-1
74	84	-1
76	82	-1
78	81	-1
81	81	-1
83	80	-1
86	80	-1
-23	22	0
-22	22	0
-22	22	0
-21	23	0
-21	23	0
-21	27	0
-20	27	0
-20	27	0
-20	28	0
-19	29	0
-19	30	0
-19	31	0
-19	32	0
-19	34	0
-19	35	0
-19	36	0
-18	37	0
-18	39	0
-18	40	0
-18	42	0
-17	43	0
-17	45	0
-17	47	0
-16	49	0
-16	52	0
-13	45	0
-11	43	0
-10	42	0
-9	42	0
-8	42	0
-4	36	0
-3	36	0
-4	45	0
-2	36	0
3	63	0
4	62	0
5	64	0
7	62	0
13	79	0
14	77	0
16	78	0
18	81	0
19	79	0
16	59	0
20	57	0
21	55	0
39	91	0
21	43	0
21	41	0
22	41	0
23	42	0
52	81	0
57	85	0
59	85	0
61	84	0
62	82	0
63	80	0
64	78	0
67	78	0
74	83	0
77	82	0
79	81	0
82	81	0
84	80	0
89	81	0
-23	22	0
-22	22	0
-21	23	0
-21	23	0
-21	24	0
-21	27	0
-20	27	0
-20	28	0
-20	29	0
-20	30	0
-19	31	0
-19	32	0
-19	33	0
-19	34	0
-19	35	0
-18	37	0
-18	38	0
-18	39	0
-18	41	0
-17	43	0
-17	44	0
-17	46	0
-17	48	0
-16	50	0
-16	53	0
-12	44	0
-10	43	0
-9	42	0
-8	42	0
-7	42	0
-4	36	0
-3	36	0
-2	36	0
3	62	0
5	62	0
6	62	0
13	78	0
15	77	0
17	78	0
20	63	0
20	58	0
20	56	0
21	45	0
21	42	0
22	41	0
23	41	0
52	83	0
55	85	0
58	85	0
60	84	0
62	83	0
63	81	0
64	79	0
66	78	0
74	84	0
76	83	0
78	81	0
81	81	0
83	80	0
86	80	0
94	84	0
-23	22	0
-22	22	0
-21	22	0
-21	23	0
-20	24	0
-20	25	0
-21	26	0
-20	27	0
-20	27	0
-20	28	0
-20	29	1
-19	30	1
-19	31	1
-19	32	1
-19	33	1
-19	35	1
-18	36	1
-18	37	1
-18	38	1
-18	40	1
-18	41	1
-17	43	1
-17	45	1
-17	47	1
-16	49	1
-16	51	1
-16	53	1
-11	43	1
-10	42	1
-9	42	1
-8	42	1
-4	37	1
-2	36	1
4	62	1
5	63	1
6	61	1
14	77	1
16	78	1
17	79	1
20	64	1
20	58	1
20	56	1
38	91	2
21	44	1
21	42	1
22	41	1
23	41	1
52	82	1
57	86	2
58	85	1
60	84	1
62	82	1
63	80	1
64	78	1
67	78	1
74	83	1
76	82	1
79	82	1
82	81	1
84	80	1
88	80	1
-22	22	0
-21	23	0
-21	23	0
-21	23	0
-20	27	0
-20	27	0
-19	28	0
-19	29	1
-19	30	1
-19	31	1
-19	32	1
-19	33	1
-18	34	1
-18	36	1
-18	37	1
-18	38	1
-17	40	1
-17	41	1
-17	45	1
-10	43	1
-9	42	1
-8	42	1
-3	36	1
-2	36	1
3	62	1
4	61	1
6	65	1
7	62	1
13	79	1
14	77	1
16	78	1
18	80	1
17	60	1
20	57	1
21	55	1
39	91	2
21	43	1
21	42	1
22	41	1
24	42	1
52	81	1
57	85	1
59	84	1
61	84	1
62	82	1
63	79	1
65	78	1
69	80	1
74	83	1
77	82	1
79	81	1
82	81	1
85	80	1
89	81	1
-23	22	1
-22	22	1
-22	22	1
-21	23	1
-21	23	1
-21	26	1
-20	27	1
-20	27	1
-20	28	1
-19	29	1
-19	30	1
-19	31	1
-19	32	1
-19	34	1
-18	35	1
-19	37	1
-18	37	1
-18	39	1
-18	41	1
-18	42	1
-17	44	2
-17	45	2
-17	48	2
-16	49	2
-16	52	2
-13	45	2
-11	43	1
-10	42	1
-9	42	1
-8	42	1
-4	37	1
-3	36	1
-2	36	1
3	62	2
4	62	2
6	65	2
7	63	2
6	30	1
13	79	3
14	76	3
16	78	3
18	81	3
17	61	2
20	56	2
21	55	2
39	91	3
21	43	1
22	41	1
23	41	1
24	42	1
55	93	3
54	88	3
51	78	3
57	85	3
59	84	3
61	83	3
63	82	3
63	79	3
65	78	3
72	83	3
75	83	3
77	82	3
80	81	3
83	81	3
85	80	3
89	80	3
-23	22	1
-22	22	1
-21	23	1
-21	23	1
-20	27	1
-20	27	1
-19	28	1
-19	29	1
-19	30	1
-19	31	1
-19	32	1
-19	33	1
-18	34	1
-18	35	1
-18	37	1
-18	38	1
-18	39	1
-17	41	1
-17	43	1
-16	48	2
-10	42	1
-9	42	1
-8	42	1
-3	36	1
-4	45	2
-2	36	1
3	65	2
4	62	2
5	61	2
7	62	2
13	79	3
14	77	3
16	78	3
18	81	3
17	59	2
20	57	2
21	55	2
39	91	3
21	43	2
21	42	1
22	41	1
23	42	1
52	81	3
57	85	3
59	85	3
61	84	3
62	82	3
63	79	3
65	78	3
68	79	3
74	83	3
77	82	3
79	81	3
82	81	3
85	80	3
89	81	3
-23	22	1
-22	22	1
-22	22	1
-21	23	1
-21	23	1
-21	26	1
-20	27	1
-20	28	1
-20	28	1
-19	29	2
-19	30	2
-19	31	2
-19	33	2
-19	34	2
-19	35	2
-18	36	2
-18	38	2
-18	39	2
-18	41	2
-18	42	2
-17	44	2
-17	46	2
-17	48	2
-16	49	3
-16	52	3
-12	45	2
-11	43	2
-10	42	2
-8	42	2
-8	42	2
-11	60	3
-4	36	2
-3	36	2
-2	36	2
3	61	3
4	62	3
6	63	3
7	64	3
6	30	2
13	78	4
14	76	4
17	78	4
17	60	3
20	59	3
20	56	3
21	55	3
21	45	2
21	42	2
21	41	2
23	41	2
52	84	4
54	83	4
58	85	4
60	84	4
62	83	4
63	81	4
64	79	4
66	77	4
73	83	4
75	82	4
78	81	4
81	81	4
83	80	4
86	80	4
-22	22	1
-22	22	1
-21	23	1
-20	23	1
-20	24	1
-20	25	1
-20	27	1
-20	28	1
-20	28	1
-19	29	2
-19	30	2
-19	31	2
-19	32	2
-19	33	2
-18	35	2
-18	36	2
-18	37	2
-18	38	2
-17	40	2
-16	47	2
-11	43	2
-9	42	2
-9	42	2
-8	42	2
-11	60	3
-4	36	2
-3	36	2
-2	36	2
3	62	3
5	61	3
6	62	3
7	64	3
13	78	4
15	76	4
17	78	4
15	60	3
17	60	3
19	61	3
19	58	3
20	56	3
21	55	3
21	42	2
22	41	2
23	41	2
52	84	4
54	83	4
58	85	4
60	84	4
62	83	4
63	81	4
64	79	4
66	78	4
73	83	4
76	83	4
78	81	4
81	81	4
83	80	4
86	79	4
93	83	4
-23	22	2
-22	22	2
-21	22	2
-21	23	2
-20	24	2
-20	27	2
-20	27	2
-20	28	2
-20	29	2
-19	30	2
-19	31	2
-19	32	2
-19	33	2
-19	34	2
-19	35	2
-18	37	3
-18	38	3
-18	39	3
-18	41	3
-17	43	3
-17	44	3
-17	47	3
-17	48	3
-16	50	4
-16	52	4
-11	43	3
-10	42	3
-9	42	3
-8	42	3
-3	36	3
-3	36	3
-2	36	3
4	62	4
5	63	4
6	62	4
12	80	6
14	77	5
15	77	5
17	79	5
19	79	5
21	78	5
20	64	4
20	58	4
20	56	4
38	91	6
21	44	3
21	42	3
22	41	3
23	41	3
52	82	6
57	86	6
58	85	6
60	84	6
62	82	6
63	80	6
64	78	5
67	78	5
74	83	6
76	82	6
78	81	6
81	81	6
84	80	6
88	80	6
-22	22	2
-21	23	2
-21	23	2
-20	24	2
-20	27	2
-20	28	2
-19	29	2
-19	29	2
-19	30	2
-19	31	2
-19	33	2
-18	34	2
-18	35	2
-18	36	3
-18	38	3
-18	39	3
-17	40	3
-17	42	3
-16	48	3
-16	50	4
-16	52	4
-11	43	3
-10	42	3
-9	42	3
-8	42	3
-7	42	3
-3	36	3
-3	36	3
-2	36	3
4	62	4
5	63	4
6	62	4
12	80	6
14	77	5
15	77	5
17	79	5
19	79	5
21	78	5
20	64	4
20	58	4
20	56	4
38	91	6
21	44	3
21	42	3
22	41	3
23	41	3
52	81	6
57	86	6
59	85	6
61	84	6
62	82	6
63	80	6
64	78	5
67	78	5
74	83	6
76	82	6
79	81	6
82	81	6
84	80	6
88	80	6
-23	22	2
-22	22	2
-21	23	2
-21	23	2
-21	26	2
-21	26	2
-20	27	2
-20	28	2
-20	28	2
-20	29	3
-19	30	3
-19	32	3
-19	33	3
-19	34	3
-19	35	3
-19	36	3
-18	38	3
-18	39	3
-18	40	4
-18	42	4
-17	44	4
-17	46	4
-17	47	4
-16	49	4
-16	52	5
-12	44	4
-11	43	4
-10	42	4
-8	42	4
-8	42	4
-11	60	5
-4	36	3
-3	36	3
3	65	6
4	61	5
6	61	5
7	63	6
6	30	3
13	78	7
14	76	7
16	78	7
19	81	7
17	61	5
20	60	5
20	56	5
21	55	5
39	91	8
21	42	4
21	41	4
22	41	4
24	42	4
54	92	8
54	88	8
51	78	7
57	85	7
59	84	7
61	83	7
63	81	7
63	79	7
65	78	7
72	83	7
75	82	7
77	82	7
80	81	7
83	81	7
85	79	7
89	80	7
-22	22	2
-21	23	2
-21	23	2
-21	27	2
-20	27	2
-20	28	2
-20	28	2
-19	30	3
-19	30	3
-19	31	3
-19	33	3
-19	34	3
-18	35	3
-18	36	3
-18	38	3
-18	39	3
-17	40	4
-17	42	4
-11	43	4
-10	42	4
-9	42	4
-8	41	4
-4	36	3
-3	36	3
-2	36	3
4	61	5
5	63	5
6	62	5
12	80	7
14	77	7
15	77	7
17	78	7
19	78	7
21	78	7
20	64	6
20	58	5
20	56	5
38	91	8
21	44	4
21	42	4
22	41	4
23	41	4
52	82	7
57	86	8
58	85	7
60	84	7
62	82	7
63	80	7
64	78	7
66	78	7
74	83	7
76	82	7
78	81	7
81	81	7
84	80	7
87	80	7
-23	22	2
-22	22	2
-21	22	2
-21	23	2
-21	23	2
-21	26	3
-20	27	3
-20	28	3
-20	28	3
-20	29	3
-19	30	3
-19	31	3
-19	32	3
-19	33	4
-19	35	4
-18	36	4
-18	37	4
-18	39	4
-18	40	4
-17	42	4
-17	44	5
-17	45	5
-17	48	5
-16	49	5
-16	52	5
-13	45	5
-11	42	4
-10	42	4
-8	42	4
-8	42	4
-4	36	4
-3	36	4
-2	36	4
3	61	6
4	61	6
6	61	6
6	30	3
13	78	8
15	76	8
16	77	8
19	81	8
17	61	6
20	59	6
20	56	6
21	55	6
39	90	10
21	42	4
21	41	4
23	41	4
24	42	4
53	90	10
53	86	9
51	78	8
58	85	9
60	84	9
61	83	9
63	81	8
64	78	8
65	77	8
72	82	9
75	82	9
78	81	9
80	81	8
83	80	8
86	79	8
91	81	9
-22	22	2
-22	22	2
-21	23	2
-20	23	2
-20	27	3
-20	27	3
-20	28	3
-19	29	3
-19	30	3
-19	31	3
-19	32	3
-19	33	3
-18	34	4
-18	35	4
-18	37	4
-18	38	4
-18	39	4
-17	41	4
-17	44	5
-16	48	5
-10	42	4
-9	42	4
-8	42	4
-4	36	4
-3	36	4
-4	44	5
-2	36	4
4	65	7
5	65	7
6	62	7
13	79	8
14	76	8
16	77	8
18	80	8
16	59	6
20	57	6
21	55	6
39	90	9
21	43	5
21	41	4
22	41	4
24	41	4
52	81	8
57	85	9
59	84	9
61	83	9
62	82	9
63	79	8
65	78	8
67	77	8
74	82	9
77	82	9
79	81	8
82	80	8
84	79	8
89	80	8
-23	22	3
-22	22	3
-22	22	3
-21	23	3
-21	23	3
-21	26	3
-20	27	3
-20	27	3
-20	28	3
-20	29	4
-19	30	4
-19	31	4
-19	32	4
-19	34	4
-19	35	4
-18	36	4
-18	37	5
-18	39	5
-18	40	5
-18	42	5
-17	44	5
-17	45	6
-17	47	6
-16	49	6
-16	51	6
-12	45	5
-11	42	5
-10	42	5
-9	41	5
-8	42	5
-3	36	4
-2	35	4
3	62	8
4	61	8
6	65	8
7	63	8
6	30	4
13	78	10
14	76	9
16	78	10
19	81	10
17	61	7
20	60	7
20	56	7
21	55	7
39	90	11
21	42	5
21	41	5
23	41	5
24	42	5
53	90	11
54	87	11
51	78	10
58	85	10
59	84	10
61	83	10
63	81	10
63	79	10
65	77	9
72	82	10
75	82	10
77	81	10
80	81	10
83	80	10
85	79	10
90	80	10
-23	22	3
-22	22	3
-21	22	3
-21	23	3
-21	23	3
-21	26	3
-20	27	3
-20	27	3
-20	28	3
-19	29	4
-19	30	4
-19	31	4
-19	32	4
-19	33	4
-19	34	4
-18	36	4
-18	37	5
-18	38	5
-18	40	5
-18	41	5
-17	43	5
-17	45	5
-17	47	6
-16	49	6
-16	51	6
-13	45	6
-11	43	5
-10	42	5
-9	42	5
-8	41	5
-4	36	4
-3	36	4
-4	44	5
-2	36	4
4	61	8
5	64	8
6	61	8
13	79	10
14	76	9
16	77	9
18	79	10
19	78	10
20	62	8
20	57	7
20	55	7
38	90	11
21	43	5
21	41	5
22	41	5
23	41	5
52	81	10
57	86	11
59	84	10
61	83	10
62	82	10
63	79	10
64	78	10
67	77	9
74	82	10
77	82	10
79	81	10
82	80	10
84	79	10
88	80	10
-23	22	3
-22	22	3
-22	22	3
-21	22	3
-21	23	3
-21	26	4
-21	27	4
-20	27	4
-20	28	4
-20	29	4
-19	30	4
-19	31	4
-19	32	4
-19	33	5
-19	34	5
-18	35	5
-18	37	5
-18	38	5
-18	40	6
-18	41	6
-17	43	6
-17	45	6
-17	47	7
-16	48	7
-16	50	7
-13	45	6
-11	43	6
-10	42	6
-9	42	6
-8	41	6
-2	36	5
4	61	9
5	61	9
6	61	9
14	76	11
15	77	11
17	78	11
20	63	9
20	57	8
20	55	8
38	90	13
21	44	6
21	42	6
22	41	6
23	41	6
52	82	11
56	85	12
58	84	12
60	83	12
62	82	11
63	79	11
64	78	11
66	77	11
74	83	12
76	82	11
78	81	11
81	80	11
84	79	11
87	79	11
-23	22	3
-22	22	3
-21	22	3
-21	23	3
-21	24	3
-21	26	4
-20	27	4
-20	28	4
-20	29	4
-19	30	4
-19	31	4
-19	32	4
-19	33	5
-19	34	5
-19	35	5
-18	37	5
-18	38	5
-18	39	6
-18	41	6
-17	42	6
-17	44	6
-17	46	7
-17	48	7
-16	50	7
-16	52	7
-11	43	6
-10	42	6
-9	42	6
-8	41	6
-8	42	6
-4	36	5
-3	36	5
-2	36	5
3	64	9
5	64	9
6	62	9
14	77	11
15	76	11
17	78	11
20	63	9
20	58	8
20	55	8
38	90	13
21	44	6
21	41	6
21	41	6
23	41	6
52	82	12
56	84	12
58	84	12
60	83	12
62	82	12
63	80	11
64	78	11
66	77	11
74	83	12
76	82	12
78	81	11
81	81	11
84	80	11
86	79	11
-23	22	3
-22	22	3
-22	22	4
-21	23	4
-21	23	4
-21	26	4
-20	27	4
-20	27	4
-20	28	4
-19	29	5
-19	30	5
-19	31	5
-19	32	5
-19	33	5
-19	34	5
-18	36	6
-18	37	6
-18	38	6
-18	40	6
-17	41	7
-17	43	7
-17	45	7
-17	47	7
-16	49	8
-16	51	8
-13	45	7
-11	42	7
-10	42	7
-9	41	7
-8	41	7
-4	36	6
-3	36	6
-2	35	6
-2	36	6
3	61	10
4	61	10
6	64	10
7	62	10
6	30	5
13	77	12
14	76	12
16	77	12
18	80	13
17	60	10
20	56	9
21	54	9
39	90	14
21	42	7
21	41	6
22	41	6
24	41	7
55	94	15
55	88	14
51	78	12
57	84	13
59	83	13
61	83	13
63	81	13
63	78	12
65	77	12
72	82	13
75	82	13
77	81	13
80	80	13
83	80	13
85	79	12
89	79	13
-23	22	3
-22	22	4
-21	22	4
-21	23	4
-20	26	4
-20	27	4
-20	27	4
-19	29	5
-19	29	5
-19	30	5
-19	31	5
-19	33	5
-19	34	5
-18	35	6
-18	36	6
-18	38	6
-18	39	6
-17	40	6
-17	42	7
-16	48	8
-10	42	7
-9	42	7
-8	41	7
-4	36	6
-3	36	6
-2	36	6
4	61	10
5	64	10
7	61	10
13	78	12
14	76	12
16	77	12
18	80	13
17	59	9
20	56	9
21	55	9
39	90	14
21	42	7
21	41	6
22	41	6
24	41	7
52	80	13
57	84	13
59	83	13
61	83	13
63	81	13
63	78	12
65	77	12
70	80	13
75	82	13
77	81	13
79	80	13
82	80	13
84	79	12
89	80	13
