0	0	0
-201	33	58
-193	35	60
-186	36	62
-186	38	66
-182	40	70
-180	42	73
-177	44	76
-175	46	80
-172	48	83
-173	51	88
-172	54	93
-170	56	96
-168	58	100
-169	61	106
-167	63	110
-164	65	113
-161	67	116
-160	70	122
-158	72	125
-157	75	130
-155	78	135
-154	81	140
-152	84	145
-168	97	167
-161	97	168
-151	96	166
-145	97	167
-138	97	167
-131	97	167
-125	97	167
-119	97	168
-112	97	168
-106	96	167
-101	97	168
-95	97	167
-89	96	167
-83	97	167
-79	97	168
-73	97	168
-68	97	167
-63	97	168
-58	97	167
-53	97	168
-48	97	168
-44	97	168
-39	97	169
-34	97	168
-30	98	169
-25	97	169
-20	98	169
-16	98	169
-11	98	169
-7	97	169
-2	98	169
2	98	169
7	98	170
12	98	169
16	98	170
21	98	170
25	98	170
30	98	170
35	98	171
39	98	170
44	98	170
49	98	170
54	99	171
59	98	170
64	98	170
69	99	171
26	30	51
29	26	45
30	25	44
32	26	44
33	25	44
35	25	44
36	25	44
39	26	44
40	26	44
42	26	45
44	25	44
46	26	44
49	26	44
51	26	45
54	26	45
25	10	18
24	9	16
24	9	16
25	9	15
26	9	15
26	9	15
27	8	14
27	8	14
-196	34	60
-186	35	61
-185	38	65
-183	40	68
-180	42	72
-179	44	76
-175	46	79
-174	48	83
-175	51	88
-172	53	91
-171	55	95
-168	57	99
-168	60	104
-168	63	109
-164	64	111
-161	69	120
-159	72	124
-158	75	130
-155	77	134
-155	81	140
-152	83	144
-169	96	167
-162	97	168
-154	97	168
-146	96	167
-139	96	167
-132	96	167
-126	97	168
-120	97	168
-114	97	168
-108	97	168
-102	97	168
-96	96	167
-90	97	167
-84	96	167
-80	97	168
-74	97	167
-69	97	167
-64	97	168
-59	97	169
-54	97	168
-49	97	168
-44	97	168
-40	97	169
-35	97	168
-30	98	169
-26	97	169
-21	98	169
-16	97	169
-12	98	169
-7	97	169
-3	98	169
2	98	170
6	98	170
11	98	170
16	98	170
20	98	170
25	98	170
29	98	170
34	99	171
39	98	170
44	98	170
48	98	170
54	99	171
58	98	170
63	98	170
69	99	171
26	30	51
29	26	45
30	26	44
32	26	44
33	25	44
35	25	44
36	25	44
38	26	44
40	26	44
42	26	45
44	25	44
46	26	44
49	26	45
51	26	45
53	26	45
25	10	18
24	9	16
24	9	15
25	9	16
25	9	15
26	9	15
27	8	14
27	8	14
-199	39	55
-190	40	57
-185	42	60
-185	45	64
-181	47	66
-180	49	70
-177	51	73
-174	53	76
-173	56	80
-173	59	84
-172	62	89
-169	64	92
-169	68	96
-168	70	100
-166	73	105
-163	75	108
-163	79	113
-159	81	116
-158	84	120
-157	88	125
-155	91	129
-154	94	134
-167	107	153
-166	111	159
-158	111	159
-150	111	158
-143	111	159
-136	111	158
-130	111	159
-123	111	159
-117	112	159
-111	111	159
-105	111	159
-99	111	158
-93	111	159
-88	111	159
-82	111	159
-77	111	159
-72	112	159
-67	111	159
-62	111	159
-57	112	160
-52	111	159
-47	112	159
-43	112	160
-38	112	160
-33	112	160
-28	112	160
-24	112	160
-19	112	160
-14	112	160
-10	112	160
-5	112	160
0	112	160
4	113	162
9	113	161
13	113	161
18	113	161
22	113	161
27	113	162
32	113	162
36	113	161
41	113	161
46	112	161
50	112	160
56	113	161
61	113	161
66	113	162
71	113	162
26	36	51
26	34	48
29	29	42
30	29	42
32	29	42
34	29	42
36	29	42
37	29	42
39	29	42
41	29	42
43	29	42
45	29	42
48	30	42
49	29	42
52	30	42
54	29	42
24	11	16
24	11	15
24	10	15
25	10	14
26	10	14
27	10	14
27	9	14
-202	38	55
-193	40	57
-186	41	59
-186	44	63
-182	46	66
-179	48	69
-178	51	73
-175	53	76
-173	56	80
-173	59	84
-172	61	88
-170	64	91
-168	66	95
-168	70	100
-167	73	104
-164	75	107
-162	78	111
-160	81	115
-159	84	120
-156	87	124
-155	90	128
-154	94	134
-151	96	138
-167	111	159
-160	112	160
-152	111	159
-144	111	158
-137	111	159
-130	111	159
-124	111	159
-118	111	159
-112	111	159
-106	112	159
-99	111	158
-94	111	159
-88	111	158
-82	111	158
-77	111	159
-72	112	159
-67	111	159
-62	111	159
-57	111	159
-52	111	159
-47	112	159
-43	112	160
-38	112	160
-33	112	160
-28	112	160
-24	112	160
-19	112	160
-14	112	160
-10	112	160
-5	112	160
0	112	161
4	113	162
9	113	161
13	113	161
18	113	161
22	113	161
27	113	162
32	113	162
36	113	161
41	113	161
46	113	161
51	113	162
56	113	161
61	112	160
66	113	162
71	113	162
26	36	51
26	34	48
29	29	42
31	29	42
32	29	42
34	29	42
36	29	42
38	29	42
40	29	42
41	29	42
43	29	42
46	29	42
48	30	42
50	30	42
52	30	42
55	30	42
24	11	16
24	10	15
25	10	14
26	10	14
27	10	14
28	10	14
-194	44	52
-186	45	54
-185	48	58
-182	51	61
-180	54	64
-177	56	67
-175	59	70
-173	61	73
-175	65	78
-171	68	81
-171	71	84
-168	73	88
-168	77	92
-167	80	96
-163	83	99
-161	85	102
-161	90	107
-159	93	110
-157	96	114
-156	99	119
-154	103	123
-152	106	127
-170	125	149
-163	125	149
-155	125	149
-147	125	148
-140	125	149
-134	125	149
-126	125	149
-121	125	149
-114	126	150
-108	125	149
-102	125	149
-96	125	149
-91	125	149
-85	125	149
-80	125	149
-74	125	148
-69	125	149
-64	125	149
-59	126	150
-54	125	149
-49	125	149
-45	125	150
-40	126	150
-35	126	150
-31	126	150
-26	126	150
-21	126	150
-16	126	150
-12	127	151
-7	127	151
-3	126	151
2	127	151
6	127	151
11	127	151
16	126	151
20	127	151
25	127	151
29	127	152
34	127	152
39	127	152
44	126	151
48	127	151
53	127	151
58	127	152
63	127	151
68	127	152
74	128	152
26	38	45
27	35	42
29	33	40
30	33	39
32	33	39
33	33	39
35	33	39
36	33	39
39	33	39
40	33	40
42	33	40
44	33	39
46	33	39
48	33	39
51	33	40
53	33	40
25	13	16
24	12	15
24	12	14
25	12	14
25	11	13
26	11	13
26	11	13
27	10	12
-199	43	52
-189	44	53
-185	47	56
-186	50	60
-182	52	62
-178	55	65
-177	58	69
-173	60	71
-172	62	74
-173	66	79
-172	70	83
-169	72	86
-167	75	89
-167	79	94
-165	81	97
-161	84	100
-163	88	105
-159	91	108
-158	94	112
-156	98	116
-155	102	121
-153	105	125
-151	108	129
-167	126	150
-159	126	150
-152	125	149
-143	125	149
-137	125	149
-130	125	149
-123	125	149
-117	125	149
-111	125	149
-105	125	149
-99	125	149
-94	125	149
-88	125	149
-82	125	149
-77	125	149
-72	125	149
-67	125	149
-62	125	149
-57	125	149
-52	125	149
-47	125	150
-42	126	150
-38	126	150
-33	126	150
-28	126	150
-23	126	150
-19	127	151
-14	126	150
-9	126	150
-5	126	151
0	127	151
4	127	151
9	127	151
14	127	151
18	127	151
23	127	151
27	128	152
32	127	151
37	127	151
41	127	151
46	127	152
51	127	152
56	127	151
61	127	152
66	127	152
71	127	151
26	40	48
26	38	45
29	33	39
31	33	39
33	33	39
34	33	39
36	33	39
38	33	39
40	33	39
42	33	40
43	33	39
45	33	39
48	33	39
50	33	40
52	33	40
55	33	40
24	12	15
24	12	14
24	11	14
25	11	13
26	11	13
27	11	13
27	10	12
-200	47	47
-192	49	49
-186	51	51
-185	54	54
-182	57	57
-179	60	60
-176	62	62
-175	65	65
-173	68	68
-175	73	73
-171	75	75
-169	78	78
-168	82	82
-168	86	86
-166	89	89
-163	92	92
-163	96	96
-160	99	99
-159	103	103
-156	106	106
-155	110	110
-153	114	114
-151	118	118
-169	138	138
-161	138	138
-151	136	136
-146	137	137
-139	137	137
-133	138	138
-126	137	137
-120	139	139
-114	139	139
-108	139	139
-101	137	137
-96	138	138
-90	138	138
-85	138	138
-79	138	138
-74	138	138
-69	138	138
-64	138	138
-59	138	138
-54	139	139
-49	138	138
-44	138	138
-40	139	139
-35	139	139
-30	139	139
-26	139	139
-21	139	139
-16	139	139
-12	139	139
-7	139	139
-3	139	139
2	139	139
7	140	140
11	140	140
16	140	140
20	140	140
25	140	140
30	140	140
34	140	140
39	140	140
44	140	140
49	140	140
54	140	140
59	140	140
64	141	141
69	140	140
74	141	141
26	42	42
27	39	39
29	37	37
30	36	36
32	36	36
33	36	36
35	36	36
37	37	37
39	36	36
41	37	37
43	37	37
44	37	37
46	36	36
49	37	37
51	37	37
53	36	36
25	15	15
24	13	13
24	13	13
24	12	12
25	12	12
26	12	12
27	12	12
27	11	11
-199	48	48
-189	49	49
-185	52	52
-185	55	55
-181	58	58
-178	60	60
-176	63	63
-174	66	66
-172	69	69
-173	73	73
-172	77	77
-169	79	79
-167	82	82
-167	87	87
-165	90	90
-162	92	92
-162	97	97
-159	100	100
-157	103	103
-155	107	107
-154	111	111
-153	116	116
-150	119	119
-168	139	139
-159	138	138
-139	127	127
-144	138	138
-137	138	138
-130	137	137
-124	138	138
-117	138	138
-112	138	138
-105	138	138
-100	138	138
-94	138	138
-89	139	139
-82	137	137
-78	138	138
-72	138	138
-67	138	138
-62	138	138
-57	138	138
-52	138	138
-47	138	138
-43	139	139
-38	139	139
-33	139	139
-28	139	139
-24	139	139
-19	139	139
-14	139	139
-10	139	139
-5	139	139
0	139	139
4	140	140
9	140	140
13	140	140
18	141	141
22	140	140
27	140	140
32	140	140
37	140	140
41	140	140
46	140	140
51	140	140
56	139	139
61	141	141
66	140	140
71	140	140
78	142	142
26	41	41
29	36	36
31	36	36
32	36	36
34	36	36
36	36	36
38	36	36
40	37	37
41	37	37
43	36	36
45	37	37
48	37	37
50	37	37
52	37	37
54	36	36
24	14	14
24	13	13
24	13	13
25	12	12
25	12	12
27	12	12
26	12	12
-194	52	44
-186	54	45
-184	57	48
-182	60	50
-180	63	53
-178	66	56
-175	69	58
-172	72	61
-171	75	63
-172	80	67
-171	84	70
-168	86	73
-167	90	76
-167	95	80
-164	98	82
-160	105	88
-158	109	91
-157	113	95
-155	117	98
-153	121	102
-152	126	106
-150	130	109
-166	151	127
-158	150	126
-139	139	116
-143	149	125
-136	150	126
-129	150	126
-123	150	126
-117	150	126
-111	151	127
-105	150	126
-99	151	126
-93	150	126
-88	151	126
-82	150	126
-77	150	126
-72	150	126
-67	150	126
-61	150	126
-56	151	126
-52	151	127
-46	151	126
-42	151	126
-37	151	127
-32	151	127
-28	151	127
-23	152	127
-18	151	127
-14	151	127
-9	151	127
-4	152	127
0	152	127
5	152	127
10	152	128
14	153	128
18	153	128
23	152	128
28	152	128
32	152	128
37	152	128
42	152	128
47	153	128
52	152	128
57	153	128
62	152	128
67	152	128
72	153	128
78	154	129
26	45	38
30	40	33
31	39	33
33	39	33
34	39	33
36	40	33
38	40	33
40	40	33
42	40	33
43	40	33
45	40	33
48	40	33
50	40	34
52	40	33
55	40	33
24	15	13
24	14	12
24	14	11
25	13	11
25	13	11
26	13	11
27	12	10
-199	52	43
-187	53	44
-185	56	47
-186	60	50
-181	62	52
-179	65	55
-175	68	57
-173	71	60
-171	74	62
-173	79	66
-170	82	69
-169	86	72
-167	89	75
-167	94	79
-165	97	81
-163	101	84
-162	105	88
-159	108	90
-159	113	95
-155	116	97
-154	120	101
-152	125	105
-150	128	108
-168	151	127
-161	151	127
-139	137	115
-143	148	124
-138	150	126
-131	150	126
-125	150	126
-119	151	126
-112	150	126
-107	151	127
-101	151	126
-95	150	126
-89	150	126
-83	150	126
-78	150	126
-73	151	126
-68	150	126
-62	150	126
-58	150	126
-53	151	127
-48	150	126
-43	150	126
-38	151	127
-34	151	127
-29	151	127
-24	151	127
-20	151	127
-15	151	127
-10	151	127
-6	151	127
-1	152	127
4	152	128
8	153	128
13	152	128
17	152	128
22	152	128
27	152	128
31	152	128
36	152	128
41	152	128
46	153	128
51	152	128
55	151	127
61	153	128
66	153	128
71	153	129
77	153	129
26	45	38
29	40	33
31	39	33
32	40	33
34	39	33
36	39	33
38	40	33
39	40	33
41	40	33
43	40	33
45	40	33
47	40	33
50	40	33
52	40	34
54	40	33
24	15	13
24	14	12
24	14	11
25	13	11
25	13	11
26	13	11
26	12	10
-197	55	38
-187	56	39
-185	59	41
-183	63	44
-181	66	46
-181	70	49
-176	72	51
-173	75	53
-171	79	55
-169	82	57
-171	87	61
-169	91	64
-167	94	66
-166	98	69
-165	103	72
-163	106	74
-161	110	77
-162	116	81
-160	119	84
-157	123	86
-155	127	89
-152	131	91
-151	136	95
-148	139	98
-151	149	104
-139	144	101
-140	151	106
-126	144	101
-137	164	115
-131	164	115
-123	163	114
-117	164	115
-112	165	115
-106	164	115
-100	164	115
-94	164	115
-89	165	115
-83	163	114
-78	164	115
-72	165	115
-67	164	115
-62	164	115
-57	164	115
-52	165	116
-47	164	115
-42	165	115
-37	164	115
-33	165	115
-28	165	115
-23	164	115
-19	165	115
-14	164	115
-9	165	115
-5	165	115
0	165	116
4	165	116
9	165	115
14	166	116
18	166	116
23	165	116
28	166	116
33	166	116
37	165	116
42	166	116
47	166	117
52	166	117
57	167	117
62	166	116
68	167	117
73	167	117
78	166	116
26	48	34
30	43	30
31	43	30
33	43	30
35	43	30
36	43	30
38	43	30
40	43	30
42	43	30
44	43	30
46	43	30
48	43	30
50	44	31
53	43	30
55	43	30
24	16	12
24	15	11
24	15	10
24	14	10
25	14	10
25	14	10
26	13	9
27	13	9
-199	53	37
-189	55	38
-185	58	40
-186	62	44
-181	64	45
-181	68	48
-177	71	50
-174	74	52
-172	77	54
-169	80	56
-172	86	60
-170	89	63
-168	93	65
-166	96	67
-166	101	71
-162	104	73
-161	108	76
-158	111	78
-159	117	82
-158	122	85
-156	125	88
-153	129	90
-152	134	94
-149	138	97
-161	156	109
-141	143	100
-142	151	106
-140	164	115
-133	164	115
-127	164	115
-120	164	115
-113	163	114
-108	164	115
-102	164	115
-96	164	115
-91	164	115
-85	164	115
-80	164	115
-74	164	115
-69	164	115
-64	164	115
-59	165	115
-53	164	115
-49	165	115
-44	164	115
-39	165	115
-34	164	115
-29	165	116
-25	164	115
-20	164	115
-15	165	115
-11	165	115
-6	165	115
-1	165	116
3	165	116
8	165	115
13	165	116
17	165	116
22	166	116
26	166	116
31	166	116
36	166	116
41	166	116
46	166	116
51	167	117
56	166	116
61	166	116
66	167	117
71	166	117
76	167	117
27	51	36
29	44	30
30	43	30
32	43	30
34	43	30
36	43	30
37	43	30
39	43	30
41	43	30
43	43	30
45	43	30
47	43	30
50	44	30
52	43	30
54	43	30
25	17	12
24	16	11
24	15	11
24	14	10
25	14	10
25	14	10
26	13	9
27	13	9
27	13	9
-198	53	31
-186	54	31
-184	58	33
-183	62	36
-180	65	38
-181	69	40
-177	72	42
-175	76	44
-172	79	46
-171	83	48
-169	86	50
-164	88	51
-161	91	53
-159	95	55
-163	102	59
-162	107	62
-159	110	64
-156	113	65
-157	119	69
-156	124	72
-154	128	74
-154	134	77
-152	138	80
-149	143	82
-145	145	84
-143	150	87
-142	157	91
-164	189	109
-156	189	109
-148	188	109
-142	190	109
-135	190	110
-128	190	110
-121	189	109
-115	190	110
-108	190	109
-102	190	109
-96	190	110
-90	190	110
-84	190	110
-78	191	110
-72	190	110
-67	191	110
-61	192	111
-56	191	110
-50	191	111
-45	191	110
-40	192	111
-35	193	111
-29	192	111
-24	191	110
-19	191	111
-14	192	111
-8	192	111
-3	192	111
2	192	111
7	192	111
12	192	111
17	192	111
22	192	111
27	192	111
33	192	111
38	193	112
43	193	111
49	193	111
54	193	112
60	193	111
65	193	112
71	193	111
76	192	111
82	193	111
88	192	111
27	49	28
31	50	29
33	50	29
35	50	29
37	50	29
38	50	29
41	50	29
43	50	29
45	50	29
47	50	29
49	50	29
52	50	29
54	50	29
57	51	29
59	50	29
26	19	11
25	17	10
24	16	9
24	15	8
24	14	8
24	14	8
25	13	8
26	13	8
27	13	8
27	13	7
-201	50	29
-196	54	31
-185	55	32
-186	59	34
-182	62	36
-181	66	38
-181	71	41
-178	74	43
-174	77	44
-171	80	46
-170	84	48
-166	87	50
-162	89	51
-159	92	53
-157	95	55
-162	103	60
-162	109	63
-158	111	64
-157	115	67
-158	122	70
-156	126	73
-153	130	75
-152	135	78
-150	139	80
-147	144	83
-145	148	85
-142	152	88
-160	188	109
-153	189	109
-145	188	109
-139	190	110
-132	191	110
-125	191	110
-118	190	110
-111	190	110
-105	190	110
-98	189	109
-92	190	109
-87	191	110
-81	190	110
-75	191	110
-70	191	110
-64	191	111
-59	191	110
-53	191	111
-48	192	111
-42	191	110
-37	192	111
-32	192	111
-26	192	111
-21	192	111
-16	192	111
-11	191	111
-6	192	111
-1	191	111
5	192	111
10	192	111
15	192	111
20	192	111
26	193	111
31	193	111
36	193	111
42	193	111
47	193	111
53	194	112
58	193	111
63	193	111
69	193	111
75	193	111
80	192	111
86	192	111
27	50	29
30	49	28
33	50	29
34	50	29
36	50	29
38	50	29
40	50	29
42	50	29
44	50	29
46	50	29
49	50	29
51	50	29
54	50	29
56	50	29
58	50	29
27	20	11
25	18	10
24	16	9
24	15	9
24	14	8
24	14	8
25	14	8
25	13	8
27	13	8
27	13	7
-196	51	24
-188	53	25
-185	56	26
-184	60	28
-181	63	30
-180	68	32
-178	71	33
-176	75	35
-173	78	36
-170	82	38
-169	86	40
-165	88	41
-163	92	43
-158	94	44
-155	97	45
-159	104	49
-157	108	50
-155	112	52
-155	117	55
-154	122	57
-152	126	59
-150	130	61
-150	137	64
-148	141	66
-147	147	68
-142	148	69
-142	155	72
-182	208	97
-178	213	99
-175	220	102
-165	218	102
-156	217	101
-149	218	102
-142	218	102
-135	219	102
-127	218	102
-120	218	102
-114	220	103
-107	219	102
-100	219	102
-94	220	103
-88	220	103
-81	221	103
-75	221	103
-69	221	103
-63	220	103
-57	221	103
-51	221	103
-45	221	103
-39	222	104
-33	220	102
-28	221	103
-22	221	103
-16	221	103
-11	220	103
-5	220	103
1	221	103
6	221	103
12	221	103
18	221	103
23	221	103
29	221	103
35	221	103
41	222	104
46	222	103
53	224	104
59	223	104
64	222	104
71	223	104
77	223	104
83	222	104
89	222	103
95	221	103
102	221	103
108	221	103
39	57	27
42	58	27
44	58	27
46	58	27
48	58	27
51	58	27
53	58	27
56	58	27
58	58	27
61	58	27
27	21	10
26	20	9
26	19	9
24	16	7
24	15	7
24	14	7
24	14	6
25	14	6
25	13	6
26	13	6
-195	52	24
-186	54	25
-184	58	27
-182	61	29
-180	65	30
-180	69	32
-178	73	34
-175	76	36
-172	79	37
-169	82	38
-167	86	40
-165	90	42
-162	93	43
-158	95	44
-154	98	46
-158	105	49
-156	109	51
-158	115	54
-155	119	55
-154	124	58
-151	127	59
-149	132	61
-149	138	64
-147	143	67
-145	147	68
-142	151	70
-177	197	92
-181	210	98
-177	217	101
-169	217	101
-161	217	101
-153	218	102
-146	218	102
-138	218	102
-132	219	102
-124	219	102
-117	219	102
-111	220	103
-104	219	102
-97	219	102
-91	221	103
-84	220	103
-78	220	103
-72	220	103
-66	221	103
-60	220	103
-54	221	103
-48	221	103
-42	221	103
-36	221	103
-30	220	103
-24	221	103
-19	220	103
-13	221	103
-8	221	103
-2	221	103
4	221	103
10	221	103
15	221	103
21	220	103
26	220	103
32	222	104
38	221	103
44	222	103
50	222	104
56	222	104
62	222	104
68	222	103
74	223	104
80	222	104
86	222	103
93	221	103
99	221	103
106	222	103
39	57	27
41	58	27
43	58	27
46	58	27
48	58	27
50	58	27
52	58	27
55	58	27
57	58	27
60	58	27
27	22	10
26	20	9
26	19	9
25	17	8
24	15	7
24	14	7
24	14	6
25	13	6
25	13	6
26	13	6
26	13	6
27	12	6
-197	46	17
-194	50	18
-186	53	19
-186	57	21
-181	60	22
-181	65	24
-178	68	25
-176	72	26
-173	75	27
-171	79	29
-168	82	30
-165	85	31
-163	89	32
-160	92	34
-156	95	34
-157	100	37
-154	103	38
-155	109	40
-153	113	41
-152	117	43
-150	122	44
-148	126	46
-147	131	48
-144	135	49
-145	142	52
-141	145	53
-138	149	54
-181	204	74
-178	209	76
-176	217	79
-172	223	81
-168	229	83
-165	237	86
-163	246	90
-159	253	92
-155	260	95
-152	270	98
-143	270	98
-134	268	98
-127	269	98
-118	269	98
-110	267	97
-103	269	98
-96	269	98
-89	270	98
-82	271	99
-74	271	98
-67	269	98
-60	269	98
-53	270	98
-45	267	97
-39	271	99
-32	270	98
-25	270	98
-19	270	98
-12	271	99
-5	271	99
2	270	98
8	271	99
15	273	99
22	269	98
29	273	99
35	271	99
42	271	99
49	271	99
56	270	98
63	272	99
70	272	99
77	273	99
85	272	99
92	272	99
99	271	99
107	271	99
34	76	28
35	74	27
37	74	27
39	69	25
43	67	24
48	68	25
52	66	24
54	66	24
58	65	24
60	63	23
31	28	10
29	25	9
27	21	8
26	19	7
25	17	6
24	15	6
24	15	5
24	13	5
24	13	5
25	13	5
25	12	5
26	12	4
27	12	4
28	11	4
-203	45	16
-195	48	17
-189	51	19
-184	54	20
-185	59	21
-179	61	22
-181	66	24
-177	70	25
-174	73	27
-172	77	28
-169	80	29
-166	84	30
-164	87	32
-162	91	33
-156	92	34
-154	96	35
-157	102	37
-155	107	39
-154	111	40
-152	115	42
-151	120	44
-149	124	45
-146	128	46
-146	133	48
-145	138	50
-142	142	52
-140	147	54
-181	199	72
-180	206	75
-178	214	78
-174	220	80
-170	225	82
-165	231	84
-163	239	87
-161	248	90
-156	253	92
-153	263	96
-148	269	98
-139	269	98
-132	269	98
-123	269	98
-115	268	97
-107	269	98
-100	269	98
-93	269	98
-85	270	98
-78	269	98
-71	269	98
-64	268	98
-57	269	98
-50	269	98
-43	270	98
-36	271	99
-29	272	99
-23	271	98
-16	270	98
-9	269	98
-2	271	99
4	270	98
11	269	98
18	273	99
25	271	99
31	272	99
38	272	99
45	271	99
52	271	99
59	270	98
66	272	99
73	270	98
81	273	99
88	273	99
95	272	99
102	270	98
110	270	98
35	75	27
36	74	27
38	73	27
38	69	25
48	70	25
49	68	25
53	67	24
55	66	24
59	64	23
63	62	23
30	26	10
29	24	9
27	21	8
26	20	7
25	18	6
25	16	6
24	15	5
24	14	5
24	14	5
24	13	5
25	13	5
26	12	5
27	12	4
27	11	4
-197	44	12
-191	47	13
-185	50	14
-184	55	15
-182	58	16
-180	62	17
-179	66	18
-176	70	19
-173	74	20
-170	77	21
-168	81	22
-165	84	22
-163	88	23
-159	91	24
-154	93	25
-156	99	26
-152	101	27
-155	108	29
-153	112	30
-151	116	31
-150	121	33
-148	125	33
-147	130	35
-146	136	36
-143	140	37
-140	143	38
-183	194	52
-181	201	54
-171	220	59
-168	227	61
-165	233	62
-162	241	65
-159	248	66
-154	254	68
-151	263	71
-147	271	73
-143	279	75
-139	288	77
-135	296	79
-100	237	63
-120	301	81
-110	297	79
-100	291	78
-89	283	76
-82	282	76
-67	280	75
-57	268	72
-49	264	71
-43	265	71
-38	274	73
-33	285	76
-27	299	80
-21	312	84
-14	336	90
-6	337	90
2	338	91
10	337	90
16	297	80
23	293	78
39	304	81
51	336	90
59	338	91
68	338	91
65	286	77
73	290	78
80	288	77
98	322	86
81	245	66
87	244	65
93	242	65
101	244	65
35	75	20
36	73	20
38	73	19
42	71	19
43	70	19
47	68	18
48	67	18
53	66	18
54	64	17
58	63	17
34	34	9
32	30	8
30	27	7
29	24	6
28	22	6
27	20	5
26	18	5
26	17	4
24	15	4
24	14	4
24	13	3
24	13	3
25	12	3
26	12	3
26	12	3
27	11	3
28	11	3
-199	44	12
-190	46	12
-186	50	13
-184	54	14
-182	58	15
-179	61	16
-180	66	18
-177	70	19
-174	73	20
-172	77	21
-168	80	21
-165	83	22
-163	87	23
-160	90	24
-156	93	25
-157	98	26
-152	100	27
-155	107	29
-154	112	30
-152	116	31
-150	120	32
-148	124	33
-145	127	34
-147	135	36
-144	139	37
-141	142	38
-182	192	51
-182	201	54
-172	219	59
-168	225	60
-165	232	62
-164	241	65
-159	248	66
-155	254	68
-152	263	70
-147	269	72
-144	278	75
-139	286	77
-137	299	80
-100	235	63
-121	301	81
-111	298	80
-101	293	79
-91	286	77
-83	282	76
-67	280	75
-58	268	72
-50	264	71
-44	265	71
-38	274	73
-33	284	76
-27	297	80
-21	314	84
-15	333	89
-7	338	90
2	336	90
10	337	90
17	310	83
23	294	79
38	302	81
50	335	90
59	337	90
67	336	90
64	286	77
72	287	77
80	288	77
97	320	86
81	244	65
87	244	65
93	242	65
101	245	66
35	75	20
36	73	20
38	73	19
42	71	19
43	70	19
47	68	18
48	67	18
52	66	18
54	64	17
58	63	17
34	34	9
32	30	8
30	27	7
29	24	6
28	22	6
27	20	5
26	18	5
25	17	5
24	15	4
24	14	4
24	13	3
24	13	3
25	12	3
25	12	3
26	12	3
27	11	3
28	11	3
-205	39	7
-195	42	7
-190	45	8
-188	49	9
-184	53	9
-182	57	10
-180	61	11
-178	65	11
-176	69	12
-174	73	13
-171	76	13
-168	80	14
-166	83	15
-163	86	15
-160	90	16
-154	91	16
-155	97	17
-151	99	17
-155	107	19
-154	111	20
-152	116	20
-151	120	21
-147	123	22
-144	126	22
-146	134	24
-144	139	24
-140	141	25
-138	146	26
-135	150	26
-133	154	27
-131	160	28
-129	164	29
-164	219	39
-165	231	41
-162	239	42
-158	244	43
-156	253	45
-151	260	46
-147	266	47
-143	275	49
-139	284	50
-135	293	52
-101	235	41
-123	303	53
-162	423	75
-150	423	75
-139	425	75
-128	425	75
-116	422	74
-106	424	75
-59	265	47
-51	260	46
-44	259	46
-40	267	47
-35	279	49
-29	291	51
-23	303	53
-17	314	55
-9	302	53
-2	300	53
5	297	52
12	298	53
19	295	52
26	288	51
31	278	49
38	275	48
86	276	49
94	278	49
101	277	49
108	277	49
114	273	48
35	73	13
36	72	13
38	71	13
40	71	12
41	69	12
42	67	12
44	67	12
47	65	11
49	64	11
51	63	11
52	62	11
57	62	11
33	31	5
31	27	5
30	25	4
28	22	4
27	20	4
26	18	3
26	17	3
25	15	3
24	14	2
24	14	2
24	12	2
25	12	2
25	12	2
26	11	2
27	11	2
27	11	2
28	10	2
-206	38	7
-196	41	7
-190	45	8
-188	49	9
-185	53	9
-182	56	10
-180	60	11
-179	65	11
-177	69	12
-174	72	13
-171	76	13
-168	79	14
-166	83	15
-163	86	15
-160	90	16
-154	91	16
-155	97	17
-151	99	17
-154	106	19
-154	111	20
-152	115	20
-150	120	21
-147	123	22
-144	126	22
-146	134	24
-144	139	24
-140	141	25
-139	146	26
-136	150	26
-133	154	27
-131	159	28
-129	164	29
-162	216	38
-164	230	41
-162	238	42
-158	244	43
-156	253	45
-151	260	46
-147	266	47
-143	275	49
-139	282	50
-136	293	52
-101	235	41
-123	303	53
-163	426	75
-153	430	76
-140	425	75
-129	424	75
-117	422	74
-107	424	75
-59	264	47
-52	262	46
-45	259	46
-40	267	47
-35	279	49
-29	289	51
-24	303	53
-17	314	55
-9	302	53
-2	300	53
5	295	52
12	301	53
19	295	52
25	288	51
31	278	49
37	275	48
43	269	47
86	276	49
93	276	49
100	277	49
108	278	49
113	271	48
35	73	13
36	72	13
38	71	13
41	69	12
42	68	12
44	67	12
47	65	11
49	64	11
51	64	11
52	62	11
57	62	11
33	31	5
31	27	5
28	22	4
27	20	4
26	18	3
26	17	3
24	15	3
24	14	2
24	13	2
24	13	2
25	12	2
25	12	2
26	11	2
27	11	2
28	10	2
28	10	2
-201	36	3
-194	39	3
-191	43	4
-188	47	4
-184	51	4
-184	55	5
-180	59	5
-179	63	6
-177	67	6
-175	71	6
-171	74	6
-169	78	7
-164	81	7
-162	84	7
-159	88	8
-154	90	8
-155	95	8
-150	97	8
-156	106	9
-153	109	10
-151	113	10
-151	118	10
-148	122	11
-143	124	11
-145	132	12
-144	136	12
-141	140	12
-139	145	13
-136	149	13
-134	153	13
-130	156	14
-128	162	14
-127	168	15
-163	225	20
-157	228	20
-156	238	21
-154	247	22
-170	286	25
-163	291	25
-156	294	26
-148	294	26
-135	285	25
-102	230	20
-165	452	40
-158	466	41
-145	503	44
-62	265	23
-54	260	23
-47	255	22
-42	260	23
-37	269	24
-32	280	25
-26	291	25
-20	306	27
-14	316	28
-6	327	29
1	331	29
9	339	30
16	314	27
25	334	29
38	321	28
46	317	28
53	318	28
63	328	29
67	312	27
73	305	27
80	302	26
88	302	26
92	292	26
100	292	26
107	291	25
112	284	25
119	280	25
35	74	6
37	72	6
38	71	6
40	66	6
42	66	6
43	65	6
45	64	6
47	63	6
49	63	5
50	62	5
52	61	5
54	61	5
57	61	5
33	30	3
31	27	2
30	25	2
28	22	2
27	20	2
27	19	2
26	17	1
25	15	1
24	14	1
24	13	1
24	12	1
24	12	1
25	11	1
26	11	1
26	11	1
27	10	1
28	10	1
29	10	1
-203	36	3
-193	39	3
-192	43	4
-190	47	4
-184	50	4
-186	56	5
-180	59	5
-180	63	6
-177	67	6
-174	71	6
-171	74	6
-169	78	7
-164	80	7
-161	84	7
-160	88	8
-155	90	8
-154	94	8
-150	97	8
-155	104	9
-153	109	10
-151	113	10
-151	118	10
-148	121	11
-144	124	11
-144	130	11
-144	136	12
-141	139	12
-140	145	13
-136	148	13
-134	153	13
-131	156	14
-129	162	14
-128	168	15
-162	222	19
-158	227	20
-157	238	21
-155	246	22
-172	288	25
-166	293	26
-157	294	26
-148	294	26
-135	284	25
-102	230	20
-119	304	27
-164	446	39
-159	465	41
-145	499	44
-135	510	45
-55	260	23
-47	255	22
-42	258	23
-37	269	23
-32	280	25
-27	289	25
-21	304	27
-14	316	28
-7	327	29
1	329	29
8	339	30
15	312	27
24	334	29
38	324	28
45	320	28
63	331	29
66	308	27
73	305	27
80	302	26
87	302	26
92	293	26
99	290	25
106	290	25
112	286	25
117	278	24
36	74	7
37	73	6
38	71	6
40	70	6
41	69	6
42	66	6
43	65	6
45	64	6
47	64	6
48	63	5
50	62	5
52	61	5
54	60	5
57	59	5
33	31	3
31	27	2
29	24	2
29	22	2
28	20	2
26	18	2
26	17	1
25	15	1
24	14	1
24	13	1
24	12	1
24	11	1
25	11	1
26	11	1
26	11	1
27	11	1
28	10	1
29	10	1
-214	30	0
-200	33	0
-196	37	0
-192	41	0
-190	45	0
-186	49	0
-186	53	0
-181	57	0
-180	61	0
-177	65	0
-174	68	0
-171	72	0
-168	75	0
-164	78	0
-163	82	0
-88	51	0
-87	53	0
-86	56	0
-152	111	0
-151	116	0
-149	120	0
-145	123	0
-140	124	0
-141	131	0
-140	136	0
-140	143	0
-137	146	0
-135	151	0
-132	155	0
-129	158	0
-159	204	0
-162	218	0
-156	221	0
-154	230	0
-154	241	0
-171	281	0
-164	285	0
-157	287	0
-150	290	0
-137	281	0
-132	289	0
-122	303	0
-168	444	0
-162	459	0
-154	472	0
-148	491	0
-138	501	0
-132	527	0
-57	258	0
-50	253	0
-44	253	0
-39	261	0
-34	271	0
-29	282	0
-23	295	0
-17	307	0
-10	320	0
-3	338	0
5	353	0
13	346	0
21	343	0
28	339	0
36	339	0
44	335	0
51	330	0
59	327	0
66	322	0
73	319	0
79	314	0
86	311	0
93	306	0
100	304	0
107	302	0
113	296	0
121	296	0
127	291	0
36	73	0
37	71	0
38	69	0
40	65	0
42	65	0
44	64	0
44	62	0
47	62	0
49	62	0
52	62	0
52	60	0
55	60	0
57	59	0
32	29	0
30	26	0
30	24	0
28	22	0
27	20	0
26	18	0
26	17	0
25	15	0
24	14	0
24	13	0
24	12	0
24	11	0
25	11	0
26	10	0
26	10	0
27	10	0
28	10	0
29	9	0
30	9	0
-204	31	0
-196	34	0
-192	38	0
-191	43	0
-188	47	0
-185	51	0
-182	54	0
-180	59	0
-178	63	0
-176	66	0
-173	70	0
-171	74	0
-168	77	0
-164	81	0
-87	55	0
-152	109	0
-152	114	0
-150	118	0
-148	122	0
-142	123	0
-138	125	0
-141	134	0
-142	141	0
-138	144	0
-136	148	0
-133	152	0
-130	157	0
-128	161	0
-164	215	0
-158	219	0
-154	224	0
-154	236	0
-153	246	0
-167	283	0
-159	285	0
-152	288	0
-133	284	0
-100	227	0
-124	298	0
-169	434	0
-164	450	0
-158	468	0
-151	483	0
-142	497	0
-60	258	0
-53	254	0
-46	253	0
-41	257	0
-36	266	0
-31	279	0
-25	286	0
-19	301	0
-13	317	0
-6	330	0
2	348	0
10	349	0
18	346	0
26	342	0
33	339	0
41	336	0
48	331	0
55	328	0
62	322	0
70	320	0
77	318	0
83	311	0
90	309	0
97	305	0
104	302	0
110	299	0
118	298	0
124	292	0
35	74	0
37	72	0
38	70	0
39	69	0
39	64	0
42	66	0
43	64	0
44	62	0
47	63	0
48	62	0
51	62	0
52	61	0
53	60	0
56	60	0
57	59	0
34	31	0
31	27	0
30	24	0
29	22	0
28	20	0
27	18	0
26	17	0
25	15	0
24	14	0
24	13	0
24	12	0
24	12	0
25	12	0
26	11	0
26	10	0
27	10	0
28	10	0
29	9	0
29	9	0
-212	25	-2
-201	29	-3
-195	33	-3
-194	37	-3
-192	42	-4
-189	46	-4
-184	49	-4
-183	53	-5
-181	57	-5
-180	62	-5
-176	65	-6
-174	69	-6
-171	72	-6
-168	76	-7
-165	79	-7
-86	51	-4
-84	51	-5
-82	53	-5
-82	56	-5
-82	59	-5
-148	120	-10
-143	122	-11
-144	128	-11
-142	133	-12
-140	137	-12
-138	142	-12
-136	146	-13
-133	149	-13
-131	154	-13
-128	158	-14
-166	214	-19
-164	222	-19
-162	230	-20
-157	235	-21
-153	240	-21
-170	281	-25
-162	282	-25
-154	283	-25
-147	286	-25
-136	280	-25
-101	223	-19
-120	300	-26
-165	438	-38
-159	454	-40
-153	472	-41
-145	486	-43
-136	497	-44
-129	520	-45
-55	254	-22
-49	252	-22
-43	252	-22
-38	260	-23
-33	269	-24
-28	280	-25
-22	291	-25
-15	289	-25
-9	298	-26
-2	336	-29
6	348	-30
14	343	-30
22	341	-30
29	338	-30
37	335	-29
44	328	-29
51	324	-28
58	321	-28
66	320	-28
72	314	-27
79	310	-27
86	307	-27
93	303	-27
99	301	-26
106	296	-26
113	295	-26
120	292	-26
127	290	-25
36	72	-6
37	70	-6
38	69	-6
40	67	-6
39	64	-6
42	64	-6
43	63	-6
44	61	-5
47	62	-5
48	61	-5
52	62	-5
52	59	-5
54	59	-5
58	57	-5
32	29	-3
29	24	-2
28	21	-2
28	20	-2
27	18	-2
26	16	-1
25	15	-1
24	13	-1
24	13	-1
24	12	-1
24	11	-1
25	11	-1
25	11	-1
26	10	-1
27	10	-1
28	10	-1
28	9	-1
29	9	-1
31	8	-1
31	8	-1
-212	26	-2
-200	29	-3
-195	33	-3
-192	38	-3
-191	42	-4
-189	46	-4
-184	50	-4
-183	54	-5
-180	58	-5
-178	62	-5
-176	66	-6
-174	69	-6
-170	73	-6
-168	76	-7
-164	79	-7
-89	50	-4
-86	51	-4
-83	52	-5
-83	54	-5
-82	57	-5
-150	117	-10
-147	120	-10
-143	122	-11
-145	130	-11
-142	133	-12
-141	139	-12
-137	142	-12
-135	146	-13
-132	150	-13
-130	155	-14
-127	159	-14
-168	218	-19
-164	224	-20
-160	229	-20
-156	235	-21
-153	243	-21
-168	279	-24
-161	282	-25
-153	283	-25
-139	273	-24
-135	282	-25
-100	223	-20
-124	293	-26
-173	433	-38
-164	441	-39
-158	458	-40
-152	476	-42
-143	486	-43
-137	509	-45
-61	257	-22
-54	254	-22
-48	251	-22
-42	252	-22
-37	262	-23
-32	271	-24
-27	283	-25
-21	292	-26
-14	291	-25
-8	306	-27
0	340	-30
7	346	-30
15	342	-30
23	340	-30
31	338	-30
38	332	-29
45	327	-29
53	326	-28
60	321	-28
68	319	-28
74	314	-27
81	310	-27
88	306	-27
94	302	-26
102	302	-26
108	297	-26
115	295	-26
121	289	-25
36	72	-6
37	70	-6
39	68	-6
38	64	-6
41	66	-6
42	64	-6
43	62	-5
45	61	-5
47	61	-5
49	61	-5
52	62	-5
52	59	-5
55	60	-5
57	58	-5
34	32	-3
32	29	-3
30	25	-2
29	23	-2
28	21	-2
28	19	-2
26	17	-2
26	16	-1
25	15	-1
24	13	-1
24	12	-1
24	12	-1
24	11	-1
25	11	-1
25	11	-1
26	10	-1
27	10	-1
28	9	-1
29	9	-1
30	9	-1
30	8	-1
-210	20	-4
-200	24	-4
-195	28	-5
-194	32	-6
-192	37	-6
-189	41	-7
-187	45	-8
-185	49	-9
-182	53	-9
-179	56	-10
-176	60	-11
-174	64	-11
-171	67	-12
-167	70	-12
-164	74	-13
-162	77	-14
-88	48	-8
-85	49	-9
-82	50	-9
-80	52	-9
-80	54	-9
-80	57	-10
-81	61	-11
-147	123	-22
-144	127	-22
-142	131	-23
-141	136	-24
-137	139	-25
-135	144	-25
-133	148	-26
-131	152	-27
-128	156	-27
-137	175	-31
-131	176	-31
-128	181	-32
-123	182	-32
-122	191	-34
-118	195	-34
-116	201	-35
-154	279	-49
-146	281	-50
-135	275	-49
-101	221	-39
-120	297	-52
-165	434	-77
-159	449	-79
-152	464	-82
-145	480	-85
-136	492	-87
-128	511	-90
-55	251	-44
-49	247	-44
-43	249	-44
-38	257	-45
-33	266	-47
-26	258	-45
-20	258	-46
-14	264	-46
-8	266	-47
-1	267	-47
5	269	-47
11	270	-48
18	278	-49
26	289	-51
37	331	-58
44	325	-57
51	319	-56
58	317	-56
65	314	-55
72	309	-55
79	307	-54
86	303	-53
93	302	-53
100	297	-52
38	101	-18
40	100	-18
43	99	-17
45	97	-17
35	71	-13
37	69	-12
38	68	-12
39	66	-12
39	63	-11
42	63	-11
43	62	-11
44	60	-11
46	61	-11
48	60	-11
50	60	-11
52	59	-10
54	58	-10
56	57	-10
57	57	-10
31	26	-5
30	24	-4
29	22	-4
28	20	-4
27	18	-3
26	16	-3
25	15	-3
24	14	-2
24	12	-2
24	12	-2
24	11	-2
24	10	-2
25	10	-2
26	10	-2
27	10	-2
27	9	-2
28	9	-2
29	9	-2
30	8	-1
31	8	-1
32	7	-1
-214	20	-3
-201	23	-4
-196	27	-5
-194	32	-6
-192	36	-6
-190	40	-7
-187	44	-8
-185	48	-8
-185	53	-9
-181	56	-10
-176	59	-10
-174	63	-11
-171	67	-12
-167	70	-12
-165	73	-13
-162	76	-13
-161	80	-14
-88	48	-8
-85	49	-9
-82	50	-9
-81	52	-9
-80	54	-9
-80	56	-10
-80	60	-11
-147	123	-22
-145	127	-22
-143	131	-23
-140	134	-24
-138	139	-24
-136	144	-25
-133	148	-26
-131	152	-27
-128	156	-27
-138	176	-31
-131	176	-31
-128	181	-32
-123	182	-32
-123	191	-34
-119	195	-34
-116	201	-35
-153	277	-49
-146	281	-50
-136	277	-49
-101	220	-39
-120	297	-52
-164	431	-76
-160	453	-80
-152	461	-81
-145	480	-85
-136	492	-87
-128	511	-90
-55	251	-44
-48	247	-44
-43	249	-44
-38	257	-45
-33	266	-47
-26	258	-45
-20	258	-46
-14	264	-46
-7	266	-47
-1	267	-47
5	269	-47
12	270	-48
19	279	-49
26	293	-52
37	331	-58
44	325	-57
51	320	-56
59	317	-56
66	314	-55
72	309	-54
80	307	-54
86	303	-53
94	301	-53
41	100	-18
43	99	-17
45	97	-17
36	71	-12
37	69	-12
38	68	-12
40	67	-12
40	63	-11
42	63	-11
44	62	-11
44	60	-11
47	60	-11
49	60	-11
51	60	-11
52	58	-10
54	58	-10
56	57	-10
30	25	-4
29	23	-4
28	21	-4
28	20	-3
27	18	-3
26	16	-3
25	15	-3
24	13	-2
24	13	-2
24	11	-2
24	11	-2
25	11	-2
25	10	-2
26	10	-2
27	10	-2
27	9	-2
28	9	-2
29	8	-1
30	8	-1
31	8	-1
-207	17	-5
-199	21	-6
-197	25	-7
-194	29	-8
-192	34	-9
-191	38	-10
-191	42	-11
-186	46	-12
-185	50	-13
-181	53	-14
-181	58	-15
-178	61	-16
-175	65	-17
-172	68	-18
-169	72	-19
-165	75	-20
-97	47	-13
-88	46	-12
-85	47	-13
-83	49	-13
-82	51	-14
-82	53	-14
-83	56	-15
-151	115	-31
-148	119	-32
-146	123	-33
-145	127	-34
-141	130	-35
-142	137	-37
-137	139	-37
-29	35	-9
-28	36	-10
-27	37	-10
-27	38	-10
-26	39	-10
-26	40	-11
-25	41	-11
-142	260	-70
-137	266	-71
-133	275	-74
-100	221	-59
-122	285	-76
-168	418	-112
-163	435	-116
-157	450	-121
-150	465	-125
-141	475	-127
-134	495	-133
-59	247	-66
-53	246	-66
-46	244	-65
-41	248	-66
-34	243	-65
-28	243	-65
-21	237	-63
-15	236	-63
-10	231	-62
-4	229	-61
2	225	-60
7	223	-60
12	221	-59
17	218	-58
22	216	-58
27	214	-57
32	210	-56
37	209	-56
41	206	-55
46	204	-55
51	202	-54
55	199	-53
60	198	-53
65	196	-53
40	100	-27
41	96	-26
43	95	-26
35	71	-19
36	69	-18
37	67	-18
38	66	-18
39	62	-17
42	64	-17
43	62	-17
43	60	-16
46	61	-16
47	59	-16
49	58	-16
51	59	-16
53	57	-15
56	58	-16
57	56	-15
33	30	-8
31	26	-7
30	25	-7
30	23	-6
28	20	-5
27	18	-5
26	17	-4
26	15	-4
25	14	-4
24	13	-3
24	12	-3
24	11	-3
24	10	-3
25	11	-3
25	10	-3
26	10	-3
27	9	-2
28	9	-2
28	8	-2
29	8	-2
30	8	-2
31	7	-2
32	7	-2
34	7	-2
-209	16	-4
-199	20	-5
-198	25	-7
-195	29	-8
-192	33	-9
-190	37	-10
-191	42	-11
-187	45	-12
-184	49	-13
-181	53	-14
-180	57	-15
-178	61	-16
-175	64	-17
-171	67	-18
-168	71	-19
-166	74	-20
-98	48	-13
-89	46	-12
-85	47	-13
-83	48	-13
-81	50	-13
-82	53	-14
-82	56	-15
-150	114	-31
-149	119	-32
-147	123	-33
-145	127	-34
-141	130	-35
-142	138	-37
-137	139	-37
-28	36	-10
-28	37	-10
-27	38	-10
-27	39	-10
-26	40	-11
-25	41	-11
-141	258	-69
-137	266	-71
-134	275	-74
-100	220	-59
-122	285	-76
-168	418	-112
-163	435	-116
-158	452	-121
-150	465	-125
-140	476	-127
-134	496	-133
-59	248	-66
-52	246	-66
-46	243	-65
-41	248	-66
-34	243	-65
-27	243	-65
-21	237	-63
-15	236	-63
-9	232	-62
-3	228	-61
2	226	-60
7	223	-60
13	221	-59
18	218	-59
23	217	-58
28	214	-57
33	210	-56
37	207	-55
42	206	-55
47	203	-54
51	201	-54
56	199	-53
61	198	-53
65	196	-52
39	104	-28
40	100	-27
41	96	-26
44	95	-25
35	70	-19
36	68	-18
38	67	-18
39	65	-18
39	62	-17
42	64	-17
43	62	-17
44	60	-16
46	61	-16
48	59	-16
49	58	-16
52	58	-16
53	57	-15
57	56	-15
33	29	-8
31	26	-7
30	24	-6
29	22	-6
28	20	-5
27	18	-5
26	16	-4
25	15	-4
25	14	-4
24	12	-3
24	11	-3
24	11	-3
24	10	-3
25	10	-3
25	10	-3
26	10	-3
27	9	-2
28	9	-2
29	8	-2
30	8	-2
30	8	-2
32	7	-2
33	7	-2
34	6	-2
-208	12	-4
-201	16	-6
-201	21	-8
-199	25	-9
-197	29	-11
-195	33	-12
-193	37	-14
-191	41	-15
-186	45	-16
-185	49	-18
-182	52	-19
-182	57	-21
-178	60	-22
-174	63	-23
-172	67	-24
-170	70	-26
-36	18	-7
-34	18	-7
-34	19	-7
-34	20	-7
-33	21	-8
-33	21	-8
-33	22	-8
-33	23	-9
-33	24	-9
-32	25	-9
-32	26	-10
-31	27	-10
-31	28	-10
-31	29	-11
-30	30	-11
-29	31	-11
-29	32	-12
-29	33	-12
-29	34	-12
-28	35	-13
-27	36	-13
-27	37	-14
-26	38	-14
-26	39	-14
-26	41	-15
-109	196	-71
-139	263	-96
-134	269	-98
-100	216	-79
-125	284	-103
-60	247	-90
-53	243	-88
-46	240	-87
-40	244	-89
-35	247	-90
-30	264	-96
-25	275	-100
-19	288	-105
-9	223	-81
-3	223	-81
2	220	-80
8	219	-80
13	216	-79
18	213	-78
23	212	-77
28	208	-76
33	205	-75
38	203	-74
43	202	-74
24	61	-22
29	63	-23
35	64	-23
38	66	-24
39	64	-23
39	60	-22
41	60	-22
47	63	-23
54	57	-21
57	55	-20
33	29	-10
31	25	-9
30	23	-9
29	21	-8
28	19	-7
27	17	-6
26	16	-6
25	15	-5
25	13	-5
24	12	-4
24	11	-4
24	11	-4
24	10	-4
25	10	-3
25	10	-4
26	9	-3
27	9	-3
28	8	-3
28	8	-3
29	8	-3
30	7	-3
31	7	-3
32	6	-2
34	6	-2
35	5	-2
-216	10	-4
-205	14	-5
-200	18	-7
-200	23	-8
-197	27	-10
-196	31	-11
-194	35	-13
-192	40	-14
-190	43	-16
-186	47	-17
-185	51	-19
-181	54	-20
-180	58	-21
-178	62	-23
-174	65	-24
-170	68	-25
-35	18	-7
-34	19	-7
-34	19	-7
-34	20	-7
-33	21	-8
-33	22	-8
-33	23	-8
-33	24	-9
-32	25	-9
-32	26	-9
-31	27	-10
-31	27	-10
-31	29	-10
-30	29	-11
-30	31	-11
-30	31	-11
-29	32	-12
-28	33	-12
-29	35	-13
-28	35	-13
-27	37	-13
-27	38	-14
-26	39	-14
-26	40	-15
-137	255	-93
-135	267	-97
-102	216	-79
-122	291	-106
-55	245	-89
-48	241	-88
-42	241	-88
-36	242	-88
-32	262	-96
-27	270	-98
-21	283	-103
-10	223	-81
-5	222	-81
1	222	-81
6	219	-80
12	217	-79
17	214	-78
22	212	-77
27	211	-77
32	206	-75
37	205	-74
42	202	-74
29	63	-23
29	61	-22
38	66	-24
39	65	-24
39	61	-22
40	60	-22
42	59	-22
43	58	-21
48	62	-23
49	60	-22
49	57	-21
54	57	-21
57	55	-20
33	29	-10
32	26	-9
30	24	-9
29	22	-8
28	20	-7
27	18	-7
26	16	-6
26	15	-5
25	14	-5
24	12	-4
23	11	-4
24	11	-4
24	10	-4
25	10	-4
25	10	-4
26	9	-3
27	9	-3
28	9	-3
28	8	-3
29	8	-3
30	7	-3
31	7	-3
32	7	-2
33	6	-2
35	5	-2
-226	9	-4
-203	13	-6
-203	17	-8
-202	21	-10
-200	25	-12
-197	29	-14
-196	33	-15
-193	37	-17
-190	41	-19
-37	12	-5
-37	12	-6
-37	13	-6
-36	14	-6
-36	15	-7
-36	15	-7
-35	16	-8
-35	17	-8
-35	18	-8
-34	19	-9
-34	19	-9
-33	20	-9
-34	21	-10
-33	22	-10
-33	23	-11
-33	24	-11
-32	25	-12
-32	26	-12
-31	26	-12
-31	27	-13
-31	28	-13
-31	29	-14
-30	30	-14
-29	31	-14
-29	32	-15
-29	33	-15
-29	35	-16
-28	35	-17
-27	36	-17
-27	38	-18
-26	39	-18
-26	40	-19
-109	193	-90
-139	257	-120
-135	266	-124
-102	216	-101
-98	272	-127
-90	273	-127
-83	274	-128
-76	277	-129
-62	251	-117
-53	241	-113
-45	236	-110
-40	242	-113
-34	242	-113
-28	246	-115
-23	257	-120
-16	255	-119
-9	254	-119
-3	255	-119
4	254	-118
10	232	-108
16	244	-114
24	261	-122
7	40	-19
8	39	-18
9	40	-18
10	40	-19
11	40	-19
12	40	-19
13	40	-19
15	40	-19
16	39	-18
17	40	-18
19	41	-19
21	40	-19
23	40	-19
24	40	-18
25	40	-18
27	41	-19
28	40	-19
31	40	-19
33	40	-19
34	40	-19
43	41	-19
34	29	-14
31	25	-12
31	24	-11
29	21	-10
28	19	-9
27	18	-8
27	16	-8
26	15	-7
25	14	-6
24	12	-6
24	11	-5
24	11	-5
24	10	-5
24	10	-4
25	10	-4
26	9	-4
26	9	-4
27	8	-4
28	8	-4
29	8	-4
30	7	-3
30	7	-3
31	7	-3
35	5	-3
36	5	-2
38	4	-2
-225	6	-3
-204	10	-5
-203	14	-7
-202	19	-9
-200	23	-11
-198	27	-12
-196	31	-14
-194	35	-16
-192	39	-18
-192	43	-20
-39	11	-5
-37	12	-6
-37	13	-6
-36	13	-6
-36	14	-7
-36	15	-7
-35	16	-7
-35	17	-8
-35	17	-8
-35	18	-8
-35	19	-9
-34	20	-9
-34	21	-10
-33	21	-10
-33	22	-10
-33	23	-11
-33	24	-11
-32	25	-12
-32	26	-12
-32	27	-13
-31	28	-13
-31	29	-13
-30	30	-14
-30	30	-14
-29	32	-15
-29	33	-15
-29	34	-16
-28	35	-16
-28	36	-17
-27	37	-17
-26	38	-18
-26	39	-18
-26	41	-19
-109	195	-91
-136	259	-121
-134	270	-126
-103	275	-128
-80	275	-128
-73	275	-128
-57	242	-113
-50	240	-112
-43	237	-110
-38	242	-113
-33	256	-120
-26	251	-117
-20	256	-119
-13	256	-119
-7	254	-119
0	256	-119
6	232	-108
12	234	-109
20	263	-123
7	40	-19
8	40	-19
9	39	-18
11	41	-19
12	40	-19
13	40	-19
14	40	-19
15	40	-19
16	40	-18
17	39	-18
18	40	-18
20	40	-19
23	40	-19
25	41	-19
26	40	-19
27	41	-19
29	40	-19
32	40	-19
36	41	-19
37	41	-19
41	41	-19
32	28	-13
31	25	-12
29	22	-10
29	21	-10
28	19	-9
27	17	-8
26	16	-7
25	15	-7
25	13	-6
24	12	-6
24	11	-5
24	10	-5
24	10	-5
25	10	-5
25	9	-4
26	9	-4
27	9	-4
28	8	-4
28	8	-4
29	7	-3
30	7	-3
31	7	-3
32	7	-3
33	6	-3
35	6	-3
35	5	-2
37	4	-2
38	3	-2
40	3	-2
-198	-2	1
-191	2	-1
-217	7	-4
-204	11	-6
-202	15	-8
-202	19	-11
-200	23	-13
-197	27	-15
-195	30	-17
-194	34	-20
-38	9	-5
-38	10	-6
-37	11	-6
-37	12	-7
-37	12	-7
-36	13	-8
-36	14	-8
-36	15	-8
-36	15	-9
-36	16	-9
-35	17	-10
-35	18	-10
-34	18	-11
-35	19	-11
-34	20	-12
-34	21	-12
-33	22	-12
-33	23	-13
-33	23	-14
-33	24	-14
-32	25	-14
-32	26	-15
-32	27	-16
-31	28	-16
-30	29	-17
-30	30	-17
-30	31	-18
-29	32	-18
-29	33	-19
-28	34	-20
-28	35	-20
-28	36	-21
-27	37	-21
-27	39	-22
-26	40	-23
-112	193	-112
-112	205	-119
-106	206	-119
-99	206	-119
-92	206	-119
-86	206	-119
-80	206	-119
-74	208	-120
-68	207	-120
-62	207	-120
-56	208	-120
-50	208	-120
-27	130	-75
-23	129	-74
-20	130	-75
-17	133	-77
-13	137	-79
-10	139	-80
-6	140	-81
-2	133	-77
2	29	-17
3	29	-17
4	29	-17
5	29	-17
5	29	-17
6	29	-17
7	29	-17
8	29	-17
9	29	-17
9	29	-17
10	29	-17
11	29	-17
12	29	-17
13	29	-17
14	29	-17
15	29	-17
16	29	-17
17	29	-17
18	29	-17
19	29	-17
20	29	-17
21	29	-17
22	30	-17
23	29	-17
24	30	-17
26	30	-17
26	29	-17
28	30	-17
29	30	-17
29	27	-15
32	27	-16
32	25	-15
29	21	-12
28	19	-11
28	18	-10
26	16	-9
26	15	-9
25	14	-8
25	13	-7
24	11	-7
24	11	-6
24	10	-6
24	10	-6
25	9	-5
25	9	-5
26	9	-5
27	8	-5
28	8	-5
28	8	-4
29	7	-4
31	7	-4
31	7	-4
32	6	-3
33	6	-3
34	5	-3
35	5	-3
36	4	-3
38	4	-2
-195	0	0
-200	4	-2
-222	8	-5
-202	12	-7
-203	16	-9
-201	20	-12
-199	24	-14
-197	28	-16
-196	32	-18
-40	9	-5
-38	10	-6
-38	10	-6
-38	11	-6
-37	12	-7
-37	13	-7
-37	13	-8
-36	14	-8
-36	15	-9
-36	16	-9
-35	16	-9
-35	17	-10
-35	18	-11
-34	19	-11
-35	20	-11
-34	20	-12
-34	21	-12
-33	22	-13
-33	23	-13
-33	24	-14
-32	25	-14
-32	25	-15
-31	26	-15
-31	27	-16
-31	28	-16
-30	29	-17
-30	30	-17
-30	31	-18
-29	32	-19
-29	33	-19
-28	34	-20
-28	35	-20
-28	37	-21
-27	38	-22
-26	39	-23
-115	204	-118
-109	206	-119
-103	207	-120
-96	207	-119
-89	205	-118
-82	205	-118
-77	207	-119
-71	207	-119
-65	207	-119
-59	206	-119
-53	207	-119
-47	206	-119
-25	129	-75
-21	129	-74
-18	130	-75
-15	136	-78
-12	139	-80
-8	141	-81
-4	140	-81
0	135	-78
3	29	-17
3	29	-17
4	29	-17
5	29	-17
6	29	-17
7	29	-17
8	29	-17
8	29	-17
9	29	-17
10	29	-17
11	29	-17
12	29	-17
12	29	-17
13	29	-17
14	29	-17
15	29	-17
16	29	-17
17	29	-17
18	29	-17
19	30	-17
20	30	-17
22	30	-17
24	29	-17
25	30	-17
26	30	-17
27	29	-17
28	30	-17
28	27	-16
32	26	-15
30	24	-14
29	21	-12
28	20	-11
28	18	-10
27	16	-10
26	15	-9
25	14	-8
25	13	-8
24	12	-7
24	11	-6
24	10	-6
24	10	-6
24	9	-5
25	9	-5
26	9	-5
26	8	-5
27	8	-5
28	8	-5
29	7	-4
30	7	-4
30	7	-4
31	6	-4
32	6	-3
34	6	-3
35	5	-3
36	5	-3
37	4	-2
39	3	-2
40	2	-2
42	1	-1
-197	-6	4
-190	-2	2
-188	1	-1
-214	5	-4
-205	9	-6
-201	13	-9
-203	17	-12
-202	21	-14
-199	24	-17
-198	28	-20
-195	31	-22
-39	9	-6
-38	9	-7
-38	10	-7
-37	11	-8
-37	11	-8
-37	12	-9
-37	13	-9
-37	14	-10
-36	14	-10
-36	15	-11
-36	16	-11
-35	17	-12
-35	18	-12
-35	18	-13
-35	19	-13
-34	20	-14
-34	21	-14
-34	21	-15
-34	22	-15
-33	23	-16
-32	24	-17
-32	24	-17
-33	26	-18
-32	26	-18
-31	27	-19
-31	28	-20
-31	29	-21
-30	30	-21
-30	31	-22
-30	32	-23
-29	33	-23
-28	34	-24
-28	35	-25
-28	37	-26
-27	38	-26
-26	39	-27
-97	165	-115
-91	164	-115
-85	165	-115
-80	164	-115
-74	164	-115
-69	163	-114
-64	164	-115
-58	162	-114
-53	163	-114
-49	164	-115
-44	164	-115
-39	165	-115
-34	164	-115
-29	164	-115
-25	164	-115
-20	163	-114
0	23	-16
1	23	-16
1	23	-16
2	23	-16
3	23	-16
3	23	-16
4	23	-16
5	23	-16
5	23	-16
6	23	-16
7	23	-16
7	23	-16
8	23	-16
9	23	-16
9	23	-16
10	23	-16
11	23	-16
12	23	-16
12	23	-16
13	23	-16
14	23	-16
15	23	-16
15	23	-16
16	23	-16
17	23	-16
18	23	-16
19	23	-16
20	23	-16
21	23	-16
22	23	-16
23	23	-16
24	23	-16
26	23	-16
27	24	-17
29	23	-16
30	23	-16
30	22	-16
30	21	-15
29	19	-13
27	17	-12
26	16	-11
26	14	-10
25	13	-9
25	12	-9
24	11	-8
24	11	-7
24	10	-7
24	9	-7
24	9	-6
25	9	-6
26	8	-6
27	8	-6
27	8	-5
28	8	-5
29	7	-5
29	7	-5
30	7	-5
31	6	-4
33	6	-4
34	6	-4
34	5	-3
36	5	-3
36	4	-3
38	4	-2
-198	-7	5
-191	-3	2
-188	1	-1
-212	5	-3
-211	9	-6
-202	13	-9
-203	17	-12
-201	20	-14
-199	24	-17
-197	28	-19
-195	31	-22
-39	9	-6
-38	9	-7
-38	10	-7
-38	11	-8
-37	11	-8
-37	12	-9
-37	13	-9
-36	14	-10
-36	14	-10
-36	15	-11
-36	16	-11
-35	17	-12
-35	18	-12
-35	18	-13
-35	19	-13
-34	20	-14
-34	21	-14
-34	21	-15
-33	22	-15
-33	23	-16
-32	24	-17
-32	25	-17
-33	26	-18
-32	26	-18
-31	27	-19
-31	28	-20
-31	29	-21
-30	30	-21
-30	31	-22
-29	32	-22
-29	33	-23
-28	34	-24
-28	35	-25
-27	36	-26
-27	38	-26
-26	39	-27
-97	165	-115
-91	163	-114
-86	165	-115
-80	164	-115
-75	164	-115
-69	163	-114
-64	164	-115
-59	163	-114
-54	163	-114
-49	164	-115
-44	164	-115
-39	165	-115
-35	164	-115
-30	164	-115
-25	164	-115
-20	163	-114
0	23	-16
1	23	-16
1	23	-16
2	23	-16
3	23	-16
3	23	-16
4	23	-16
4	23	-16
6	23	-16
6	23	-16
6	23	-16
7	23	-16
8	23	-16
8	23	-16
9	23	-16
10	23	-16
11	23	-16
11	23	-16
12	23	-16
13	23	-16
14	23	-16
14	23	-16
15	23	-16
16	23	-16
17	23	-16
18	23	-16
19	23	-16
20	23	-16
21	23	-16
22	23	-16
23	23	-16
24	23	-16
26	23	-16
27	23	-16
29	23	-16
30	23	-16
30	22	-16
29	20	-14
29	19	-13
27	17	-12
26	16	-11
26	15	-10
25	14	-9
25	12	-9
24	11	-8
24	11	-7
24	10	-7
24	9	-7
24	9	-6
25	9	-6
26	9	-6
26	8	-6
27	8	-5
28	8	-5
29	7	-5
29	7	-5
30	6	-4
31	6	-4
33	6	-4
33	5	-4
34	5	-3
36	5	-3
36	4	-3
38	3	-2
40	2	-1
43	1	-1
-193	-10	9
-192	-7	6
-188	-3	3
-188	0	0
-202	4	-3
-222	8	-7
-203	11	-9
-204	15	-12
-201	18	-15
-199	21	-18
-198	25	-21
-198	28	-24
-195	32	-27
-38	8	-7
-38	9	-8
-38	10	-8
-38	11	-9
-37	11	-9
-37	12	-10
-37	13	-11
-37	13	-11
-36	14	-12
-36	15	-12
-36	15	-13
-36	16	-14
-35	17	-14
-35	18	-15
-35	18	-15
-34	19	-16
-34	20	-17
-34	21	-17
-34	21	-18
-32	24	-20
-33	25	-21
-32	25	-21
-32	26	-22
-31	27	-23
-31	28	-24
-31	29	-25
-30	30	-25
-30	31	-26
-29	32	-27
-29	33	-28
-28	34	-29
-28	35	-30
-27	36	-31
-27	38	-32
-28	43	-36
-26	43	-36
-24	42	-36
-64	136	-114
-59	136	-114
-55	136	-114
-12	38	-32
-10	37	-31
-9	37	-31
-8	36	-31
-7	36	-30
-1	19	-16
0	19	-16
1	19	-16
1	19	-16
1	19	-16
2	19	-16
3	19	-16
3	19	-16
3	19	-16
4	19	-16
4	19	-16
5	19	-16
7	18	-16
7	19	-16
7	19	-16
7	19	-16
9	19	-16
9	19	-16
10	19	-16
10	19	-16
11	19	-16
11	19	-16
12	19	-16
13	19	-16
14	19	-16
14	19	-16
15	19	-16
16	19	-16
16	19	-16
17	19	-16
18	19	-16
19	19	-16
20	19	-16
21	19	-16
23	19	-16
24	19	-16
25	19	-16
26	19	-16
27	19	-16
29	20	-16
28	18	-15
27	17	-14
27	16	-13
26	14	-12
25	13	-11
25	12	-10
24	11	-9
24	11	-9
24	10	-8
24	9	-8
24	9	-7
25	8	-7
25	8	-7
26	8	-7
27	8	-6
28	7	-6
28	7	-6
29	7	-6
30	7	-6
31	6	-5
32	6	-5
32	5	-5
34	5	-4
34	4	-4
36	4	-4
37	4	-3
37	3	-3
-192	-7	6
-188	-4	3
-188	0	0
-189	3	-3
-221	7	-6
-203	11	-9
-203	14	-12
-201	18	-15
-200	21	-18
-199	25	-21
-198	28	-24
-196	31	-26
-39	8	-7
-38	9	-8
-38	10	-8
-38	11	-9
-38	11	-9
-37	12	-10
-37	13	-11
-37	13	-11
-37	14	-12
-36	15	-12
-36	15	-13
-36	16	-14
-35	17	-14
-35	18	-15
-35	18	-15
-35	19	-16
-34	20	-17
-34	21	-17
-33	21	-18
-32	24	-20
-33	25	-21
-32	26	-21
-32	26	-22
-31	27	-23
-31	28	-24
-31	29	-25
-30	30	-25
-29	31	-26
-29	32	-27
-29	33	-28
-28	34	-29
-28	35	-30
-27	36	-31
-27	38	-32
-27	43	-36
-25	43	-36
-24	42	-36
-64	136	-114
-59	136	-114
-55	137	-115
-12	38	-32
-11	37	-31
-9	37	-31
-8	36	-31
-7	36	-30
-2	19	-16
-1	19	-16
-1	19	-16
0	19	-16
1	19	-16
1	19	-16
2	19	-16
3	19	-16
4	19	-16
3	19	-16
4	19	-16
4	19	-16
5	19	-16
6	19	-16
6	19	-16
7	19	-16
8	19	-16
8	19	-16
9	19	-16
9	19	-16
10	19	-16
11	19	-16
12	19	-16
12	19	-16
13	19	-16
13	19	-16
14	19	-16
15	19	-16
16	19	-16
17	19	-16
17	19	-16
18	19	-16
19	19	-16
20	19	-16
21	19	-16
23	19	-16
24	19	-16
25	19	-16
26	19	-16
27	19	-16
28	19	-16
28	18	-15
27	17	-14
27	15	-13
26	14	-12
25	13	-11
25	12	-10
24	11	-9
24	10	-9
24	10	-8
24	9	-8
24	9	-7
25	9	-7
26	8	-7
26	8	-7
27	8	-6
28	7	-6
29	7	-6
29	7	-6
30	6	-5
33	5	-4
33	5	-4
35	4	-4
36	4	-4
37	3	-3
38	3	-3
40	2	-2
41	2	-2
42	1	-1
-176	-14	14
-182	-12	12
-181	-9	9
-188	-6	6
-188	-3	3
-188	0	0
-189	3	-3
-220	7	-7
-203	10	-10
-202	13	-13
-203	16	-16
-201	19	-19
-199	23	-23
-198	26	-26
-196	29	-29
-39	8	-8
-39	9	-9
-38	9	-9
-38	10	-10
-38	10	-10
-38	11	-11
-38	12	-12
-38	12	-12
-37	13	-13
-37	14	-14
-37	14	-14
-37	15	-15
-36	16	-16
-36	16	-16
-35	17	-17
-35	18	-18
-35	18	-18
-34	19	-19
-34	20	-20
-34	21	-21
-34	21	-21
-33	22	-22
-33	23	-23
-33	24	-24
-32	25	-25
-32	26	-26
-31	26	-26
-31	27	-27
-31	29	-29
-30	29	-29
-30	30	-30
-30	31	-31
-29	32	-32
-26	31	-31
-25	31	-31
-24	31	-31
-23	31	-31
-22	31	-31
-21	32	-32
-19	32	-32
-19	33	-33
-16	33	-33
-15	33	-33
-14	33	-33
-12	33	-33
-11	33	-33
-3	14	-14
-2	14	-14
-2	14	-14
-1	14	-14
-1	14	-14
0	14	-14
0	14	-14
1	14	-14
1	14	-14
2	14	-14
2	14	-14
2	14	-14
3	14	-14
3	14	-14
4	14	-14
4	14	-14
5	14	-14
5	14	-14
6	14	-14
6	14	-14
7	14	-14
7	14	-14
8	14	-14
8	14	-14
9	14	-14
10	14	-14
10	14	-14
10	15	-15
11	14	-14
12	14	-14
12	14	-14
13	15	-15
13	15	-15
14	14	-14
16	15	-15
16	15	-15
17	15	-15
18	14	-14
19	14	-14
19	15	-15
20	15	-15
21	15	-15
22	15	-15
23	15	-15
24	15	-15
25	15	-15
26	15	-15
26	14	-14
25	13	-13
25	12	-12
24	11	-11
24	10	-10
24	10	-10
24	9	-9
25	8	-8
26	8	-8
27	8	-8
27	7	-7
28	7	-7
29	7	-7
30	7	-7
30	6	-6
31	6	-6
32	5	-5
33	5	-5
34	5	-5
35	4	-4
36	4	-4
37	3	-3
37	3	-3
-171	-12	12
-182	-10	10
-183	-7	7
-188	-5	5
-188	-1	1
-188	2	-2
-216	5	-5
-209	9	-9
-203	12	-12
-204	15	-15
-201	18	-18
-200	21	-21
-199	25	-25
-198	28	-28
-195	31	-31
-39	8	-8
-38	9	-9
-39	10	-10
-38	10	-10
-38	11	-11
-38	12	-12
-38	12	-12
-37	13	-13
-37	13	-13
-37	14	-14
-36	15	-15
-36	15	-15
-36	16	-16
-36	17	-17
-35	17	-17
-35	18	-18
-34	19	-19
-35	20	-20
-34	21	-21
-34	21	-21
-33	22	-22
-33	23	-23
-33	24	-24
-33	25	-25
-32	25	-25
-32	26	-26
-31	27	-27
-31	28	-28
-31	29	-29
-30	30	-30
-30	31	-31
-29	32	-32
-27	31	-31
-26	31	-31
-24	31	-31
-23	31	-31
-22	31	-31
-19	32	-32
-19	32	-32
-17	32	-32
-15	33	-33
-14	33	-33
-12	33	-33
-3	15	-15
-2	14	-14
-2	14	-14
-2	14	-14
-1	14	-14
-1	14	-14
0	14	-14
0	14	-14
1	14	-14
1	14	-14
2	14	-14
2	14	-14
3	14	-14
3	14	-14
3	14	-14
4	14	-14
5	14	-14
5	14	-14
6	14	-14
6	14	-14
7	14	-14
7	14	-14
8	14	-14
8	14	-14
9	14	-14
9	14	-14
10	14	-14
10	15	-15
11	15	-15
12	14	-14
12	15	-15
12	15	-15
13	15	-15
14	15	-15
15	15	-15
16	15	-15
17	15	-15
17	15	-15
18	15	-15
19	15	-15
20	15	-15
21	15	-15
21	15	-15
23	15	-15
23	15	-15
25	15	-15
26	15	-15
26	14	-14
25	13	-13
25	12	-12
24	11	-11
24	10	-10
24	10	-10
24	9	-9
24	9	-9
25	8	-8
26	8	-8
27	8	-8
27	7	-7
28	7	-7
28	7	-7
30	7	-7
30	6	-6
30	6	-6
31	6	-6
32	5	-5
33	5	-5
34	5	-5
35	4	-4
36	4	-4
37	3	-3
