0	0	0
-80	13	25
-78	13	26
-76	14	28
-75	16	31
-76	17	33
-78	20	38
-77	21	40
-77	24	47
-70	26	50
-67	26	50
-64	26	50
-61	26	50
-58	26	50
-55	26	50
-52	26	50
-50	26	50
-48	26	50
-45	26	50
-43	26	50
-41	26	50
-39	26	50
-37	26	50
-35	26	50
-33	26	50
-32	26	50
-30	26	50
-29	26	50
-27	26	50
-22	26	50
-21	26	50
-20	26	50
-18	26	50
-17	26	50
-15	26	50
-14	26	50
-13	26	50
-12	26	49
-10	26	49
-9	26	49
-8	26	49
-7	26	50
-5	26	49
-4	26	49
-3	26	49
-2	26	50
-1	26	50
0	26	49
2	26	49
3	26	49
4	26	50
5	26	49
7	26	49
8	26	50
9	26	50
10	26	50
11	26	50
13	26	50
14	26	50
15	26	50
17	26	50
18	26	50
19	26	50
20	26	50
22	26	50
23	26	50
28	26	50
29	26	50
31	26	50
32	26	50
34	26	50
36	26	50
38	26	50
39	26	50
41	26	50
43	26	50
45	26	50
47	26	50
50	26	50
52	26	50
54	26	50
57	26	50
60	26	51
63	26	51
65	26	50
68	26	50
72	26	51
-80	13	25
-78	13	26
-75	16	31
-76	17	33
-77	21	40
-77	24	47
-71	26	50
-67	26	50
-64	26	50
-61	26	50
-58	26	50
-55	26	50
-53	26	50
-50	26	50
-48	26	50
-45	26	50
-43	26	50
-41	26	50
-39	26	50
-37	26	50
-35	26	50
-34	26	50
-32	26	50
-30	26	50
-29	26	50
-27	26	50
-23	26	50
-21	26	50
-20	26	50
-18	26	50
-17	26	50
-16	26	50
-14	26	50
-13	26	50
-12	26	50
-10	26	49
-9	26	49
-8	26	49
-7	26	50
-5	26	49
-4	26	49
-3	26	50
-2	26	50
-1	26	49
0	26	49
2	26	50
3	26	49
4	26	50
5	26	49
6	26	49
8	26	50
9	26	50
10	26	49
11	26	50
13	26	50
14	26	50
15	26	50
16	26	50
18	26	50
19	26	50
20	26	50
22	26	50
23	26	50
27	26	50
29	26	50
31	26	50
32	26	50
34	26	50
36	26	50
38	26	50
39	26	50
41	26	50
43	26	50
45	26	50
47	26	50
50	26	50
52	26	50
54	26	50
57	26	50
60	26	50
63	26	51
65	26	50
68	26	51
72	26	51
-78	15	26
-77	16	28
-76	18	31
-75	19	33
-77	24	41
-77	25	43
-77	28	47
-78	30	51
-70	29	50
-68	30	51
-65	30	51
-61	30	51
-58	30	51
-55	30	51
-53	30	51
-51	30	51
-48	30	51
-46	30	51
-44	30	51
-41	30	51
-39	30	51
-38	30	51
-36	30	51
-33	29	51
-32	30	51
-30	29	51
-29	30	51
-27	30	51
-23	30	51
-21	30	51
-20	30	51
-18	29	51
-17	29	51
-16	29	51
-14	29	51
-13	29	51
-12	29	51
-11	29	51
-9	29	50
-8	29	50
-7	29	51
-5	29	50
-4	29	50
-3	29	50
-2	29	51
-1	29	50
0	29	50
2	29	50
3	29	50
4	29	51
5	29	50
6	29	50
7	29	51
9	29	51
10	29	50
11	29	50
12	29	51
14	29	51
15	29	51
16	30	51
18	30	51
19	30	51
20	30	51
22	30	51
23	30	51
27	30	51
29	29	51
30	30	51
32	30	51
34	30	51
36	30	51
37	30	51
39	30	51
41	30	51
43	30	51
45	30	51
47	30	51
49	30	51
51	30	51
54	30	51
57	30	52
59	30	52
62	30	52
65	30	51
68	30	52
72	30	52
-80	15	26
-77	15	27
-76	18	30
-75	19	32
-76	20	34
-78	23	39
-77	24	41
-77	28	48
-72	29	50
-70	30	51
-66	30	51
-63	30	51
-60	30	51
-57	30	51
-54	30	51
-52	30	51
-50	30	51
-47	30	51
-45	30	51
-43	30	51
-41	30	51
-39	30	51
-37	30	51
-35	30	51
-33	30	51
-31	30	51
-30	30	51
-28	30	51
-27	30	51
-22	29	51
-21	30	51
-19	30	51
-18	30	51
-17	30	51
-15	30	51
-14	29	51
-12	30	51
-11	29	51
-10	29	50
-9	29	50
-8	29	50
-6	29	51
-5	29	50
-4	29	50
-3	29	51
-1	29	50
0	29	50
1	29	50
2	29	50
3	29	50
5	29	50
6	29	50
7	29	51
8	29	50
9	29	50
11	30	51
12	30	51
13	30	51
14	29	51
16	29	50
17	29	50
18	30	51
20	30	51
21	30	51
22	30	51
24	30	51
27	30	52
28	30	51
30	30	51
31	30	51
33	29	51
35	30	51
37	30	51
38	30	51
40	30	51
42	30	51
44	30	51
46	30	51
48	30	51
51	30	51
53	30	51
55	30	51
59	30	52
61	30	52
64	30	52
67	30	51
70	30	52
74	30	52
-80	16	25
-78	17	27
-77	18	28
-75	21	32
-76	22	34
-78	25	39
-77	27	41
-77	31	48
-71	34	52
-67	33	52
-64	34	52
-61	34	52
-58	33	52
-55	33	51
-53	33	52
-50	33	52
-48	33	52
-46	33	52
-43	33	52
-41	33	51
-39	33	52
-37	33	52
-36	33	52
-34	33	52
-32	33	52
-30	33	52
-29	33	51
-27	33	52
-23	33	52
-21	33	51
-20	33	51
-18	33	51
-17	33	51
-16	33	51
-14	33	52
-13	33	51
-12	33	51
-10	33	51
-9	33	51
-8	33	51
-6	33	51
-5	33	51
-4	33	51
-3	33	51
-2	33	51
-1	33	51
1	33	51
2	33	51
3	33	51
4	33	52
5	33	51
7	33	51
8	33	51
9	33	51
10	33	51
12	33	52
13	33	51
14	33	52
15	33	51
17	33	51
18	33	52
19	33	52
21	33	52
22	33	52
23	33	52
28	33	52
29	34	52
31	33	52
33	33	51
34	33	52
36	33	52
38	33	52
40	34	52
42	33	52
44	33	52
45	33	52
48	34	52
50	34	52
52	34	52
55	34	52
58	34	52
60	34	52
63	34	52
66	34	52
70	34	53
73	34	53
85	36	56
-80	17	26
-77	17	27
-76	18	29
-76	20	31
-75	21	32
-76	22	34
-78	26	40
-77	27	41
-77	31	49
-71	33	52
-67	33	52
-64	34	52
-61	33	52
-58	33	52
-55	33	52
-52	33	52
-50	33	52
-48	33	52
-45	33	52
-43	33	52
-41	33	52
-39	33	52
-37	33	52
-35	33	52
-33	33	52
-32	33	52
-30	33	52
-28	33	52
-27	33	52
-22	33	52
-21	33	51
-19	33	52
-18	33	51
-17	33	52
-15	33	51
-14	33	51
-13	33	51
-11	33	51
-10	33	51
-9	33	51
-8	33	51
-6	33	51
-5	33	51
-4	33	51
-3	33	51
-1	33	51
0	33	51
1	33	51
2	33	51
3	33	51
5	33	51
6	33	51
7	33	51
8	33	51
9	33	51
10	33	51
12	33	51
13	33	52
14	33	51
16	33	52
17	33	51
18	33	52
20	33	52
21	33	52
22	33	52
24	33	51
27	34	53
28	33	52
30	33	52
32	33	52
33	33	52
35	33	51
37	33	52
38	33	52
40	34	52
42	34	52
44	33	52
47	34	52
48	34	52
51	34	52
53	34	52
56	34	52
59	34	53
61	34	52
64	34	52
67	34	52
71	34	53
76	35	54
-80	18	26
-77	19	27
-76	22	30
-75	23	32
-76	24	34
-78	28	40
-77	29	41
-77	34	49
-71	37	52
-67	37	52
-64	37	52
-62	37	52
-58	37	52
-56	37	52
-53	37	52
-51	37	52
-48	37	52
-46	37	52
-44	37	52
-42	37	52
-40	37	52
-38	37	52
-36	37	52
-34	37	52
-32	37	52
-31	37	52
-29	37	52
-27	37	52
-26	37	52
-23	37	52
-21	37	52
-20	37	52
-18	37	52
-17	37	52
-16	37	52
-14	37	52
-13	37	52
-12	37	52
-11	37	52
-9	37	52
-8	36	52
-7	37	52
-6	37	52
-4	37	52
-3	37	52
-2	36	52
-1	37	52
0	37	52
2	37	52
3	36	52
4	37	52
5	37	52
7	37	52
8	37	52
9	37	52
10	37	52
11	37	52
12	37	52
14	37	52
15	37	52
16	37	52
18	37	52
19	37	52
20	37	52
22	37	52
23	37	52
27	37	52
29	37	52
31	37	52
32	37	52
34	37	52
36	37	52
38	37	52
40	37	52
41	37	52
43	37	52
45	37	52
47	37	52
50	37	53
52	37	52
54	37	52
57	37	53
59	37	53
63	37	53
65	37	53
68	37	53
72	37	53
-80	18	25
-78	19	27
-77	20	28
-75	22	32
-75	24	34
-77	29	41
-78	31	44
-77	34	48
-77	35	50
-72	37	52
-68	37	52
-65	37	52
-62	37	52
-59	37	52
-56	37	53
-53	37	52
-51	37	52
-49	37	52
-47	37	52
-44	37	52
-42	37	52
-40	37	52
-38	37	52
-36	37	52
-34	37	52
-32	37	52
-31	37	52
-29	37	52
-27	37	52
-26	37	52
-23	37	53
-21	37	52
-20	37	52
-19	37	52
-17	37	52
-16	37	52
-14	37	52
-13	37	52
-12	37	52
-10	37	52
-9	37	52
-8	36	52
-7	37	52
-6	37	52
-5	37	52
-3	37	52
-2	37	52
-1	37	52
0	37	52
2	37	52
3	37	52
4	37	52
5	37	52
6	37	52
8	37	52
9	37	52
10	37	52
11	37	52
12	37	52
14	37	52
15	37	52
17	37	52
18	37	52
19	37	52
20	37	52
22	37	52
23	37	52
28	37	52
29	37	52
31	37	52
32	37	52
34	37	52
36	37	52
38	37	52
40	37	52
41	37	52
43	37	52
46	37	53
48	37	52
50	37	53
52	37	52
55	37	52
57	37	53
60	37	53
63	37	53
66	37	53
69	38	53
73	38	53
88	42	59
-80	20	26
-77	20	26
-76	23	30
-75	25	32
-76	26	34
-77	30	39
-77	32	41
-77	37	48
-77	39	50
-72	40	52
-68	40	52
-65	40	52
-62	40	52
-59	40	52
-56	40	52
-54	40	52
-51	40	52
-48	40	52
-47	40	52
-44	40	52
-42	40	52
-40	40	52
-38	40	52
-36	40	52
-34	40	52
-33	40	52
-31	40	52
-29	40	52
-27	40	52
-26	40	52
-23	40	52
-22	40	52
-20	40	52
-19	40	52
-17	40	52
-16	40	52
-15	40	52
-13	40	52
-12	40	52
-11	40	52
-10	40	52
-8	40	51
-7	40	52
-6	40	52
-5	40	52
-4	40	52
-2	40	51
-1	40	52
0	40	52
1	40	52
3	40	52
4	40	52
5	40	52
6	40	52
7	40	52
9	40	52
10	40	52
11	40	52
12	40	51
13	40	52
15	40	52
16	40	52
17	40	52
19	40	52
20	40	52
21	40	52
23	40	52
27	40	52
29	40	52
30	40	52
32	40	52
33	40	52
35	40	52
37	40	52
39	40	52
41	40	52
42	40	52
44	40	52
47	40	52
49	40	52
51	40	52
53	40	52
56	40	52
59	41	53
61	40	53
64	40	52
67	41	53
71	41	53
73	40	52
89	45	58
-80	20	25
-77	21	27
-76	23	30
-75	25	32
-76	26	34
-77	30	39
-77	32	41
-77	37	48
-74	38	49
-72	40	52
-68	40	52
-65	40	52
-62	40	52
-59	40	52
-56	40	52
-53	40	52
-51	40	52
-48	40	52
-46	40	52
-44	40	52
-42	40	52
-40	40	52
-38	40	52
-36	40	52
-34	40	52
-32	40	52
-31	40	52
-29	40	52
-27	40	52
-26	40	52
-23	40	52
-21	40	52
-20	40	52
-19	40	52
-17	40	52
-16	40	52
-14	40	52
-13	40	52
-12	40	52
-11	40	52
-9	40	52
-8	40	52
-7	40	52
-6	40	52
-4	40	52
-3	40	52
-2	40	52
-1	40	52
0	40	52
2	40	52
3	40	52
4	40	52
5	40	52
6	40	52
7	40	52
9	40	52
10	40	52
11	40	52
12	40	52
14	40	52
15	40	52
16	40	52
18	40	52
19	40	52
20	40	52
22	40	52
23	40	52
27	40	52
29	40	52
31	40	52
32	40	52
34	40	52
36	40	52
37	40	52
39	40	52
41	40	52
43	40	52
45	40	52
47	40	52
49	40	53
52	40	52
54	40	52
56	40	52
60	41	53
62	41	53
65	40	53
68	41	53
72	41	53
-79	21	25
-77	22	27
-76	23	28
-75	25	30
-75	26	32
-75	28	34
-76	32	38
-77	34	41
-78	38	46
-77	39	47
-69	43	52
-67	44	53
-64	44	53
-61	44	53
-58	44	53
-55	44	53
-53	44	53
-50	44	53
-48	44	53
-46	44	53
-43	44	53
-42	44	53
-40	44	53
-38	44	52
-36	44	53
-34	44	52
-32	44	52
-30	43	52
-29	44	52
-27	44	52
-26	44	53
-23	44	53
-21	44	53
-20	44	53
-19	43	52
-17	44	52
-16	44	52
-15	44	52
-13	44	52
-12	43	52
-11	44	53
-10	44	52
-8	43	52
-7	44	52
-6	43	52
-5	44	52
-3	44	52
-2	43	52
-1	44	52
0	43	52
2	44	52
3	43	52
4	43	52
5	43	52
6	43	52
8	43	52
9	43	52
10	43	52
11	43	52
13	44	53
14	43	52
15	44	52
16	44	52
18	44	52
19	44	52
20	43	52
22	44	53
23	44	52
27	44	52
29	44	53
30	44	52
32	43	52
34	44	53
35	44	53
37	44	53
39	44	53
41	44	52
43	44	53
45	44	53
47	44	53
49	44	53
51	44	53
53	44	53
56	44	53
58	44	53
61	44	53
64	44	53
67	44	53
71	45	54
74	45	54
89	47	56
-79	21	25
-77	22	27
-76	24	28
-75	25	30
-75	26	32
-76	32	38
-77	34	41
-78	38	46
-77	40	48
-74	44	53
-70	44	53
-67	44	53
-63	44	53
-61	44	53
-58	44	53
-55	44	53
-52	44	53
-50	44	53
-48	44	53
-46	44	53
-43	44	53
-41	44	53
-39	44	52
-37	44	53
-36	44	53
-34	44	53
-32	43	52
-30	43	52
-28	43	52
-27	44	52
-23	44	53
-21	44	52
-20	44	52
-18	44	52
-17	44	52
-16	44	52
-14	44	52
-13	44	53
-12	43	52
-10	43	52
-9	43	52
-8	43	52
-7	44	52
-5	43	52
-4	43	52
-3	43	52
-2	44	52
-1	44	52
0	43	52
2	44	52
3	43	52
4	43	52
5	43	52
7	44	52
8	43	52
9	43	52
10	44	52
11	43	52
13	44	52
14	44	52
15	44	52
17	43	52
18	44	52
19	44	53
21	44	53
22	44	52
23	44	52
28	44	52
29	44	52
31	44	52
32	44	53
34	44	52
36	44	52
38	44	53
39	44	53
41	44	52
43	44	52
45	44	53
47	44	53
49	44	53
51	44	53
54	44	53
57	44	53
59	44	53
62	44	53
65	44	53
68	44	53
71	44	53
-80	20	22
-76	21	23
-75	22	24
-75	24	26
-75	25	28
-75	27	30
-76	29	32
-77	31	35
-76	33	36
-77	37	41
-77	39	43
-78	44	49
-77	46	51
-37	50	55
-31	50	56
-29	48	54
-27	49	54
-26	49	55
-24	49	55
-23	49	54
-21	49	55
5	50	56
26	49	55
28	50	56
29	50	56
31	50	56
33	50	56
35	50	56
36	50	56
38	50	56
40	50	56
42	50	56
44	51	56
46	50	56
48	50	56
51	51	56
53	51	57
56	51	57
58	51	56
61	51	56
64	51	57
67	51	57
70	51	57
73	51	57
88	53	59
88	46	51
-80	20	22
-76	21	23
-77	23	25
-76	24	27
-75	26	29
-75	27	31
-76	31	35
-76	33	37
-77	38	42
-77	39	44
-78	44	49
-77	46	51
-36	49	55
-35	50	56
-34	51	57
-32	51	57
-29	49	54
-27	49	54
-26	49	55
-24	49	54
4	50	56
5	49	55
20	50	55
26	50	55
28	50	56
30	50	56
31	50	56
33	50	56
35	50	56
37	50	56
39	51	56
40	50	56
43	51	57
45	50	56
47	50	56
49	50	56
51	50	56
54	50	56
56	51	56
59	51	56
62	51	56
65	51	57
67	51	57
71	51	57
88	52	59
89	46	51
-80	17	17
-77	18	18
-75	19	20
-74	21	22
-75	23	23
-75	24	25
-75	28	29
-75	30	31
-77	34	35
-75	35	37
-41	24	25
-38	24	25
-36	24	24
-34	23	24
-32	23	24
-31	23	24
-29	23	24
-27	23	24
-26	23	24
-25	23	24
-24	23	24
-21	22	23
-21	22	23
-20	23	24
-19	23	24
-20	25	25
-20	26	27
-20	27	28
-36	56	58
-34	56	58
-32	56	58
-31	56	58
-29	55	58
-27	55	57
-25	55	57
-24	55	57
-22	55	57
-20	55	57
-19	55	57
-17	55	57
-16	55	57
-14	55	57
-13	55	57
-11	55	57
-10	55	57
-8	55	57
-7	55	57
-6	55	57
-4	55	57
-3	55	57
-1	55	57
0	55	57
2	55	57
3	55	57
4	55	57
6	55	57
7	55	57
8	54	56
10	55	57
11	54	56
12	54	56
14	55	57
16	55	57
17	54	56
18	55	57
20	54	56
21	54	56
23	55	57
25	55	57
26	54	56
28	54	56
30	54	56
31	55	57
33	55	57
35	54	56
37	54	56
38	54	56
40	54	56
42	55	57
44	54	56
47	55	57
49	54	56
51	54	56
53	55	57
56	54	56
58	55	57
61	55	57
64	55	57
67	55	57
70	55	57
37	26	27
88	50	51
77	39	40
87	42	43
-80	17	17
-77	18	18
-75	19	20
-77	21	22
-75	23	23
-75	24	25
-76	28	29
-75	30	31
-77	34	35
-76	36	37
-41	24	25
-39	24	25
-36	24	25
-34	24	24
-32	23	24
-31	23	24
-29	23	24
-28	23	24
-26	23	24
-25	23	24
-23	23	24
-21	22	23
-21	22	23
-20	23	24
-20	23	24
-20	25	25
-20	26	27
-20	27	28
-36	56	58
-34	56	58
-32	56	58
-31	56	58
-29	56	58
-27	56	58
-25	55	57
-24	56	58
-22	55	58
-20	55	57
-19	55	57
-17	55	57
-16	55	57
-14	55	57
-13	55	57
-11	55	57
-10	55	57
-8	55	57
-7	55	57
-5	55	57
-4	55	57
-3	55	57
-1	55	57
0	55	57
2	55	57
3	55	57
5	55	57
6	55	57
7	55	57
9	54	56
10	55	57
11	55	57
13	55	57
14	54	56
16	55	57
17	55	57
19	54	56
20	54	56
22	54	56
23	54	56
25	54	56
26	54	56
28	54	56
30	54	56
31	54	56
33	55	57
35	55	57
37	55	57
39	55	57
41	55	57
43	55	57
45	55	57
47	55	57
49	55	57
52	55	57
54	55	57
57	55	57
59	55	57
62	55	57
65	55	57
68	55	57
37	26	27
88	54	56
88	49	50
88	41	43
-80	18	17
-76	19	18
-73	20	19
-73	21	21
-75	24	23
-75	25	24
-76	27	26
-76	29	28
-75	31	30
-76	35	34
-75	37	36
-44	25	25
-41	25	24
-38	25	24
-36	25	24
-34	24	23
-32	24	23
-30	24	24
-29	24	23
-27	24	23
-26	24	23
-25	24	23
-23	24	23
-21	23	22
-21	23	23
-20	24	23
-20	24	23
-20	26	25
-20	27	26
-20	28	27
-36	58	56
-34	58	56
-32	58	56
-30	58	56
-28	58	56
-27	58	56
-25	57	55
-23	57	55
-22	57	55
-20	57	55
-18	57	55
-17	57	55
-15	57	55
-14	57	55
-12	57	55
-11	57	55
-9	57	55
-8	57	55
-7	57	55
-5	57	55
-4	57	55
-2	57	55
-1	57	55
0	57	55
2	57	55
3	57	55
5	57	55
6	57	55
7	57	55
9	56	54
10	56	54
12	57	55
13	57	55
14	57	55
16	57	55
17	56	54
19	57	55
20	56	54
22	56	54
23	56	54
25	57	54
27	56	54
28	56	54
30	56	54
32	56	54
33	57	55
35	56	54
37	57	55
39	57	55
41	57	55
43	57	55
45	56	54
47	57	55
50	57	55
52	57	55
54	57	55
57	57	55
59	57	55
63	57	55
65	57	55
68	57	55
36	27	26
37	27	26
88	50	48
88	45	43
88	43	41
-80	18	17
-76	19	18
-75	20	19
-74	21	21
-75	24	23
-75	25	25
-76	28	27
-75	29	28
-75	31	30
-75	35	34
-76	37	36
-44	25	24
-41	25	24
-38	25	24
-36	24	24
-34	24	23
-32	24	23
-30	24	23
-28	24	23
-27	24	23
-26	24	23
-24	24	23
-23	24	23
-21	23	22
-21	23	23
-20	24	23
-20	24	23
-20	26	25
-20	27	26
-20	28	27
-36	58	56
-34	58	56
-32	58	56
-30	58	56
-28	58	56
-26	57	55
-25	57	55
-23	58	56
-21	57	55
-20	57	55
-18	57	55
-17	57	55
-15	57	55
-14	57	55
-12	57	55
-11	57	55
-9	57	55
-8	57	55
-6	57	55
-5	57	55
-3	57	55
-2	57	55
-1	57	55
1	57	55
2	57	55
4	57	55
5	57	55
6	57	55
8	57	55
9	57	55
11	57	55
12	57	55
13	57	55
15	57	55
16	57	55
18	57	55
19	57	55
21	57	55
22	57	55
24	57	55
26	57	55
27	57	55
29	57	55
31	57	55
32	57	55
34	57	55
36	57	55
38	57	55
40	57	55
42	57	55
44	57	55
46	57	55
48	57	55
51	57	55
53	57	55
55	57	55
58	57	55
61	57	55
64	57	55
66	57	55
70	57	55
36	27	26
88	52	50
88	49	47
88	44	42
88	42	40
-76	15	14
-75	17	15
-75	19	17
-76	20	18
-75	22	20
-75	24	22
-76	28	25
-76	30	27
-76	34	30
-77	36	32
-42	23	21
-39	23	21
-36	23	20
-34	23	21
-33	23	21
-31	23	20
-29	23	20
-27	23	20
-26	22	20
-25	22	20
-23	22	20
-22	22	20
-21	22	20
-20	23	20
-20	23	21
-20	24	22
-20	25	22
-20	26	24
-20	28	25
-20	29	26
-20	31	28
-20	31	28
-20	33	30
-20	35	31
-20	37	33
-20	38	34
-20	40	36
-23	55	49
-22	55	49
-20	55	49
-19	54	49
-17	54	49
-16	54	49
-14	54	49
-13	54	49
-11	54	49
-10	54	49
-9	54	49
-7	54	49
-6	54	48
-5	54	48
-3	54	48
-2	54	48
-1	54	48
1	54	48
2	54	48
3	54	48
4	54	48
6	54	48
7	54	48
8	54	48
9	54	48
11	54	48
12	54	48
13	54	48
15	54	48
16	54	48
18	54	48
19	54	48
20	54	48
22	54	48
23	54	48
25	54	48
26	54	48
28	54	48
29	54	48
31	54	48
33	54	48
34	54	48
36	54	48
38	54	48
40	54	48
42	54	48
44	54	48
46	54	48
48	54	48
50	54	48
52	54	48
55	54	48
34	29	26
34	28	25
34	27	24
35	26	23
35	25	22
37	25	22
38	24	22
88	47	42
87	41	37
75	33	30
-77	15	13
-76	16	15
-75	18	16
-73	19	17
-76	22	19
-75	23	21
-77	26	23
-76	28	25
-75	29	26
-77	34	30
-76	35	32
-43	24	21
-40	23	21
-37	23	21
-35	23	21
-33	23	20
-31	23	20
-29	23	20
-28	23	20
-26	22	20
-25	22	20
-23	22	20
-22	22	20
-21	22	20
-20	22	20
-20	23	21
-20	24	21
-20	25	22
-20	26	23
-20	28	25
-20	29	26
-20	30	27
-20	31	28
-20	33	30
-20	35	31
-20	37	33
-20	38	34
-20	40	36
-23	55	49
-22	55	49
-20	54	49
-19	54	49
-17	54	49
-16	54	49
-14	54	49
-13	54	49
-11	54	49
-10	54	49
-9	54	49
-8	54	49
-6	54	48
-5	54	48
-4	54	48
-2	54	48
-1	54	48
0	54	48
2	54	48
3	54	48
4	54	48
5	54	48
7	54	48
8	54	48
9	54	48
11	54	48
12	54	48
13	54	48
15	54	48
16	54	48
17	54	48
19	54	48
20	54	48
22	54	48
23	54	48
25	54	48
26	54	48
28	54	48
29	54	48
31	54	48
33	54	48
35	54	48
36	54	48
38	54	48
40	54	48
42	54	48
44	54	48
46	54	48
48	53	48
50	54	48
53	54	48
55	54	48
34	29	26
34	27	24
34	26	23
35	26	23
36	25	22
37	25	22
38	24	21
88	41	37
-82	14	12
-76	15	12
-76	17	14
-75	18	15
-75	20	17
-76	22	18
-75	24	20
-76	28	23
-75	29	24
-76	34	28
-76	36	30
-43	24	20
-39	23	19
-37	23	19
-35	23	19
-33	23	19
-31	23	19
-29	23	19
-27	23	19
-26	22	19
-25	22	19
-23	23	19
-22	22	18
-21	22	19
-20	23	19
-20	23	19
-20	24	20
-20	25	21
-20	29	24
-20	30	25
-20	34	29
-20	37	31
-20	38	32
-20	40	33
-19	42	35
-22	55	46
-20	55	46
-19	55	46
-17	55	46
-16	55	46
-15	55	46
-13	55	46
-12	55	46
-11	55	46
-9	55	45
-8	55	45
-6	55	45
-5	55	45
-4	55	45
-3	55	45
-1	55	45
0	55	45
1	54	45
2	54	45
4	55	45
5	54	45
6	54	45
8	54	45
9	54	45
10	54	45
12	54	45
13	54	45
14	54	45
15	54	45
17	54	45
18	54	45
20	54	45
21	54	45
22	54	45
24	54	45
25	54	45
27	54	45
28	54	45
30	54	45
32	54	45
34	54	45
35	54	45
37	54	45
39	54	45
41	54	45
43	54	45
45	54	45
47	54	45
49	54	45
38	37	31
39	36	30
34	30	25
34	29	24
34	28	23
34	26	21
34	25	21
35	24	20
37	24	20
38	24	20
88	43	36
87	40	34
-82	13	11
-77	14	12
-77	16	14
-75	18	15
-74	19	16
-76	22	18
-75	23	19
-77	26	21
-76	28	23
-75	29	24
-76	31	26
-77	34	28
-76	35	29
-43	23	20
-40	23	19
-38	23	19
-35	23	19
-33	23	19
-31	23	19
-29	23	19
-28	23	19
-26	23	19
-25	22	19
-24	22	19
-22	22	19
-21	22	19
-20	23	19
-20	23	19
-20	24	20
-20	25	21
-20	26	22
-20	27	23
-20	28	24
-20	30	25
-20	31	26
-20	33	27
-20	35	29
-20	36	30
-20	38	31
-20	40	33
-22	55	46
-21	55	46
-19	55	46
-18	55	46
-16	55	46
-15	55	46
-13	55	46
-12	55	46
-10	55	46
-9	55	45
-8	55	46
-6	55	45
-5	55	45
-4	55	45
-2	55	45
-1	54	45
0	55	45
1	55	45
2	54	45
4	54	45
5	54	45
6	54	45
8	54	45
9	54	45
10	54	45
11	54	45
13	54	45
14	54	45
15	54	45
17	54	45
18	54	45
20	54	45
21	54	45
23	54	45
24	54	45
25	54	45
27	54	45
29	54	45
30	54	45
32	54	45
34	54	45
35	54	45
37	54	45
39	54	45
41	54	45
43	54	45
45	54	45
47	54	45
49	54	45
39	40	33
38	37	31
39	37	30
34	30	25
34	28	24
34	27	23
34	26	21
35	25	21
36	24	20
37	24	20
38	24	20
88	43	36
88	40	33
-82	13	10
-74	14	10
-76	16	12
-75	17	13
-73	19	14
-76	21	16
-75	23	17
-77	25	19
-76	27	21
-75	29	22
-77	33	25
-76	35	27
-42	23	18
-40	23	18
-37	23	18
-35	23	17
-33	22	17
-30	23	17
-29	23	17
-27	22	17
-26	22	17
-25	22	17
-23	22	17
-22	22	17
-21	22	17
-20	22	17
-20	23	18
-20	24	18
-20	25	19
-20	26	20
-20	27	21
-20	28	22
-20	30	23
-20	32	24
-20	33	26
-20	34	26
-20	36	27
-20	38	29
-20	40	31
-22	54	42
-20	54	42
-19	54	42
-18	54	42
-16	54	42
-15	54	42
-13	54	42
-12	54	42
-11	54	42
-9	54	42
-8	54	42
-7	54	41
-5	54	41
-4	54	41
-3	54	41
-2	54	41
0	54	41
1	54	41
2	54	41
3	54	41
5	54	41
6	54	41
7	54	41
8	53	41
10	54	41
11	54	41
12	54	41
14	54	41
15	54	41
16	54	41
17	53	41
19	53	41
20	53	41
21	54	41
23	53	41
24	53	41
26	54	41
27	54	41
29	53	41
31	54	41
32	54	41
34	54	41
36	54	41
37	54	41
39	53	41
36	46	36
36	44	34
36	41	32
34	38	29
39	37	29
34	31	24
33	29	22
33	27	21
33	26	20
34	25	19
34	24	19
35	24	18
36	23	18
38	23	18
88	39	30
-81	13	10
-74	14	11
-75	16	12
-75	18	14
-73	19	15
-76	22	17
-75	24	18
-76	28	21
-75	29	23
-76	34	26
-75	36	27
-41	23	18
-38	23	18
-36	23	17
-34	23	17
-32	22	17
-30	23	17
-28	22	17
-27	22	17
-25	22	17
-24	22	17
-22	22	17
-22	22	17
-21	23	17
-20	23	17
-20	23	18
-20	24	19
-20	26	20
-20	27	20
-20	28	21
-20	29	22
-20	31	24
-20	32	25
-20	34	26
-20	36	28
-20	37	28
-20	39	30
-19	41	31
-21	54	42
-20	54	42
-18	54	42
-17	54	42
-15	54	42
-14	54	42
-13	54	42
-11	54	42
-10	54	42
-9	54	42
-7	54	41
-6	54	42
-5	54	41
-3	54	41
-2	54	41
-1	54	41
1	54	41
2	54	41
3	54	41
4	54	41
5	54	41
7	54	41
8	54	41
9	54	41
11	54	41
12	54	41
13	54	41
14	54	41
16	54	41
17	53	41
18	54	41
20	54	41
21	53	41
23	53	41
24	54	41
26	54	41
27	54	41
29	53	41
30	54	41
32	54	41
33	54	41
35	54	41
37	53	41
39	53	41
36	47	36
35	44	34
36	42	32
34	38	30
38	37	29
33	29	22
33	27	21
33	26	20
34	25	19
34	24	19
35	24	18
36	23	18
38	23	18
88	39	30
-81	11	8
-77	13	9
-73	14	10
-75	16	11
-75	18	13
-73	19	14
-75	21	15
-75	23	17
-76	26	18
-75	27	19
-75	29	21
-76	31	22
-76	34	24
-43	23	16
-40	22	16
-37	22	16
-35	22	16
-33	22	16
-31	22	15
-29	22	15
-27	22	15
-26	22	15
-24	21	15
-23	21	15
-22	21	15
-21	21	15
-20	22	16
-20	22	16
-20	23	16
-19	24	17
-20	25	18
-20	27	19
-20	28	19
-20	29	20
-20	33	23
-20	37	26
-20	38	27
-22	53	38
-21	53	38
-20	53	38
-18	53	38
-17	53	38
-15	53	38
-14	53	38
-12	53	37
-11	53	37
-10	53	37
-9	53	37
-7	53	37
-6	53	37
-5	53	37
-4	53	37
-2	53	37
-1	53	37
0	52	37
1	53	37
2	52	37
4	52	37
5	52	37
6	53	37
7	52	37
9	52	37
10	52	37
11	53	37
12	52	37
14	52	37
15	52	37
16	52	37
18	52	37
19	52	37
20	52	37
21	52	37
23	52	37
24	52	37
26	52	37
27	52	37
29	52	37
30	52	37
32	52	37
34	53	37
35	52	37
37	52	37
34	45	32
33	41	29
32	39	27
33	37	26
33	35	25
33	35	24
36	35	25
37	35	25
34	31	22
33	28	20
33	27	19
33	25	18
33	24	17
34	24	17
35	23	16
36	22	16
37	22	16
39	22	16
34	18	13
33	16	12
33	15	11
33	14	10
33	14	10
33	13	9
33	12	8
33	11	8
34	10	7
-83	10	7
-79	12	8
-73	13	9
-76	15	11
-75	17	12
-74	18	13
-76	21	15
-75	22	16
-74	24	17
-76	26	19
-75	28	20
-75	30	21
-76	33	23
-76	35	25
-41	22	16
-37	22	15
-35	22	15
-34	22	15
-32	22	15
-30	22	15
-28	22	15
-27	22	15
-25	22	15
-24	21	15
-23	21	15
-21	22	15
-20	22	15
-20	22	15
-20	23	16
-20	24	17
-20	25	18
-20	26	18
-20	27	19
-20	28	20
-20	30	21
-20	31	22
-20	33	23
-20	37	26
-20	38	27
-20	39	28
-22	53	38
-20	53	38
-18	53	38
-17	53	38
-16	53	38
-14	53	38
-13	53	38
-12	53	37
-10	53	37
-9	53	37
-8	53	37
-7	53	37
-5	53	37
-4	53	37
-3	53	37
-2	53	37
0	52	37
1	53	37
2	52	37
3	52	37
5	52	37
6	52	37
7	52	37
8	53	37
9	52	37
11	52	37
12	52	37
13	52	37
14	52	37
16	52	37
17	53	37
18	52	37
20	52	37
21	52	37
23	52	37
24	52	37
25	52	37
27	52	37
29	52	37
30	52	37
32	53	37
33	52	37
35	52	37
37	52	37
34	45	32
33	43	30
32	39	28
33	37	27
32	35	25
33	34	24
35	36	25
37	35	25
34	31	22
33	28	20
33	27	19
33	25	18
33	25	17
34	24	17
35	23	16
35	23	16
37	22	16
39	22	16
34	18	13
33	17	12
33	16	11
33	15	10
33	14	10
33	13	9
33	12	8
33	11	8
33	10	7
-84	9	6
-80	10	7
-77	12	8
-74	13	9
-76	15	10
-75	17	11
-74	18	12
-76	21	13
-75	22	14
-74	24	16
-76	26	17
-75	28	18
-75	32	21
-76	34	22
-43	22	14
-41	22	14
-37	22	14
-35	22	14
-33	22	14
-31	21	14
-29	21	14
-28	21	14
-26	21	14
-24	21	14
-23	21	14
-22	21	14
-21	21	14
-21	21	14
-19	22	14
-20	23	15
-20	24	15
-19	25	16
-20	26	17
-20	27	18
-20	28	18
-20	30	19
-20	31	20
-20	33	21
-20	36	23
-20	38	24
-20	39	25
-20	43	28
-21	53	34
-20	53	34
-18	53	34
-17	53	34
-16	53	34
-14	53	34
-13	52	34
-11	52	34
-10	52	34
-9	52	34
-8	52	34
-6	52	34
-5	52	34
-4	52	34
-3	52	34
-2	52	33
0	52	33
1	52	33
2	52	33
3	52	33
5	52	33
6	52	33
7	52	33
8	52	33
9	52	33
11	52	34
12	52	33
13	52	33
14	52	33
16	52	33
17	52	33
18	52	33
20	52	33
21	52	33
22	52	33
24	52	33
25	52	33
27	52	33
28	52	33
30	52	33
31	52	33
33	52	33
35	52	33
36	52	33
33	44	29
32	40	26
32	38	24
32	37	24
33	36	23
33	35	23
34	34	22
35	33	21
36	32	21
33	28	18
33	27	17
33	25	16
33	24	16
33	23	15
33	22	14
33	21	13
33	20	13
33	19	12
33	17	11
33	16	11
33	16	10
33	15	9
33	14	9
33	13	8
33	12	8
33	11	7
-83	9	6
-79	11	7
-77	12	8
-74	14	9
-75	16	10
-75	17	11
-74	19	12
-75	21	14
-75	23	15
-74	25	16
-75	27	17
-76	29	19
-75	33	21
-43	22	14
-41	22	14
-37	22	14
-35	22	14
-32	22	14
-30	22	14
-29	21	14
-27	21	14
-26	21	14
-24	21	14
-23	21	14
-21	21	14
-21	21	14
-20	22	14
-20	22	14
-20	23	15
-20	24	15
-19	25	16
-20	26	17
-20	27	18
-20	29	18
-20	30	19
-20	32	20
-20	34	22
-20	37	24
-20	39	25
-22	53	34
-21	53	34
-19	53	34
-18	53	34
-17	53	34
-15	52	34
-14	53	34
-13	52	34
-11	52	34
-10	52	34
-9	52	34
-7	52	34
-6	52	34
-5	52	34
-4	52	34
-2	52	34
-1	52	33
0	52	33
1	52	33
3	52	33
4	52	33
5	52	33
6	52	33
7	52	33
9	52	33
10	52	33
11	52	33
12	52	33
14	52	33
15	52	33
16	52	34
17	52	33
19	52	33
20	52	33
21	52	33
23	52	33
24	52	33
26	52	33
27	52	33
29	52	33
30	52	33
32	52	33
33	52	33
35	52	33
37	52	33
33	43	28
31	39	25
32	38	24
32	36	23
33	36	23
34	35	22
35	34	22
35	33	21
34	30	20
33	28	18
33	26	17
33	25	16
33	24	16
33	23	15
33	21	14
33	20	13
33	19	12
33	18	12
33	17	11
33	16	10
33	15	10
33	14	9
33	13	8
33	12	8
33	12	8
33	11	7
-83	7	4
-80	9	5
-77	10	6
-77	12	7
-74	13	8
-75	15	9
-75	17	10
-74	19	11
-75	21	12
-75	22	13
-75	26	15
-76	28	17
-75	32	19
-41	21	12
-38	21	12
-37	22	13
-34	21	12
-33	21	12
-30	21	12
-28	21	12
-27	21	12
-25	21	12
-24	21	12
-23	21	12
-22	20	12
-21	20	12
-20	21	12
-19	21	12
-20	23	13
-20	23	14
-19	25	14
-20	26	15
-20	27	16
-20	28	16
-20	36	21
-20	39	23
-23	52	30
-21	52	30
-20	52	30
-18	52	30
-17	52	30
-16	52	30
-14	52	30
-13	52	30
-12	52	30
-10	52	30
-9	52	30
-8	52	30
-6	52	30
-5	51	30
-4	51	30
-3	51	30
-2	51	30
0	51	30
1	51	30
2	51	30
3	51	30
4	51	30
6	51	30
7	51	30
8	51	30
9	51	30
10	51	30
12	51	30
13	51	30
14	51	30
15	51	30
17	51	30
18	51	30
19	51	30
21	51	30
22	51	30
23	51	30
25	51	30
26	51	30
28	51	30
29	51	30
31	51	30
32	51	30
34	51	30
36	51	30
32	43	25
31	39	23
31	37	22
31	36	21
32	35	21
33	34	20
33	33	19
34	33	19
35	32	19
34	29	17
33	27	16
33	25	15
33	24	14
33	23	14
33	22	13
33	21	12
33	20	11
33	19	11
33	18	10
33	17	10
33	16	9
33	14	8
33	14	8
33	13	8
33	12	7
33	11	7
33	10	6
39	10	6
-84	7	4
-80	8	5
-78	10	6
-77	12	7
-74	13	8
-75	15	9
-75	17	10
-73	18	11
-75	21	12
-75	22	13
-75	26	15
-76	28	16
-75	32	19
-41	21	12
-39	21	13
-37	22	13
-34	21	12
-32	21	12
-30	21	12
-29	21	12
-27	21	12
-25	21	12
-24	21	12
-23	21	12
-21	20	12
-21	21	12
-20	21	12
-19	21	12
-20	22	13
-20	23	14
-20	24	14
-20	26	15
-20	27	16
-20	28	16
-20	32	19
-20	35	20
-20	36	21
-20	38	22
-20	39	23
-23	52	30
-21	52	30
-20	52	30
-18	52	30
-17	52	30
-15	52	30
-14	52	30
-13	52	30
-11	52	30
-10	52	30
-9	52	30
-8	52	30
-6	51	30
-5	51	30
-4	51	30
-3	51	30
-1	51	30
0	51	30
1	51	30
2	51	30
4	51	30
5	51	30
6	51	30
7	51	30
8	51	30
9	51	30
11	51	30
12	51	30
13	51	30
14	51	30
16	51	30
17	51	30
18	51	30
20	51	30
21	51	30
22	51	30
24	51	30
25	51	30
27	51	30
28	51	30
30	51	30
31	51	30
33	51	30
35	51	30
36	51	30
31	41	24
31	39	22
31	37	21
32	36	21
32	35	20
33	34	20
34	33	19
35	32	19
36	32	19
33	28	16
33	26	15
33	25	15
33	24	14
34	23	13
33	21	13
33	20	12
33	19	11
33	18	11
33	17	10
33	16	9
33	15	9
33	14	8
33	13	8
33	13	7
33	12	7
33	11	6
33	10	6
-83	6	3
-79	8	4
-78	9	5
-77	11	6
-74	12	6
-76	14	7
-75	16	8
-74	17	9
-76	20	10
-75	21	11
-74	23	12
-76	25	13
-75	27	14
-75	31	16
-76	33	17
-43	21	11
-41	21	11
-37	21	11
-35	21	11
-34	21	11
-31	21	11
-29	21	11
-28	20	11
-26	20	10
-25	20	10
-23	20	10
-22	20	10
-21	20	10
-20	20	11
-20	21	11
-20	22	11
-20	23	12
-19	24	12
-20	25	13
-20	26	13
-20	27	14
-20	28	15
-20	29	15
-20	31	16
-20	33	17
-21	35	18
-20	36	19
-20	38	20
-20	40	21
-22	51	27
-20	51	27
-19	51	26
-17	51	26
-16	51	26
-15	51	26
-13	51	26
-12	51	26
-11	51	26
-10	51	26
-8	51	26
-7	51	26
-6	51	26
-4	51	26
-3	51	26
-2	50	26
-1	50	26
0	50	26
2	50	26
3	50	26
4	50	26
5	50	26
7	50	26
8	50	26
9	50	26
10	50	26
11	50	26
13	50	26
14	50	26
15	50	26
17	50	26
18	50	26
19	50	26
21	50	26
22	50	26
23	50	26
25	50	26
26	50	26
28	50	26
29	50	26
31	50	26
33	50	26
34	50	26
36	50	26
31	41	21
31	38	20
31	37	19
31	35	18
32	34	18
33	33	17
33	32	17
34	32	17
35	31	16
33	28	15
33	26	13
33	25	13
33	24	12
33	23	12
33	22	11
33	20	11
33	19	10
33	18	10
33	17	9
33	16	8
33	15	8
33	14	7
33	13	7
33	13	7
33	12	6
33	11	6
33	10	5
39	9	5
-83	6	3
-79	8	4
-78	10	5
-77	11	6
-74	13	6
-76	15	8
-75	16	8
-74	18	9
-76	20	10
-75	22	11
-73	23	12
-76	26	13
-75	27	14
-76	29	15
-75	31	16
-76	34	17
-44	22	11
-41	21	11
-37	21	11
-35	21	11
-33	21	11
-31	21	11
-29	20	11
-27	20	11
-26	20	11
-24	20	10
-23	20	10
-21	20	10
-21	20	10
-20	20	11
-20	21	11
-20	22	11
-20	23	12
-20	24	12
-20	25	13
-20	26	14
-20	28	14
-20	29	15
-20	30	15
-20	31	16
-20	33	17
-20	35	18
-20	36	19
-20	38	20
-20	41	21
-21	51	26
-20	51	26
-18	51	26
-17	51	26
-16	51	26
-14	51	26
-13	51	26
-12	51	26
-10	51	26
-9	51	26
-8	51	26
-7	51	26
-5	51	26
-4	51	26
-3	50	26
-2	50	26
0	50	26
1	50	26
2	50	26
3	50	26
5	50	26
6	50	26
7	50	26
8	50	26
9	50	26
11	50	26
12	50	26
13	50	26
14	50	26
16	50	26
17	50	26
18	50	26
20	50	26
21	50	26
22	50	26
24	50	26
25	50	26
27	50	26
28	50	26
30	50	26
31	50	26
33	50	26
35	50	26
37	50	26
31	40	21
31	38	19
31	36	19
32	35	18
32	34	18
33	33	17
34	32	17
35	32	16
33	27	14
33	26	13
33	24	13
33	23	12
33	22	12
33	21	11
33	20	10
33	19	10
33	18	9
33	17	9
33	16	8
33	15	8
33	14	7
33	13	7
33	12	6
33	11	6
33	11	5
33	10	5
-115	5	2
-79	6	3
-78	8	3
-78	9	4
-77	11	5
-74	12	6
-76	14	6
-75	16	7
-74	17	8
-76	19	9
-75	21	9
-78	23	11
-76	25	11
-75	26	12
-76	31	14
-75	32	14
-41	21	9
-38	20	9
-35	20	9
-33	20	9
-31	20	9
-29	20	9
-27	20	9
-26	20	9
-25	20	9
-23	20	9
-22	20	9
-21	20	9
-20	20	9
-20	20	9
-20	21	10
-20	22	10
-20	23	10
-20	24	11
-20	26	12
-19	26	12
-20	28	12
-20	29	13
-20	30	14
-20	32	14
-20	33	15
-20	37	17
-20	39	18
-22	51	23
-20	51	23
-19	50	23
-18	50	23
-16	50	23
-15	50	23
-13	50	23
-12	50	23
-11	50	23
-9	50	23
-8	50	22
-7	50	22
-6	50	22
-4	50	22
-3	50	22
-2	50	22
-1	50	22
1	50	22
2	50	22
3	50	22
4	50	22
5	50	22
7	50	22
8	50	22
9	50	22
10	50	22
12	50	22
13	50	22
14	50	22
15	49	22
17	49	22
18	50	22
19	49	22
21	49	22
22	50	22
23	49	22
25	49	22
26	50	22
28	49	22
30	49	22
31	50	22
33	49	22
34	49	22
36	49	22
31	39	18
31	38	17
31	36	16
31	34	15
32	33	15
32	32	14
33	31	14
34	31	14
35	30	14
33	27	12
33	25	11
33	24	11
33	23	11
33	22	10
33	21	10
33	20	9
33	19	8
33	18	8
33	17	8
33	16	7
33	15	7
34	14	7
33	13	6
33	13	6
33	12	5
33	11	5
33	10	5
38	9	4
-79	6	3
-78	8	3
-77	9	4
-77	11	5
-74	12	6
-76	14	6
-75	16	7
-73	17	8
-76	19	9
-75	21	9
-73	22	10
-76	25	11
-75	26	12
-75	30	14
-75	32	15
-41	21	9
-37	20	9
-35	20	9
-33	20	9
-31	20	9
-29	20	9
-27	20	9
-26	20	9
-24	20	9
-23	20	9
-22	20	9
-21	20	9
-20	20	9
-20	20	9
-20	21	10
-20	22	10
-20	23	10
-20	24	11
-20	26	12
-20	26	12
-20	28	12
-20	29	13
-20	30	14
-20	32	14
-20	34	15
-20	38	17
-20	39	18
-22	51	23
-20	51	23
-19	50	23
-18	50	23
-16	50	23
-15	50	23
-13	50	23
-12	50	23
-11	50	23
-10	50	23
-8	50	22
-7	50	23
-6	50	22
-4	50	22
-3	50	22
-2	50	22
-1	50	22
1	50	22
2	50	22
3	50	22
4	50	22
6	50	22
7	50	22
8	50	22
9	50	22
10	50	22
12	50	22
13	50	22
14	50	22
16	49	22
17	50	22
18	50	22
20	49	22
21	49	22
22	50	22
24	49	22
25	49	22
27	49	22
28	49	22
30	49	22
31	49	22
33	49	22
35	49	22
31	42	19
31	39	18
31	37	17
31	35	16
31	34	15
32	33	15
32	32	14
33	31	14
34	31	14
35	30	14
33	27	12
33	25	11
33	24	11
33	23	10
33	22	10
33	21	9
33	20	9
33	19	8
33	18	8
33	17	8
33	16	7
33	15	7
33	14	6
33	13	6
33	12	6
33	11	5
33	10	5
33	10	4
38	9	4
-112	3	1
-80	5	2
-79	6	2
-78	8	3
-75	9	4
-80	12	4
-73	12	5
-75	14	5
-75	16	6
-74	17	6
-76	19	7
-75	21	8
-77	23	9
-76	25	9
-75	26	10
-76	30	11
-76	32	12
-43	20	8
-40	20	8
-37	20	8
-35	20	7
-33	20	8
-31	20	7
-29	20	7
-28	19	7
-26	19	7
-24	19	7
-23	19	7
-22	19	7
-21	19	7
-20	19	7
-20	20	7
-20	21	8
-19	22	8
-20	23	9
-20	24	9
-19	25	9
-20	26	10
-20	27	10
-20	28	11
-20	30	11
-20	31	12
-20	33	13
-20	34	13
-20	36	14
-20	38	14
-20	40	15
-19	41	16
-18	41	16
-16	41	15
-15	41	16
-14	41	16
-13	41	16
-12	41	16
-11	41	15
-9	41	16
-8	41	16
-7	41	15
-6	41	15
-5	41	15
-4	41	16
-3	41	16
-2	41	15
-1	41	16
0	41	16
1	41	16
2	41	16
3	41	16
4	41	16
5	41	16
6	41	16
7	41	16
9	41	16
10	41	16
11	41	16
12	41	16
13	41	16
14	42	16
15	42	16
16	42	16
18	42	16
19	41	16
20	42	16
21	41	16
23	42	16
24	42	16
25	42	16
27	42	16
28	42	16
29	42	16
31	42	16
32	41	15
31	38	14
31	36	13
31	34	13
31	33	12
32	32	12
33	31	12
34	31	12
35	30	11
34	28	10
33	26	10
33	24	9
33	23	9
33	22	8
33	21	8
33	20	8
33	19	7
33	18	7
33	17	6
33	16	6
33	15	6
33	14	5
33	13	5
33	13	5
33	12	4
33	11	4
33	10	4
33	9	4
39	9	3
87	15	6
87	13	5
-112	3	1
-80	5	2
-79	6	2
-77	8	3
-81	10	4
-79	11	4
-73	12	5
-75	14	5
-75	16	6
-73	17	6
-76	19	7
-75	21	8
-77	23	9
-76	24	9
-75	26	10
-75	28	11
-76	30	11
-76	32	12
-43	20	8
-40	20	8
-37	20	7
-35	20	7
-33	20	8
-30	19	7
-29	20	7
-28	19	7
-26	19	7
-25	19	7
-23	19	7
-22	19	7
-21	20	7
-20	19	7
-20	20	7
-20	21	8
-20	22	8
-20	23	9
-20	24	9
-20	25	9
-20	26	10
-20	27	10
-20	29	11
-20	30	11
-20	35	13
-20	36	14
-20	38	14
-20	41	15
-19	41	15
-18	41	16
-16	41	15
-15	41	16
-14	41	16
-13	41	15
-12	41	16
-11	41	15
-10	41	16
-8	41	16
-7	41	15
-6	41	15
-5	41	16
-4	41	16
-3	41	16
-2	41	16
-1	41	15
0	41	16
1	41	16
2	41	16
3	41	16
5	41	16
6	41	15
7	41	16
8	41	15
9	41	16
10	41	16
11	41	16
12	41	16
13	41	16
14	42	16
16	42	16
17	42	16
18	42	16
19	41	16
20	42	16
21	42	16
23	42	16
24	42	16
25	41	16
27	42	16
28	42	16
30	42	16
31	42	16
31	40	15
31	37	14
31	35	13
31	34	13
31	32	12
32	32	12
33	31	12
34	30	11
35	30	11
34	27	10
33	26	10
33	24	9
33	23	9
33	22	8
33	21	8
33	20	7
33	19	7
33	18	7
33	17	6
33	16	6
33	15	6
33	14	5
33	13	5
34	13	5
33	11	4
33	10	4
33	10	4
33	9	3
40	9	3
87	14	5
87	10	3
-115	-2	-1
-111	1	0
-108	3	1
-80	4	1
-79	6	2
-78	7	2
-77	9	3
-77	10	3
-73	11	3
-76	13	4
-75	15	4
-75	16	5
-73	18	5
-75	20	6
-75	21	6
-77	23	7
-75	25	7
-75	26	8
-68	29	9
-42	20	6
-39	19	6
-36	19	6
-34	19	6
-32	19	6
-30	19	6
-29	19	6
-27	19	6
-26	19	6
-24	19	6
-23	19	6
-22	19	6
-21	19	6
-21	19	6
-20	20	6
-20	20	6
-20	22	7
-20	22	7
-20	23	7
-20	24	7
-20	25	8
-20	27	8
-20	28	8
-20	29	9
-19	30	9
-18	30	9
-17	29	9
-15	30	9
-15	30	9
-14	30	9
-13	29	9
-12	29	9
-11	30	9
-10	30	9
-9	29	9
-8	30	9
-8	29	9
-7	29	9
-6	29	9
-5	30	9
-4	29	9
-3	30	9
-2	29	9
-2	29	9
-1	29	9
0	29	9
0	29	9
2	29	9
2	29	9
3	29	9
4	29	9
5	30	9
5	30	9
6	29	9
7	30	9
8	29	9
9	29	9
9	30	9
10	30	9
11	30	9
12	30	9
13	30	9
14	30	9
15	30	9
15	30	9
16	30	9
17	30	9
18	30	9
19	30	9
21	30	9
22	30	9
23	30	9
24	30	9
25	30	9
26	30	9
28	30	9
29	30	9
30	31	9
31	30	9
34	31	9
35	31	9
37	31	9
34	27	8
33	25	7
32	23	7
33	23	7
33	22	6
33	21	6
33	19	6
33	18	5
33	17	5
33	16	5
33	15	5
33	15	4
33	14	4
34	13	4
33	12	4
33	11	3
33	11	3
33	10	3
33	9	3
38	8	2
87	15	4
87	13	4
-114	-1	0
-109	1	0
-108	4	1
-79	5	1
-79	7	2
-78	8	2
-77	10	3
-77	11	3
-74	12	4
-75	14	4
-75	16	5
-73	17	5
-76	19	6
-75	20	6
-75	22	7
-76	24	7
-75	26	8
-76	27	8
-70	29	9
-40	20	6
-38	19	6
-35	19	6
-33	19	6
-31	19	6
-30	19	6
-28	19	6
-26	19	6
-25	19	6
-23	19	6
-22	19	6
-21	19	6
-21	19	6
-19	19	6
-20	20	6
-20	21	6
-20	22	7
-19	23	7
-19	24	7
-20	25	7
-20	26	8
-20	27	8
-20	29	9
-19	30	9
-18	30	9
-17	30	9
-16	29	9
-15	30	9
-14	30	9
-13	29	9
-12	30	9
-11	29	9
-11	29	9
-10	30	9
-9	29	9
-8	29	9
-7	29	9
-6	29	9
-6	29	9
-4	29	9
-4	30	9
-3	29	9
-2	29	9
-1	29	9
-1	29	9
0	29	9
1	29	9
2	29	9
3	29	9
4	29	9
4	29	9
5	29	9
6	30	9
7	30	9
7	29	9
8	30	9
9	30	9
10	30	9
11	30	9
12	30	9
12	30	9
13	30	9
14	30	9
15	30	9
16	30	9
17	30	9
18	30	9
19	30	9
20	30	9
21	30	9
22	30	9
23	30	9
25	30	9
26	30	9
27	30	9
28	31	9
30	30	9
31	30	9
32	30	9
34	31	9
35	30	9
33	27	8
33	25	8
32	24	7
33	23	7
33	22	7
34	21	6
33	20	6
33	19	6
33	18	5
33	17	5
33	16	5
33	15	5
33	14	4
33	13	4
33	13	4
33	12	4
33	11	3
33	10	3
33	9	3
38	9	3
87	15	5
87	13	4
87	12	3
86	10	2
86	8	2
87	6	1
-112	-2	0
-109	0	0
-108	2	0
-108	4	1
-79	5	1
-78	7	1
-78	8	2
-77	9	2
-74	12	3
-75	14	3
-75	15	3
-78	17	4
-76	18	4
-75	20	4
-71	23	5
-67	24	5
-62	23	5
-60	24	5
-41	19	4
-39	19	4
-37	19	4
-34	19	4
-32	19	4
-29	19	4
-27	19	4
-26	19	4
-24	18	4
-23	18	4
-21	18	4
-20	18	4
-20	18	4
-20	19	4
-19	20	4
-20	21	4
-19	22	5
-20	23	5
-19	23	5
-18	23	5
-17	24	5
-17	24	5
-16	23	5
-15	23	5
-14	23	5
-13	23	5
-12	23	5
-11	23	5
-10	23	5
-10	23	5
-9	23	5
-8	23	5
-7	23	5
-7	23	5
-6	23	5
-5	23	5
-4	23	5
-4	23	5
-3	23	5
-2	23	5
-2	23	5
-1	23	5
0	23	5
0	23	5
1	23	5
1	23	5
2	23	5
3	23	5
3	23	5
4	23	5
5	23	5
5	23	5
6	23	5
6	23	5
7	23	5
8	23	5
9	23	5
10	23	5
10	23	5
11	23	5
12	23	5
13	23	5
13	23	5
14	23	5
15	24	5
16	23	5
17	24	5
17	23	5
18	23	5
19	24	5
20	24	5
21	24	5
22	24	5
23	24	5
24	24	5
25	24	5
27	24	5
28	24	5
29	24	5
31	24	5
32	24	5
34	24	5
33	23	5
33	22	5
34	21	5
33	20	4
33	19	4
33	18	4
33	17	4
33	16	3
33	15	3
33	14	3
33	13	3
33	13	3
33	12	2
33	11	2
33	10	2
33	9	2
33	9	2
38	8	2
87	14	3
87	13	3
87	11	2
-110	-1	0
-106	1	0
-108	3	1
-79	4	1
-79	6	1
-78	7	2
-77	9	2
-77	10	2
-74	11	2
-77	13	3
-75	14	3
-73	16	3
-74	17	4
-75	19	4
-75	21	4
-69	23	5
-61	24	5
-56	23	5
-43	19	4
-40	19	4
-38	19	4
-34	19	4
-33	19	4
-32	19	4
-30	19	4
-28	19	4
-26	19	4
-25	19	4
-23	18	4
-22	18	4
-21	18	4
-20	18	4
-20	19	4
-20	20	4
-20	20	4
-19	21	5
-20	22	5
-19	23	5
-19	24	5
-18	23	5
-17	23	5
-16	23	5
-15	23	5
-14	23	5
-13	23	5
-12	23	5
-11	23	5
-11	23	5
-10	23	5
-9	23	5
-8	23	5
-8	23	5
-7	23	5
-6	23	5
-6	23	5
-5	23	5
-4	23	5
-4	23	5
-3	23	5
-2	23	5
-1	23	5
-1	23	5
0	23	5
1	23	5
1	23	5
2	23	5
3	23	5
3	23	5
4	23	5
4	23	5
5	23	5
6	23	5
6	23	5
7	23	5
8	23	5
9	23	5
9	23	5
10	23	5
11	23	5
11	23	5
12	23	5
13	23	5
14	23	5
14	24	5
15	24	5
16	24	5
17	24	5
18	24	5
19	24	5
20	24	5
21	24	5
22	24	5
23	24	5
24	24	5
25	24	5
26	24	5
27	24	5
29	24	5
30	24	5
32	24	5
33	25	5
34	24	5
33	22	5
34	21	5
33	20	4
33	19	4
33	18	4
33	17	4
33	16	3
33	15	3
33	14	3
33	14	3
33	13	3
33	12	3
33	11	2
33	11	2
33	10	2
33	9	2
91	17	4
87	15	3
87	13	3
87	11	2
86	10	1
86	8	1
86	6	1
86	5	1
86	3	0
86	2	0
86	0	0
-330	-30	-3
-312	-17	-2
-110	-3	0
-108	-1	0
-106	1	0
-108	3	0
-80	4	0
-78	5	1
-78	7	1
-77	8	1
-77	9	1
-76	11	1
-73	14	2
-71	15	2
-65	15	2
-58	15	2
-54	15	2
-50	15	2
-46	15	2
-43	15	2
-41	15	2
-38	15	2
-35	15	2
-33	15	2
-31	15	2
-29	15	2
-28	15	2
-26	15	2
-23	14	2
-12	15	2
-5	15	2
-5	15	2
-5	15	2
-4	15	2
-4	15	2
-3	15	2
-3	15	2
-2	15	2
-2	15	2
-1	15	2
-1	15	2
0	14	2
0	15	2
0	15	2
1	15	2
1	14	2
2	14	2
2	14	2
3	14	2
3	14	2
4	14	2
5	14	2
5	14	2
6	15	2
6	14	2
7	15	2
7	14	2
7	14	2
8	14	2
9	14	2
9	15	2
10	14	2
10	15	2
11	15	2
11	15	2
12	14	2
13	14	2
13	15	2
14	14	2
14	15	2
15	14	2
15	15	2
16	15	2
17	14	2
18	14	2
19	15	2
19	15	2
20	15	2
21	15	2
22	15	2
23	15	2
24	15	2
25	15	2
26	15	2
28	15	2
29	15	2
30	15	2
32	15	2
34	16	2
34	15	2
33	13	2
33	13	1
33	12	1
33	11	1
33	10	1
33	10	1
33	9	1
38	8	1
87	14	2
87	13	1
86	11	1
-333	-33	-4
-320	-26	-3
-314	-20	-2
-113	-4	0
-109	-2	0
-108	0	0
-108	2	0
-108	4	0
-79	5	1
-79	6	1
-78	7	1
-77	9	1
-77	10	1
-77	12	1
-74	13	1
-73	15	2
-62	16	2
-55	15	2
-48	15	2
-45	15	2
-41	15	2
-39	15	2
-36	15	2
-34	15	2
-32	15	2
-30	15	2
-28	15	2
-27	15	2
-24	15	2
-13	15	2
-12	15	2
-6	15	2
-5	15	2
-5	15	2
-4	15	2
-4	15	2
-3	15	2
-3	15	2
-2	15	2
-2	14	2
-1	14	2
-1	15	2
-1	15	2
0	14	2
0	14	2
1	15	2
1	15	2
2	15	2
2	14	2
3	14	2
3	14	2
3	14	2
4	14	2
4	14	2
5	14	2
5	15	2
6	15	2
6	14	2
7	15	2
7	14	2
8	14	2
8	14	2
9	14	2
9	14	2
10	14	2
10	15	2
11	14	2
11	14	2
12	15	2
12	15	2
13	15	2
14	14	2
14	15	2
15	14	2
16	15	2
16	15	2
17	15	2
18	15	2
18	15	2
19	15	2
20	15	2
21	15	2
22	15	2
23	15	2
24	15	2
25	15	2
26	15	2
27	15	2
29	15	2
30	15	2
32	15	2
33	15	2
33	15	2
33	14	2
33	13	1
33	12	1
33	11	1
33	11	1
33	10	1
33	9	1
33	9	1
40	9	1
87	14	2
86	13	1
86	11	1
-81	15	0
-77	16	0
-75	17	0
-75	19	0
-75	20	0
-75	21	0
-76	24	0
-76	26	0
-77	29	0
-76	31	0
-78	35	0
-77	36	0
-78	40	0
-76	41	0
-76	43	0
-76	45	0
-76	47	0
-75	49	0
-72	49	0
-68	49	0
-65	49	0
-62	49	0
-59	49	0
-56	48	0
-53	49	0
-50	48	0
-48	48	0
-45	48	0
-43	48	0
-41	48	0
-39	48	0
-37	48	0
-35	48	0
-33	48	0
-30	48	0
-28	48	0
-27	48	0
-25	48	0
-23	48	0
-21	48	0
-20	48	0
-18	48	0
-16	47	0
-14	48	0
-13	47	0
-11	47	0
-10	47	0
-8	47	0
-6	47	0
-5	47	0
-3	47	0
-2	47	0
0	47	0
2	47	0
3	47	0
5	47	0
6	47	0
8	47	0
9	47	0
11	47	0
12	47	0
14	47	0
15	47	0
17	47	0
19	47	0
20	47	0
22	47	0
24	47	0
25	47	0
27	47	0
29	47	0
31	47	0
33	47	0
38	41	0
48	42	0
51	42	0
54	43	0
56	42	0
58	42	0
73	44	0
77	44	0
86	47	0
89	47	0
88	42	0
88	36	0
-80	16	0
-77	16	0
-75	17	0
-75	19	0
-75	20	0
-75	21	0
-76	25	0
-75	26	0
-77	29	0
-76	31	0
-78	35	0
-77	36	0
-78	40	0
-76	42	0
-76	43	0
-76	45	0
-76	48	0
-75	49	0
-71	49	0
-68	49	0
-65	49	0
-61	49	0
-58	49	0
-55	49	0
-53	48	0
-50	48	0
-48	48	0
-45	48	0
-43	48	0
-40	48	0
-38	48	0
-36	48	0
-34	48	0
-32	48	0
-30	48	0
-28	48	0
-26	48	0
-25	48	0
-23	48	0
-21	48	0
-19	48	0
-17	48	0
-16	48	0
-14	47	0
-12	47	0
-11	47	0
-9	47	0
-8	47	0
-6	47	0
-4	47	0
-3	47	0
-1	47	0
0	47	0
2	47	0
3	47	0
5	47	0
6	47	0
8	47	0
10	47	0
11	47	0
13	47	0
14	47	0
16	47	0
17	47	0
19	47	0
21	47	0
22	47	0
24	47	0
26	47	0
28	47	0
29	47	0
31	47	0
33	47	0
35	41	0
36	41	0
52	44	0
55	43	0
57	43	0
73	43	0
87	47	0
88	41	0
88	37	0
88	35	0
