0	0	0
-19	23	-8
-18	22	-8
-16	22	-8
-15	22	-8
-14	22	-8
-14	22	-8
-13	22	-8
-12	21	-8
-11	21	-8
-10	21	-8
-10	21	-8
-9	21	-8
-8	21	-8
-7	21	-8
-7	21	-8
-6	21	-8
-6	21	-8
-6	21	-8
-5	21	-8
-5	21	-8
-3	21	-8
-3	21	-8
-3	21	-8
-2	21	-8
-1	21	-8
-1	21	-8
0	21	-8
0	21	-8
1	21	-8
1	21	-8
2	21	-8
2	21	-8
2	21	-8
3	21	-8
4	21	-8
4	21	-8
5	21	-8
5	21	-8
6	21	-8
6	21	-8
7	21	-8
7	21	-8
7	21	-8
9	20	-7
9	21	-7
9	21	-8
10	21	-7
11	20	-7
11	21	-8
11	21	-8
12	21	-8
13	20	-7
13	21	-8
14	21	-8
15	21	-8
15	21	-8
16	21	-7
17	21	-8
18	21	-8
18	21	-8
19	21	-8
20	21	-8
21	21	-8
22	21	-8
23	21	-8
24	21	-8
26	21	-8
-4	22	-8
-2	21	-8
-2	21	-8
-1	21	-8
-1	21	-8
-1	21	-8
0	21	-8
1	21	-8
1	21	-8
2	21	-8
2	21	-8
3	21	-8
3	21	-8
4	21	-8
4	21	-8
5	21	-8
5	21	-8
5	21	-8
6	21	-8
7	21	-7
7	21	-8
8	21	-8
9	20	-7
9	21	-8
10	21	-7
10	21	-8
10	21	-8
11	21	-8
12	21	-7
13	20	-7
13	21	-8
14	21	-8
14	21	-8
15	21	-8
16	21	-8
17	21	-8
17	21	-8
18	21	-8
19	21	-8
20	21	-8
20	21	-8
21	21	-8
22	21	-8
23	21	-8
25	21	-8
26	21	-8
-21	24	-8
-22	26	-9
-20	25	-9
-18	24	-8
-17	24	-8
-16	24	-8
-15	24	-8
-15	24	-8
-14	24	-8
-13	24	-8
-12	24	-8
-11	24	-8
-10	24	-8
-10	24	-8
-9	24	-8
-8	24	-8
-8	24	-8
-7	24	-8
-6	24	-8
-6	24	-8
-5	24	-8
-4	24	-8
-3	24	-8
-3	23	-8
-2	23	-8
-2	23	-8
-1	23	-8
-1	23	-8
0	23	-8
0	23	-8
1	23	-8
2	23	-8
2	23	-8
3	23	-8
3	23	-8
4	23	-8
5	23	-8
5	23	-8
5	23	-8
6	23	-8
6	23	-8
8	23	-8
8	23	-8
9	23	-8
9	23	-8
10	23	-8
10	23	-8
11	23	-8
12	23	-8
12	23	-8
13	23	-8
14	23	-8
14	23	-8
15	23	-8
16	23	-8
17	23	-8
17	23	-8
18	23	-8
19	23	-8
20	23	-8
21	24	-8
22	24	-8
23	23	-8
24	24	-8
25	24	-8
26	24	-8
27	24	-8
29	24	-8
-3	24	-8
-2	23	-8
-1	23	-8
0	23	-8
0	23	-8
0	23	-8
2	23	-8
2	23	-8
2	24	-8
2	23	-8
3	23	-8
4	23	-8
5	23	-8
5	23	-8
6	23	-8
7	23	-8
7	23	-8
8	23	-8
8	23	-8
8	23	-8
9	23	-8
10	23	-8
10	23	-8
11	23	-8
12	23	-8
12	23	-8
13	23	-8
14	23	-8
15	23	-8
15	23	-8
16	23	-8
17	23	-8
18	23	-8
18	23	-8
19	23	-8
20	23	-8
21	24	-8
22	24	-8
23	23	-8
24	24	-8
25	24	-8
26	24	-8
28	24	-8
-21	24	-8
-20	25	-8
-21	26	-9
-19	26	-8
-18	26	-8
-17	26	-8
-16	26	-8
-15	25	-8
-15	25	-8
-13	25	-8
-13	25	-8
-12	25	-8
-11	25	-8
-10	25	-8
-9	25	-8
-8	25	-8
-8	25	-8
-7	25	-8
-7	25	-8
-6	25	-8
-6	25	-8
-4	25	-8
-4	25	-8
-3	25	-8
-3	25	-8
-2	25	-8
-1	25	-8
-1	25	-8
0	24	-8
0	24	-8
1	25	-8
1	24	-8
2	24	-8
3	24	-8
3	24	-8
4	24	-8
4	24	-8
5	24	-8
5	24	-8
6	24	-8
7	25	-8
8	24	-8
8	24	-8
9	24	-8
9	24	-8
10	24	-8
11	24	-8
11	24	-8
12	24	-8
13	24	-8
13	24	-8
14	25	-8
15	24	-8
16	24	-8
16	24	-8
17	24	-8
18	25	-8
19	24	-8
20	24	-8
21	25	-8
22	25	-8
23	25	-8
24	25	-8
25	25	-8
26	25	-8
27	25	-8
29	25	-8
30	25	-8
-4	25	-8
-3	25	-8
-2	25	-8
-2	25	-8
-1	25	-8
-1	25	-8
0	25	-8
1	25	-8
1	25	-8
2	24	-8
3	24	-8
3	25	-8
4	24	-8
4	24	-8
5	24	-8
6	24	-8
6	24	-8
6	24	-8
7	24	-8
8	24	-8
9	24	-8
9	24	-8
10	24	-8
11	24	-8
11	24	-8
12	24	-8
13	24	-8
14	24	-8
14	25	-8
15	25	-8
16	24	-8
17	24	-8
17	24	-8
18	24	-8
19	24	-8
20	25	-8
21	24	-8
22	25	-8
23	25	-8
24	25	-8
25	25	-8
26	25	-8
27	25	-8
28	25	-8
30	25	-8
-20	23	-7
-20	23	-7
-19	24	-7
-19	24	-7
-19	25	-8
-19	27	-8
-19	31	-10
-18	31	-10
-17	31	-10
-16	31	-9
-15	31	-9
-14	31	-9
-13	31	-9
-12	31	-9
-11	31	-9
-11	31	-9
-10	31	-9
-9	30	-9
-8	31	-9
-7	30	-9
-6	31	-9
-6	30	-9
-5	30	-9
-4	30	-9
-3	30	-9
-2	30	-9
-2	30	-9
-1	30	-9
0	30	-9
1	30	-9
1	30	-9
2	30	-9
3	30	-9
3	30	-9
4	30	-9
5	30	-9
5	30	-9
6	30	-9
7	30	-9
8	30	-9
9	30	-9
9	30	-9
10	30	-9
11	30	-9
12	30	-9
12	30	-9
13	30	-9
14	30	-9
15	30	-9
16	30	-9
16	30	-9
17	30	-9
18	30	-9
19	30	-9
20	30	-9
21	30	-9
22	30	-9
23	30	-9
24	30	-9
26	30	-9
27	30	-9
28	30	-9
29	30	-9
31	31	-9
32	30	-9
33	30	-9
-5	31	-9
-4	30	-9
-3	30	-9
-3	30	-9
-2	30	-9
-1	30	-9
-1	30	-9
0	30	-9
1	30	-9
2	30	-9
2	30	-9
3	30	-9
4	30	-9
5	30	-9
5	30	-9
6	30	-9
6	30	-9
8	30	-9
8	30	-9
9	30	-9
9	30	-9
11	30	-9
11	30	-9
12	30	-9
13	30	-9
14	30	-9
14	30	-9
15	30	-9
16	30	-9
17	30	-9
18	30	-9
19	30	-9
20	30	-9
21	30	-9
22	30	-9
23	29	-9
24	30	-9
25	30	-9
26	30	-9
28	30	-9
29	30	-9
30	30	-9
32	31	-9
33	30	-9
-20	23	-7
-19	23	-7
-19	24	-7
-18	25	-7
-19	26	-7
-19	27	-8
-19	28	-8
-19	33	-9
-18	32	-9
-17	32	-9
-15	32	-9
-14	32	-9
-14	32	-9
-13	32	-9
-12	32	-9
-11	32	-9
-10	32	-9
-9	32	-9
-8	32	-9
-7	32	-9
-7	32	-9
-6	32	-9
-5	32	-9
-4	31	-9
-4	32	-9
-3	31	-9
-2	31	-9
-1	31	-9
0	31	-9
0	31	-9
1	31	-9
2	31	-9
3	31	-9
4	31	-9
4	31	-9
5	31	-9
6	31	-9
7	31	-9
7	31	-9
8	31	-9
9	31	-9
10	31	-9
10	31	-9
11	31	-9
12	31	-9
13	31	-9
14	31	-9
14	31	-9
15	31	-9
16	31	-9
17	31	-9
18	31	-9
19	31	-9
20	31	-9
21	31	-9
22	30	-9
23	31	-9
24	31	-9
25	31	-9
26	31	-9
28	31	-9
29	31	-9
31	31	-9
32	31	-9
33	31	-9
30	25	-7
-6	33	-9
-5	32	-9
-4	31	-9
-3	32	-9
-2	31	-9
-2	31	-9
-1	31	-9
0	31	-9
0	31	-9
1	31	-9
2	31	-9
3	31	-9
4	31	-9
4	31	-9
5	31	-9
6	31	-9
6	31	-9
7	31	-9
8	31	-9
9	31	-9
10	31	-9
10	31	-9
11	31	-9
12	31	-9
13	31	-9
14	31	-9
14	31	-9
15	31	-9
16	31	-9
17	31	-9
18	31	-9
19	31	-9
20	31	-9
21	31	-9
22	31	-9
23	31	-9
26	31	-9
27	31	-9
28	31	-9
29	31	-9
31	32	-9
32	31	-9
33	31	-9
29	24	-7
-20	23	-6
-19	23	-6
-19	23	-6
-19	24	-7
-18	25	-7
-18	26	-7
-19	28	-7
-19	29	-8
-19	30	-8
-19	32	-9
-19	38	-10
-18	38	-10
-17	37	-10
-15	37	-10
-14	37	-10
-13	37	-10
-12	37	-10
-11	37	-10
-10	37	-10
-9	37	-10
-8	37	-10
-7	37	-10
-6	37	-10
-5	37	-10
-5	37	-10
-3	37	-10
-3	36	-10
-2	36	-10
-1	36	-10
0	36	-10
1	36	-10
2	36	-10
3	36	-10
3	36	-10
4	36	-10
5	36	-10
6	36	-10
7	36	-10
8	36	-10
8	36	-10
10	36	-10
10	36	-10
11	35	-9
12	36	-10
13	36	-10
14	36	-10
15	36	-10
16	36	-10
17	36	-10
18	36	-10
19	35	-9
20	36	-10
21	36	-10
22	36	-10
23	35	-9
25	36	-10
26	36	-10
27	36	-10
28	36	-10
30	36	-10
31	36	-10
28	29	-8
28	28	-8
29	28	-7
29	26	-7
29	25	-7
-7	37	-10
-6	37	-10
-5	37	-10
-4	36	-10
-3	37	-10
-2	36	-10
-2	36	-10
-1	36	-10
0	36	-10
1	36	-10
2	36	-10
3	36	-10
3	36	-10
5	36	-10
5	36	-10
6	36	-10
7	36	-10
8	36	-10
9	36	-10
10	36	-10
11	35	-10
11	36	-10
12	36	-10
13	36	-10
14	36	-10
15	36	-10
16	36	-10
17	36	-10
18	36	-10
19	35	-9
20	35	-9
22	36	-10
22	36	-10
24	35	-9
25	35	-10
26	36	-10
28	36	-10
29	37	-10
31	36	-10
32	36	-10
28	30	-8
28	29	-8
29	28	-8
29	27	-7
30	26	-7
29	24	-6
-20	23	-6
-20	23	-6
-19	23	-6
-18	24	-6
-18	25	-6
-18	26	-6
-18	27	-7
-19	29	-7
-19	30	-7
-18	32	-8
-19	33	-8
-19	38	-9
-18	38	-9
-17	37	-9
-16	38	-9
-15	37	-9
-14	37	-9
-13	37	-9
-12	37	-9
-11	37	-9
-9	37	-9
-9	37	-9
-8	37	-9
-7	37	-9
-6	38	-9
-5	37	-9
-4	37	-9
-3	37	-9
-2	36	-9
-1	36	-9
0	37	-9
0	37	-9
1	36	-9
2	36	-9
3	36	-9
4	36	-9
5	36	-9
6	36	-9
7	36	-9
7	36	-9
8	36	-9
9	36	-9
10	36	-9
11	36	-9
12	36	-9
13	36	-9
14	36	-9
15	36	-9
16	36	-9
17	36	-9
18	36	-9
19	36	-9
20	35	-9
21	36	-9
22	36	-9
23	36	-9
24	35	-9
25	36	-9
27	36	-9
28	36	-9
29	36	-9
31	37	-9
32	36	-9
28	30	-7
28	29	-7
29	28	-7
29	27	-7
28	25	-6
-8	37	-9
-7	37	-9
-6	37	-9
-5	37	-9
-4	37	-9
-3	37	-9
-2	37	-9
-1	37	-9
0	36	-9
1	37	-9
1	36	-9
2	36	-9
3	36	-9
4	36	-9
5	36	-9
6	36	-9
6	36	-9
7	36	-9
8	36	-9
9	36	-9
10	36	-9
11	36	-9
12	36	-9
13	36	-9
14	36	-9
15	36	-9
16	36	-9
17	36	-9
17	36	-9
19	36	-9
19	36	-9
20	35	-9
22	36	-9
23	35	-9
24	36	-9
26	36	-9
27	36	-9
28	36	-9
29	36	-9
31	36	-9
32	36	-9
28	29	-7
29	29	-7
29	28	-7
29	26	-7
29	25	-6
-20	23	-5
-19	23	-5
-19	24	-5
-19	24	-6
-18	25	-6
-18	26	-6
-18	27	-6
-18	29	-7
-18	30	-7
-18	31	-7
-18	33	-8
-18	34	-8
-20	43	-10
-18	42	-10
-17	42	-10
-16	42	-10
-14	42	-10
-14	42	-10
-12	43	-10
-11	42	-10
-10	42	-10
-9	42	-10
-8	41	-10
-7	42	-10
-6	42	-10
-5	42	-10
-4	42	-10
-3	42	-10
-2	41	-10
-1	41	-10
0	41	-10
1	41	-10
2	41	-10
3	41	-9
4	41	-10
5	41	-9
6	41	-9
7	41	-9
8	41	-9
9	41	-9
10	41	-9
11	41	-9
12	41	-9
13	40	-9
14	40	-9
15	41	-9
16	41	-9
17	41	-9
18	41	-9
19	40	-9
21	40	-9
22	41	-9
23	40	-9
24	41	-9
26	41	-9
27	41	-9
28	40	-9
26	35	-8
25	32	-7
28	31	-7
28	30	-7
28	29	-7
29	28	-6
29	27	-6
29	25	-6
28	24	-5
-4	42	-10
-3	42	-10
-2	42	-10
-1	41	-10
0	41	-9
1	41	-10
2	42	-10
3	41	-10
4	41	-9
5	41	-9
6	41	-9
7	41	-10
8	41	-9
9	41	-9
10	41	-9
11	41	-9
12	40	-9
13	41	-9
14	41	-10
15	41	-9
16	41	-9
17	41	-9
18	41	-9
19	40	-9
20	40	-9
21	40	-9
22	40	-9
24	41	-9
25	41	-9
27	41	-9
26	36	-8
25	32	-7
26	32	-7
28	32	-7
28	30	-7
28	29	-7
29	28	-7
29	27	-6
29	25	-6
29	24	-6
-20	23	-5
-19	23	-5
-19	24	-5
-18	25	-5
-18	25	-5
-18	27	-6
-18	28	-6
-18	29	-6
-18	30	-6
-18	32	-7
-18	34	-7
-18	35	-7
-20	46	-10
-19	46	-10
-18	45	-10
-14	45	-10
-13	46	-10
-12	45	-10
-10	45	-10
-9	45	-10
-8	44	-9
-7	44	-9
-6	45	-9
-5	44	-9
-4	44	-9
-3	44	-9
-2	44	-9
-1	44	-9
1	44	-9
2	44	-9
3	44	-9
4	45	-10
5	44	-9
6	44	-9
7	44	-9
8	44	-9
9	44	-9
10	44	-9
11	43	-9
12	43	-9
13	43	-9
14	43	-9
15	43	-9
16	43	-9
18	43	-9
19	44	-9
20	43	-9
21	43	-9
22	43	-9
23	43	-9
25	44	-9
27	44	-9
27	43	-9
25	37	-8
25	34	-7
25	32	-7
25	31	-7
28	32	-7
28	30	-6
28	29	-6
29	28	-6
29	27	-6
28	25	-5
28	24	-5
-6	45	-10
-5	45	-10
-4	44	-9
-3	44	-9
-2	44	-9
-1	44	-9
0	44	-9
1	44	-9
2	44	-9
3	44	-9
5	44	-9
5	44	-9
6	44	-9
8	44	-9
9	44	-9
10	44	-9
11	43	-9
12	43	-9
13	43	-9
14	43	-9
15	43	-9
16	43	-9
18	44	-9
19	44	-9
20	43	-9
21	43	-9
22	43	-9
23	43	-9
26	44	-9
27	43	-9
25	37	-8
25	35	-7
25	32	-7
25	31	-7
25	31	-7
28	31	-7
28	29	-6
29	29	-6
29	27	-6
28	26	-5
29	25	-5
-19	23	-4
-19	23	-5
-19	24	-5
-18	25	-5
-18	25	-5
-18	27	-5
-18	28	-6
-18	29	-6
-18	31	-6
-18	32	-6
-18	33	-6
-18	35	-7
-23	51	-10
-23	54	-10
-22	57	-11
-16	45	-9
-15	45	-9
-14	47	-9
-14	50	-10
-14	58	-11
-12	58	-11
-10	58	-11
-7	59	-11
-5	57	-11
-4	57	-11
-2	57	-11
0	57	-11
3	58	-11
7	59	-11
8	55	-11
9	56	-11
11	56	-11
13	55	-11
15	55	-11
16	55	-11
18	56	-11
20	56	-11
23	55	-11
25	55	-11
26	56	-11
27	53	-10
26	48	-9
25	44	-9
25	41	-8
25	38	-7
24	35	-7
24	33	-6
24	31	-6
24	30	-6
25	30	-6
28	31	-6
30	30	-6
29	27	-5
28	25	-5
28	24	-5
-10	58	-11
-7	58	-11
-6	59	-11
-5	57	-11
-3	57	-11
-2	57	-11
0	56	-11
9	57	-11
11	50	-10
14	56	-11
15	55	-11
17	55	-11
21	56	-11
23	56	-11
24	55	-11
26	55	-11
27	55	-11
26	49	-10
25	45	-9
25	42	-8
25	39	-8
24	36	-7
24	34	-7
24	32	-6
24	31	-6
25	30	-6
30	31	-6
28	27	-5
28	26	-5
28	25	-5
-20	23	-4
-19	24	-4
-19	24	-4
-18	25	-4
-18	26	-5
-18	26	-5
-18	28	-5
-18	29	-5
-18	31	-5
-18	32	-6
-18	33	-6
-18	35	-6
-17	36	-6
-24	50	-9
-23	51	-9
-23	54	-9
-23	57	-10
-16	45	-8
-15	45	-8
-14	46	-8
-14	50	-9
-14	58	-10
-13	59	-10
-11	58	-10
-10	57	-10
-7	57	-10
-5	57	-10
-4	57	-10
-3	59	-10
-1	57	-10
0	57	-10
1	59	-10
3	55	-10
4	57	-10
5	57	-10
7	59	-10
8	57	-10
9	56	-10
11	56	-10
13	56	-10
15	55	-10
16	55	-10
17	55	-10
20	55	-10
22	55	-10
23	55	-10
24	55	-10
26	56	-10
27	54	-10
26	48	-9
25	44	-8
25	41	-7
25	38	-7
25	36	-6
24	33	-6
24	32	-6
24	30	-5
25	30	-5
28	31	-5
30	30	-5
29	27	-5
29	26	-5
28	24	-4
-7	57	-10
-6	59	-10
-5	59	-10
-3	57	-10
-2	57	-10
2	56	-10
3	57	-10
9	56	-10
10	56	-10
11	50	-9
14	56	-10
16	57	-10
20	56	-10
21	56	-10
23	55	-10
24	55	-10
26	55	-10
27	55	-10
26	49	-9
25	46	-8
25	42	-7
25	39	-7
25	37	-6
24	34	-6
24	32	-6
24	31	-5
25	30	-5
31	31	-5
28	27	-5
28	26	-5
29	25	-4
-20	23	-4
-19	23	-4
-19	24	-4
-19	24	-4
-18	25	-4
-18	26	-4
-18	27	-4
-18	29	-5
-18	30	-5
-18	31	-5
-18	32	-5
-18	34	-5
-18	36	-6
-22	50	-8
-21	52	-8
-16	43	-7
-15	43	-7
-14	44	-7
-14	47	-7
-14	51	-8
-14	54	-9
-14	58	-9
-13	63	-10
-13	68	-11
-8	92	-15
-6	95	-15
-3	92	-15
8	93	-15
20	89	-14
24	89	-14
29	88	-14
31	90	-14
33	88	-14
28	67	-11
27	62	-10
27	56	-9
26	52	-8
26	48	-8
26	45	-7
25	41	-7
25	39	-6
25	36	-6
25	34	-5
24	32	-5
24	30	-5
25	29	-5
26	29	-5
29	28	-4
28	27	-4
28	25	-4
28	24	-4
-13	66	-10
-13	73	-12
-8	93	-15
-6	92	-15
-4	93	-15
15	91	-14
20	91	-14
24	88	-14
31	90	-14
28	68	-11
27	62	-10
27	57	-9
26	52	-8
26	48	-8
26	45	-7
25	42	-7
25	39	-6
25	37	-6
25	34	-5
25	32	-5
24	30	-5
25	29	-5
25	29	-5
29	29	-5
28	27	-4
28	26	-4
28	24	-4
-20	23	-3
-19	24	-3
-18	24	-3
-19	25	-3
-18	26	-4
-18	27	-4
-18	28	-4
-18	29	-4
-18	31	-4
-18	32	-4
-18	33	-5
-18	35	-5
-18	36	-5
-24	50	-7
-22	49	-7
-21	51	-7
-16	42	-6
-15	43	-6
-15	44	-6
-15	47	-7
-14	50	-7
-14	54	-8
-14	58	-8
-14	62	-9
-13	68	-10
-13	74	-10
-13	110	-15
-11	111	-16
-8	112	-16
-5	111	-16
-3	111	-16
0	111	-16
3	111	-16
5	110	-16
8	110	-15
10	110	-15
20	109	-15
26	108	-15
28	108	-15
29	102	-14
32	102	-14
34	101	-14
28	77	-11
28	69	-10
27	63	-9
27	58	-8
26	53	-7
26	49	-7
26	46	-6
25	42	-6
25	40	-6
25	37	-5
25	35	-5
25	33	-5
24	31	-4
24	29	-4
25	29	-4
26	28	-4
29	29	-4
29	27	-4
28	26	-4
28	25	-3
-13	72	-10
-13	79	-11
-12	111	-16
-6	111	-16
-4	111	-16
-1	111	-16
7	110	-16
24	108	-15
27	108	-15
29	106	-15
31	102	-14
33	102	-14
36	101	-14
28	72	-10
28	65	-9
27	60	-8
27	55	-8
26	51	-7
26	47	-7
26	43	-6
25	41	-6
25	38	-5
25	36	-5
25	34	-5
24	31	-4
24	30	-4
25	29	-4
26	29	-4
28	29	-4
29	28	-4
29	26	-4
28	25	-4
-20	23	-3
-19	23	-3
-18	24	-3
-18	25	-3
-18	26	-3
-18	27	-3
-18	28	-3
-18	29	-4
-18	31	-4
-18	32	-4
-18	33	-4
-18	35	-4
-18	37	-5
-25	52	-6
-22	50	-6
-17	43	-5
-16	42	-5
-15	43	-5
-15	45	-5
-15	48	-6
-14	51	-6
-14	54	-7
-14	58	-7
-14	63	-8
-13	68	-8
-13	74	-9
-13	82	-10
-8	111	-14
-5	109	-13
-2	102	-12
0	101	-12
3	101	-12
5	101	-12
7	101	-12
10	102	-12
12	101	-12
15	102	-13
17	102	-12
19	101	-12
22	102	-13
24	102	-12
27	102	-12
29	102	-13
32	102	-13
35	102	-13
29	77	-9
28	69	-8
28	64	-8
27	58	-7
26	53	-7
26	49	-6
26	46	-6
26	43	-5
25	40	-5
25	38	-5
25	35	-4
25	33	-4
24	31	-4
24	29	-4
25	28	-3
26	28	-3
29	29	-4
29	27	-3
29	26	-3
29	25	-3
-13	74	-9
-13	82	-10
-8	112	-14
-5	108	-13
-2	102	-13
0	101	-12
3	102	-12
5	101	-12
7	101	-12
10	101	-12
12	101	-12
15	102	-12
17	102	-12
19	102	-12
22	102	-12
24	102	-13
27	102	-13
29	102	-12
32	102	-13
35	102	-13
29	77	-9
28	69	-8
28	63	-8
27	58	-7
27	53	-7
26	49	-6
26	46	-6
26	42	-5
25	40	-5
25	37	-5
25	35	-4
25	33	-4
24	30	-4
24	29	-4
25	29	-4
26	28	-3
29	29	-4
29	27	-3
29	26	-3
29	24	-3
-20	23	-2
-19	23	-2
-19	24	-3
-19	24	-3
-18	25	-3
-18	26	-3
-18	27	-3
-18	29	-3
-18	30	-3
-18	31	-3
-18	33	-3
-18	34	-4
-18	36	-4
-22	51	-5
-16	42	-4
-15	42	-4
-15	44	-5
-15	47	-5
-15	50	-5
-14	53	-6
-14	56	-6
-14	61	-6
-14	66	-7
-14	72	-8
-13	80	-8
-13	88	-9
-13	102	-11
-11	102	-11
-8	102	-11
-6	102	-11
-3	101	-11
-1	102	-11
1	102	-11
3	101	-11
6	101	-11
8	101	-11
11	102	-11
13	102	-11
15	102	-11
18	102	-11
20	102	-11
23	102	-11
25	102	-11
28	102	-11
30	102	-11
33	102	-11
36	102	-11
29	76	-8
28	68	-7
28	62	-7
27	57	-6
26	52	-5
26	48	-5
26	45	-5
26	42	-4
25	39	-4
25	37	-4
25	35	-4
25	32	-3
24	30	-3
25	29	-3
25	28	-3
29	29	-3
29	27	-3
29	25	-3
30	24	-3
-15	65	-7
-14	67	-7
-13	74	-8
-13	81	-9
-12	102	-11
-10	102	-11
-8	102	-11
-5	102	-11
-3	102	-11
-1	102	-11
2	102	-11
4	102	-11
7	102	-11
9	102	-11
11	102	-11
14	102	-11
16	102	-11
19	102	-11
21	102	-11
24	102	-11
26	102	-11
29	103	-11
31	102	-11
34	102	-11
29	79	-8
28	72	-8
28	66	-7
27	60	-6
27	55	-6
27	51	-5
26	47	-5
26	44	-5
26	41	-4
25	38	-4
25	36	-4
25	34	-4
25	32	-3
24	30	-3
25	29	-3
26	29	-3
29	30	-3
29	28	-3
29	27	-3
29	25	-3
-19	19	-2
-18	20	-2
-18	20	-2
-19	23	-2
-19	24	-2
-18	25	-2
-18	26	-2
-18	27	-2
-18	28	-2
-18	29	-3
-18	30	-3
-18	32	-3
-18	33	-3
-18	35	-3
-18	37	-3
-17	42	-4
-16	42	-4
-15	43	-4
-16	54	-5
-15	57	-5
-15	61	-5
-15	66	-6
-15	72	-6
-14	79	-7
-13	83	-7
-13	93	-8
-12	102	-9
-10	102	-9
-8	102	-9
-5	101	-9
-3	100	-9
0	100	-9
2	102	-9
4	102	-9
7	102	-9
9	102	-9
12	102	-9
14	102	-9
16	102	-9
19	102	-9
21	102	-9
24	102	-9
26	102	-9
29	102	-9
31	103	-9
34	102	-9
30	82	-7
29	75	-7
29	68	-6
29	63	-6
28	58	-5
28	54	-5
27	50	-4
27	46	-4
27	43	-4
26	40	-3
26	38	-3
25	35	-3
25	32	-3
25	30	-3
25	28	-2
25	28	-2
29	28	-2
29	27	-2
29	25	-2
29	23	-2
-16	65	-6
-15	68	-6
-14	73	-6
-14	80	-7
-13	87	-8
-13	98	-9
-11	102	-9
-9	102	-9
-6	102	-9
-4	101	-9
-2	100	-9
1	101	-9
3	102	-9
5	102	-9
8	102	-9
10	102	-9
13	102	-9
15	102	-9
17	102	-9
20	102	-9
22	102	-9
25	102	-9
27	102	-9
30	102	-9
33	103	-9
35	103	-9
29	78	-7
28	70	-6
29	66	-6
28	61	-5
28	56	-5
27	52	-5
27	48	-4
27	44	-4
26	41	-4
26	38	-3
26	36	-3
25	33	-3
25	31	-3
25	29	-3
25	28	-2
26	28	-2
29	29	-3
29	27	-2
29	24	-2
-19	19	-1
-19	19	-1
-18	20	-1
-18	21	-1
-19	24	-2
-18	25	-2
-18	25	-2
-18	27	-2
-18	28	-2
-18	29	-2
-18	30	-2
-18	31	-2
-18	33	-2
-18	34	-2
-17	36	-3
-17	42	-3
-16	42	-3
-15	43	-3
-16	53	-4
-16	57	-4
-16	61	-4
-15	66	-5
-15	71	-5
-15	79	-6
-14	85	-6
-14	95	-7
-13	103	-7
-11	102	-7
-8	103	-7
-6	102	-7
-3	103	-7
-1	101	-7
1	103	-7
4	103	-7
6	103	-7
8	103	-7
11	103	-7
13	103	-7
16	103	-7
18	103	-7
21	103	-7
23	103	-7
26	103	-7
28	103	-7
31	103	-7
33	103	-7
36	104	-7
31	80	-6
30	73	-5
29	66	-5
29	61	-4
28	56	-4
28	52	-4
27	48	-3
27	44	-3
27	41	-3
26	39	-3
26	36	-3
25	33	-2
24	31	-2
25	29	-2
25	28	-2
26	28	-2
29	29	-2
30	25	-2
29	24	-2
-16	71	-5
-15	74	-5
-14	81	-6
-14	91	-6
-13	98	-7
-12	102	-7
-9	102	-7
-7	103	-7
-4	103	-7
-2	102	-7
0	103	-7
3	103	-7
5	103	-7
8	103	-7
10	103	-7
12	103	-7
15	103	-7
17	103	-7
20	103	-7
22	103	-7
25	103	-7
27	103	-7
30	103	-7
32	103	-7
35	104	-7
30	81	-6
30	76	-5
29	68	-5
29	63	-4
28	57	-4
28	53	-4
28	49	-3
27	46	-3
27	42	-3
26	40	-3
26	37	-3
26	35	-2
25	31	-2
25	29	-2
25	29	-2
26	28	-2
29	29	-2
29	25	-2
29	24	-2
-20	19	-1
-19	19	-1
-19	20	-1
-18	20	-1
-19	23	-1
-18	24	-1
-18	25	-1
-18	26	-1
-18	27	-1
-18	29	-1
-18	30	-2
-18	31	-2
-18	32	-2
-18	34	-2
-18	35	-2
-17	37	-2
-18	42	-2
-17	41	-2
-16	42	-2
-16	52	-3
-16	56	-3
-16	60	-3
-16	65	-3
-15	70	-4
-15	76	-4
-14	83	-4
-14	93	-5
-13	101	-5
-11	103	-5
-9	103	-5
-7	103	-5
-4	103	-5
-2	102	-5
1	103	-5
3	103	-5
5	103	-5
8	103	-5
10	103	-5
13	103	-5
15	103	-5
17	103	-5
20	103	-5
23	103	-5
25	103	-5
28	103	-5
30	103	-5
32	103	-5
35	104	-5
31	82	-4
30	76	-4
30	68	-4
29	63	-3
29	57	-3
28	53	-3
28	49	-3
27	46	-2
27	43	-2
26	40	-2
26	37	-2
26	35	-2
25	31	-2
25	29	-2
25	29	-1
26	28	-1
30	26	-1
29	24	-1
-15	66	-3
-15	72	-4
-15	79	-4
-14	86	-5
-14	95	-5
-13	103	-5
-10	103	-5
-8	103	-5
-6	103	-5
-3	103	-5
-1	102	-5
2	103	-5
4	103	-5
6	103	-5
9	103	-5
11	103	-5
14	103	-5
16	103	-5
19	103	-5
21	103	-5
24	103	-5
26	103	-5
29	104	-5
31	104	-5
34	104	-5
37	105	-5
31	81	-4
30	72	-4
29	66	-3
29	60	-3
28	55	-3
28	51	-3
27	47	-2
27	44	-2
27	41	-2
26	38	-2
26	36	-2
25	33	-2
25	30	-2
25	29	-2
25	28	-1
26	28	-1
29	24	-1
29	24	-1
-20	19	-1
-19	20	-1
-18	20	-1
-19	23	-1
-19	24	-1
-18	25	-1
-18	26	-1
-18	27	-1
-18	28	-1
-18	29	-1
-18	30	-1
-18	32	-1
-18	33	-1
-18	35	-1
-18	37	-1
-17	41	-1
-16	41	-1
-15	43	-1
-16	53	-2
-15	57	-2
-15	62	-2
-15	66	-2
-15	72	-3
-15	80	-3
-14	87	-3
-14	96	-3
-12	103	-4
-10	103	-4
-8	103	-4
-5	103	-4
-3	103	-4
-1	103	-4
2	103	-4
4	103	-4
6	103	-4
9	103	-4
11	103	-4
13	103	-4
16	103	-4
18	103	-4
21	104	-4
23	103	-4
26	103	-4
28	103	-4
31	104	-4
34	104	-4
37	105	-4
31	81	-3
30	72	-3
29	66	-2
29	61	-2
28	56	-2
28	51	-2
28	48	-2
27	44	-2
27	41	-1
26	39	-1
26	36	-1
25	33	-1
25	31	-1
25	29	-1
25	28	-1
26	28	-1
29	25	-1
29	24	-1
-15	80	-3
-14	85	-3
-14	95	-3
-13	103	-4
-11	103	-4
-8	103	-4
-6	103	-4
-3	104	-4
-1	103	-4
1	103	-4
4	103	-4
6	103	-4
9	103	-4
11	103	-4
13	103	-4
16	103	-4
18	103	-4
21	103	-4
23	104	-4
26	103	-4
28	104	-4
31	104	-4
34	104	-4
37	105	-4
31	81	-3
30	73	-3
30	67	-2
29	61	-2
28	56	-2
28	52	-2
27	48	-2
27	45	-2
27	41	-1
26	39	-1
26	36	-1
25	33	-1
25	30	-1
25	29	-1
25	28	-1
26	28	-1
29	25	-1
29	24	-1
-20	22	0
-19	23	0
-19	23	0
-18	23	0
-18	26	0
-18	30	-1
-18	32	-1
-18	33	-1
-18	35	-1
-18	36	-1
-17	41	-1
-16	41	-1
-15	43	-1
-16	54	-1
-15	57	-1
-15	61	-1
-15	66	-1
-15	73	-1
-15	80	-1
-14	97	-2
-13	104	-2
-8	103	-2
-5	103	-2
-3	105	-2
-1	105	-2
2	104	-2
4	104	-2
7	104	-2
9	104	-2
11	104	-2
14	104	-2
16	105	-2
19	105	-2
21	105	-2
24	104	-2
26	105	-2
29	105	-2
32	105	-2
34	105	-2
37	106	-2
31	81	-1
31	75	-1
30	67	-1
29	61	-1
29	56	-1
28	52	-1
28	48	-1
27	45	-1
27	42	-1
27	39	-1
26	37	-1
26	34	-1
25	31	-1
25	29	-1
25	28	0
26	28	0
30	30	-1
29	27	0
29	26	0
29	25	0
29	24	0
-15	66	-1
-15	71	-1
-14	95	-2
-13	104	-2
-11	104	-2
-8	104	-2
-6	104	-2
-4	105	-2
-1	105	-2
1	104	-2
4	104	-2
6	104	-2
9	104	-2
11	104	-2
14	104	-2
16	104	-2
18	105	-2
21	105	-2
23	104	-2
26	105	-2
29	105	-2
31	105	-2
34	105	-2
37	106	-2
31	82	-1
31	76	-1
30	68	-1
29	62	-1
29	57	-1
28	53	-1
28	49	-1
28	45	-1
27	42	-1
27	39	-1
27	37	-1
26	35	-1
25	31	-1
25	29	-1
25	28	0
26	28	0
30	30	-1
30	28	0
29	26	0
29	25	0
29	24	0
-20	22	0
-19	22	0
-18	23	0
-18	23	0
-17	24	0
-18	26	0
-18	27	0
-18	28	0
-18	29	0
-18	31	0
-18	32	0
-18	34	0
-18	35	0
-18	37	0
-18	41	0
-16	41	0
-16	41	0
-16	51	0
-15	54	0
-15	58	0
-15	62	0
-15	67	0
-15	73	0
-15	81	0
-15	92	0
-14	100	0
-12	104	0
-7	104	0
-5	104	0
-2	105	0
0	105	0
2	104	0
5	104	0
7	104	0
10	104	0
12	104	0
15	104	0
17	104	0
20	105	0
22	104	0
25	104	0
27	105	0
30	105	0
33	105	0
35	106	0
38	106	0
31	80	0
30	70	0
30	64	0
29	59	0
29	55	0
28	51	0
28	47	0
27	44	0
27	41	0
27	38	0
27	36	0
25	33	0
25	30	0
25	29	0
25	28	0
26	27	0
30	29	0
29	27	0
29	25	0
29	24	0
-15	69	0
-14	95	0
-14	104	0
-11	104	0
-9	104	0
-6	104	0
-4	105	0
-2	105	0
1	105	0
3	104	0
6	104	0
8	104	0
11	104	0
13	104	0
15	105	0
18	105	0
20	105	0
23	105	0
26	105	0
28	105	0
31	105	0
33	105	0
36	106	0
31	82	0
31	77	0
30	68	0
29	63	0
29	58	0
28	53	0
28	49	0
28	46	0
27	43	0
27	40	0
27	38	0
26	35	0
25	31	0
25	29	0
25	28	0
26	28	0
30	28	0
29	26	0
29	25	0
29	24	0
-19	22	0
-19	23	0
-19	23	0
-18	23	0
-17	24	0
-18	25	0
-18	26	0
-18	27	0
-18	29	1
-18	30	1
-18	32	1
-18	33	1
-18	35	1
-18	37	1
-16	40	1
-15	41	1
-15	42	1
-15	53	1
-15	56	1
-15	60	1
-15	65	1
-15	72	1
-14	97	2
-13	105	2
-10	104	2
-8	105	2
-6	105	2
-3	105	2
-1	105	2
2	105	2
4	104	2
7	104	2
9	104	2
11	105	2
14	105	2
16	105	2
19	105	2
21	105	2
24	105	2
26	105	2
29	105	2
32	105	2
34	105	2
37	106	2
32	82	1
31	75	1
30	67	1
29	61	1
29	56	1
28	52	1
28	48	1
27	45	1
27	42	1
27	40	1
27	37	1
26	34	1
25	31	1
25	29	1
25	28	0
26	28	0
30	30	1
29	28	0
29	26	0
29	25	0
29	24	0
-15	66	1
-15	80	1
-14	96	2
-13	105	2
-10	105	2
-8	104	2
-6	105	2
-3	105	2
-1	105	2
2	105	2
4	105	2
7	105	2
9	105	2
12	105	2
14	105	2
17	105	2
19	105	2
22	105	2
24	105	2
27	105	2
29	105	2
32	105	2
35	106	2
37	106	2
32	82	1
30	71	1
30	66	1
29	61	1
28	56	1
28	52	1
28	48	1
27	45	1
27	42	1
27	39	1
27	37	1
26	34	1
25	31	1
25	29	1
25	28	0
26	28	0
30	29	1
29	28	0
29	26	0
29	25	0
-19	22	1
-19	23	1
-18	23	1
-17	23	1
-18	24	1
-18	25	1
-17	26	1
-17	28	1
-18	29	1
-18	31	1
-17	32	1
-18	34	1
-17	35	1
-18	37	1
-17	41	1
-16	41	1
-15	41	1
-16	51	2
-15	54	2
-15	58	2
-15	63	2
-15	68	2
-15	74	3
-15	82	3
-15	95	3
-14	104	4
-12	106	4
-9	106	4
-7	106	4
-5	106	4
-2	106	4
0	106	4
3	106	4
5	106	4
8	106	4
10	106	4
13	106	4
15	106	4
18	106	4
20	106	4
23	106	4
25	106	4
28	105	4
30	105	4
33	106	4
36	107	4
32	81	3
30	71	2
30	65	2
30	60	2
29	54	2
28	50	2
28	47	2
27	43	2
27	41	1
27	39	1
27	36	1
26	33	1
25	30	1
25	29	1
26	28	1
26	28	1
30	29	1
29	27	1
29	26	1
29	24	1
-15	73	3
-15	80	3
-14	98	3
-13	106	4
-11	106	4
-8	106	4
-6	106	4
-3	106	4
-1	107	4
2	106	4
4	106	4
7	106	4
9	106	4
12	106	4
14	106	4
16	106	4
19	106	4
22	106	4
24	106	4
27	106	4
29	106	4
32	106	4
35	106	4
37	107	4
32	82	3
32	76	3
30	67	2
30	62	2
29	56	2
28	52	2
28	48	2
27	45	2
27	42	1
27	39	1
27	37	1
27	35	1
25	31	1
25	29	1
25	28	1
26	28	1
30	30	1
30	28	1
29	26	1
29	24	1
29	24	1
-19	22	1
-18	23	1
-17	23	1
-18	26	1
-18	27	1
-18	29	2
-18	31	2
-18	32	2
-18	33	2
-18	35	2
-18	37	2
-17	41	2
-16	40	2
-15	41	2
-16	51	3
-15	53	3
-15	57	3
-15	61	3
-15	66	3
-15	73	4
-15	80	4
-15	90	5
-14	98	5
-13	107	6
-10	106	6
-8	106	6
-5	106	6
-3	107	6
0	107	6
2	106	6
4	106	6
7	106	6
9	106	6
12	106	6
14	106	6
17	106	6
19	106	6
22	107	6
25	107	6
27	107	6
30	107	6
32	107	6
35	107	6
38	108	6
32	83	4
32	78	4
31	69	4
30	63	3
29	57	3
29	53	3
28	48	3
28	45	2
27	42	2
27	40	2
27	37	2
27	35	2
25	31	2
25	29	2
25	28	1
26	28	1
30	28	1
29	26	1
29	25	1
29	24	1
-11	107	6
-8	106	6
-6	106	6
-3	107	6
-1	107	6
2	107	6
4	106	6
7	106	6
9	106	6
12	106	6
14	106	6
17	106	6
19	106	6
22	106	6
24	106	6
27	106	6
30	106	6
32	107	6
35	107	6
38	107	6
32	83	4
32	78	4
30	68	4
30	63	3
29	57	3
29	53	3
28	48	3
28	45	2
27	42	2
27	40	2
27	37	2
27	35	2
25	31	2
25	29	2
25	28	1
26	28	1
30	30	2
30	28	1
29	26	1
29	25	1
29	23	1
-19	23	2
-18	23	2
-18	23	2
-17	24	2
-17	25	2
-18	26	2
-17	27	2
-18	29	2
-18	33	2
-18	35	2
-18	36	3
-16	40	3
-15	40	3
-15	42	3
-15	52	4
-15	55	4
-15	60	4
-15	65	5
-15	71	5
-15	78	5
-14	96	7
-13	106	7
-11	106	7
-8	106	7
-6	106	7
-3	107	7
-1	107	7
1	106	7
4	106	7
6	106	7
9	106	7
11	106	7
14	106	7
16	106	7
19	106	7
21	106	7
24	107	7
27	107	7
29	107	7
32	107	7
34	107	7
38	108	8
32	85	6
32	79	6
31	70	5
30	64	4
29	59	4
29	54	4
28	49	3
28	45	3
27	42	3
27	40	3
27	38	3
27	36	2
25	32	2
25	30	2
25	28	2
26	28	2
30	28	2
29	27	2
29	25	2
29	24	2
-16	54	4
-15	56	4
-15	61	4
-15	66	5
-15	72	5
-15	80	6
-14	98	7
-13	106	7
-10	107	7
-8	107	7
-5	107	7
-3	106	7
-1	107	7
2	106	7
4	107	7
7	107	7
9	107	7
12	107	7
14	107	7
17	107	7
19	107	7
22	107	7
25	107	7
27	107	7
30	107	7
33	107	7
35	107	7
38	107	8
32	83	6
32	77	5
30	68	5
30	63	4
29	58	4
29	53	4
28	49	3
27	45	3
27	42	3
27	39	3
27	37	3
27	35	2
25	31	2
25	29	2
25	28	2
26	28	2
30	30	2
30	28	2
29	26	2
29	25	2
29	24	2
-19	22	2
-18	23	2
-18	23	2
-18	26	2
-17	27	2
-17	29	2
-18	30	3
-18	31	3
-18	33	3
-17	35	3
-18	37	3
-16	40	4
-15	40	4
-15	42	4
-15	53	5
-15	56	5
-15	61	5
-15	67	6
-15	74	6
-14	101	9
-13	107	9
-10	107	9
-8	108	9
-5	108	9
-3	108	9
0	108	9
2	108	9
5	107	9
7	107	9
10	107	9
12	107	9
15	108	9
17	108	9
20	108	9
22	108	9
25	108	9
28	108	9
30	108	9
33	108	9
36	108	9
33	86	8
33	79	7
32	70	6
31	64	6
30	59	5
29	54	5
28	49	4
28	46	4
27	42	4
27	40	3
27	37	3
27	35	3
25	31	3
25	29	3
25	28	2
26	27	2
30	28	2
29	26	2
29	25	2
29	23	2
-15	73	6
-15	80	7
-15	91	8
-14	98	9
-13	108	9
-11	107	9
-8	108	9
-6	108	9
-3	108	9
-1	108	9
2	108	9
5	107	9
7	107	9
9	107	9
12	108	9
15	108	9
17	108	9
20	108	9
22	108	9
25	108	9
28	108	9
30	108	9
33	108	9
36	109	10
33	85	7
33	79	7
31	68	6
31	63	6
30	58	5
29	53	5
28	49	4
28	45	4
27	42	4
27	39	3
27	37	3
27	35	3
25	31	3
25	29	3
26	28	2
26	27	2
30	30	3
30	28	2
29	26	2
29	24	2
29	24	2
-19	22	2
-18	23	2
-18	23	2
-17	26	3
-17	27	3
-17	28	3
-18	30	3
-18	32	3
-18	33	3
-18	34	4
-17	36	4
-16	40	4
-15	40	4
-15	41	4
-15	52	5
-15	55	6
-15	60	6
-15	66	7
-15	73	8
-15	80	8
-15	89	9
-14	98	10
-13	108	11
-11	108	11
-8	108	11
-6	108	11
-3	108	11
0	109	11
2	108	11
4	108	11
7	108	11
10	108	11
12	107	11
14	108	11
17	108	11
20	108	11
22	108	11
25	108	11
28	109	11
31	109	11
33	109	11
36	109	11
33	86	9
33	79	8
32	71	7
31	64	7
30	59	6
29	54	6
29	49	5
28	45	5
27	42	4
27	40	4
27	38	4
27	35	4
25	31	3
25	29	3
25	28	3
26	28	3
30	28	3
29	26	3
29	25	3
29	24	2
-10	108	11
-8	108	11
-5	108	11
-3	108	11
0	108	11
2	108	11
5	108	11
7	108	11
10	108	11
12	108	11
15	108	11
17	108	11
20	108	11
23	108	11
25	108	11
28	108	11
31	108	11
34	108	11
36	108	11
33	84	9
33	78	8
32	69	7
31	63	7
30	58	6
29	53	6
29	49	5
28	45	5
27	41	4
27	39	4
27	37	4
26	34	4
26	31	3
25	29	3
25	28	3
26	27	3
30	29	3
30	27	3
29	26	3
29	24	3
-19	22	3
-19	23	3
-18	23	3
-17	23	3
-18	24	3
-18	26	3
-18	26	3
-17	27	3
-17	29	4
-17	30	4
-18	32	4
-18	34	4
-17	35	4
-17	37	5
-17	40	5
-15	40	5
-15	51	6
-15	54	7
-15	59	7
-15	64	8
-15	70	9
-15	77	9
-14	84	10
-14	95	12
-14	108	13
-12	108	13
-9	108	13
-7	108	13
-4	108	13
-2	109	13
1	108	13
4	108	13
6	108	13
8	108	13
11	108	13
14	107	13
16	108	13
19	108	13
21	109	13
24	108	13
27	108	13
29	109	13
32	109	13
35	109	13
38	109	13
33	82	10
32	73	9
31	67	8
31	62	8
30	56	7
29	52	6
28	47	6
28	44	5
27	41	5
27	39	5
27	36	4
26	33	4
25	30	4
25	29	4
25	27	3
30	29	4
29	27	3
29	25	3
29	24	3
-11	108	13
-8	108	13
-6	108	13
-3	108	13
-1	108	13
2	108	13
5	108	13
7	108	13
10	108	13
12	108	13
14	108	13
17	108	13
20	108	13
22	108	13
25	108	13
28	108	13
30	108	13
33	108	13
36	109	13
27	40	5
27	37	5
27	35	4
25	31	4
25	29	4
25	28	3
26	27	3
30	28	3
29	26	3
29	24	3
29	24	3
-19	22	3
-19	23	3
-18	23	3
-17	24	3
-18	25	3
-17	26	4
-17	27	4
-17	28	4
-18	30	4
-17	31	4
-17	33	5
-17	34	5
-17	36	5
-17	38	5
-18	40	6
-16	40	6
-16	51	7
-16	53	7
-15	57	8
-15	62	9
-15	68	9
-15	73	10
-15	81	11
-15	91	13
-14	98	14
-13	109	15
-11	109	15
-8	109	15
-6	109	15
-3	109	15
-1	109	15
2	109	15
4	109	15
7	109	15
10	109	15
12	109	15
15	109	15
17	109	15
20	109	15
23	109	15
25	109	15
28	110	15
31	110	15
33	110	15
36	109	15
34	81	11
32	71	10
31	66	9
31	60	8
30	55	8
29	50	7
28	46	6
28	43	6
27	40	6
28	38	5
27	35	5
26	31	4
25	29	4
26	28	4
26	28	4
30	28	4
29	26	4
29	24	3
29	24	3
-16	72	10
-16	78	11
-15	83	12
-15	94	13
-15	107	15
-12	109	15
-10	109	15
-7	109	15
-5	109	15
-2	109	15
0	109	15
3	109	15
5	109	15
8	109	15
10	109	15
13	109	15
16	109	15
18	109	15
21	109	15
24	109	15
26	110	15
29	110	15
32	110	15
34	110	15
37	110	15
33	83	12
33	76	11
32	69	10
31	63	9
30	58	8
29	52	7
29	48	7
28	45	6
28	41	6
28	39	5
27	37	5
26	33	5
26	30	4
25	29	4
26	28	4
30	29	4
30	27	4
29	25	4
29	24	3
-19	22	4
-18	22	4
-18	23	4
-18	24	4
-18	24	4
-17	25	4
-17	26	4
-17	27	4
-17	29	5
-18	30	5
-18	32	5
-17	33	5
-17	34	5
-17	36	6
-17	40	6
-16	40	6
-16	51	8
-15	53	8
-15	58	9
-15	64	10
-15	70	11
-15	75	12
-15	106	17
-12	109	17
-10	109	17
-7	109	17
-5	109	17
-2	110	17
0	109	17
3	109	17
5	109	17
8	109	17
11	109	17
13	109	17
16	109	17
18	109	17
21	109	17
24	109	17
26	109	17
29	110	17
32	110	17
34	109	17
37	110	17
34	85	13
33	78	12
32	69	11
31	63	10
31	58	9
30	53	8
29	49	8
28	45	7
28	42	7
28	39	6
27	37	6
26	33	5
25	31	5
25	29	5
26	28	4
26	27	4
30	29	5
30	27	4
29	25	4
29	24	4
-16	72	11
-15	79	12
-15	85	13
-14	95	15
-14	109	17
-12	109	17
-9	109	17
-6	109	17
-4	109	17
-1	110	17
1	109	17
4	109	17
6	108	17
9	109	17
11	109	17
14	109	17
17	109	17
19	109	17
22	109	17
25	109	17
27	109	17
30	110	17
33	110	17
36	110	17
34	82	13
33	74	12
32	67	11
31	61	10
30	56	9
30	51	8
29	47	7
28	44	7
28	40	6
28	39	6
27	36	6
26	32	5
25	30	5
25	28	4
26	27	4
30	28	4
29	26	4
29	25	4
29	24	4
