-84.316	97.625	-35.533
-77.275	98.469	-35.84
-104.486	144.457	-52.578
-101.34	147.43	-53.66
-98.706	150.713	-54.855
-95.952	154.319	-56.168
-93.105	157.735	-57.411
-90.119	161.172	-58.662
-86.856	164.374	-59.827
-83.528	167.37	-60.918
-80.698	171.704	-62.495
-77.403	174.923	-63.667
-74.225	179.214	-65.228
-70.906	183.374	-66.743
-67.354	186.786	-67.985
-64.152	192.289	-69.988
-60.518	196.703	-71.594
-56.347	200.007	-72.796
-52.629	205.01	-74.617
-47.045	203.609	-74.108
-40.471	197.083	-71.732
-34.605	192.708	-70.14
-29.16	187.901	-68.39
-23.971	182.631	-66.472
-19.271	179.84	-65.457
-14.326	175.324	-63.813
-9.797	171.2	-62.312
-5.666	168.238	-61.234
-1.439	165.333	-60.176
2.571	161.069	-58.624
6.358	157.544	-57.341
9.986	154.812	-56.347
13.522	151.416	-55.111
16.83	148.524	-54.058
20.122	145.462	-52.944
23.944	147.256	-53.597
27.512	147.324	-53.622
31.185	147.324	-53.621
38.934	165.67	-60.299
44.947	173.014	-62.972
51.487	181.555	-66.081
58.768	190.429	-69.311
65.858	196.464	-71.507
66.355	183.359	-66.737
74.732	192.29	-69.988
80.618	193.866	-70.562
86.431	194.725	-70.874
91.437	193.981	-70.603
96.128	192.072	-69.909
100.293	188.897	-68.753
104.257	185.718	-67.596
120.205	203.517	-74.074
125.544	201.658	-73.398
129.904	198.35	-72.193
133.974	194.323	-70.728
138.803	191.79	-69.806
120.937	158.589	-57.722
121.002	151.406	-55.107
85.027	100.223	-36.478
86.763	97.65	-35.542
89.213	95.961	-34.927
91.528	94.016	-34.219
94.322	92.588	-33.699
95.926	89.895	-32.719
-81.463	98.388	-31.968
-79.117	100.194	-32.555
-101.827	146.923	-47.738
-99.431	150.876	-49.023
-96.517	153.908	-50.008
-93.392	156.791	-50.944
-90.511	160.204	-52.053
-87.343	163.362	-53.079
-84.59	167.256	-54.345
-81.332	170.593	-55.429
-78.211	174.573	-56.722
-74.96	178.268	-57.923
-71.897	182.735	-59.374
-68.469	186.468	-60.587
-64.985	190.568	-61.919
-61.7	195.554	-63.539
-57.392	198.291	-64.429
-54.15	204.414	-66.418
-49.124	204.657	-66.497
-42.526	197.963	-64.322
-37.045	195.14	-63.405
-31.339	189.859	-61.689
-25.917	184.123	-59.825
-21.179	182.087	-59.164
-16.413	177.304	-57.61
-11.787	173.205	-56.278
-7.621	170.275	-55.326
-3.346	166.666	-54.153
0.655	163.248	-53.042
4.415	160.364	-52.106
8.197	156.945	-50.994
11.494	153.325	-49.818
15.105	150.486	-48.896
18.392	147.785	-48.018
21.673	145.509	-47.279
25.917	150.569	-48.923
28.853	147.16	-47.815
35.44	161.383	-52.437
41.208	168.914	-54.884
47.189	176.511	-57.352
53.761	184.173	-59.841
61.605	194.29	-63.129
70.213	205.328	-66.715
79.129	214.936	-69.837
87.138	221.103	-71.841
88.857	210.651	-68.445
93.226	207.618	-67.459
97.988	205.233	-66.684
102.89	203.157	-66.01
106.268	198.355	-64.449
109.515	193.084	-62.737
122.677	205.695	-66.834
71.113	110.977	-36.059
73.382	109.154	-35.466
75.771	107.152	-34.816
77.993	105.322	-34.221
80.911	103.875	-33.751
82.997	101.774	-33.068
85.17	99.861	-32.447
87.291	97.848	-31.793
89.569	95.809	-31.13
91.925	94.061	-30.562
95.055	93.003	-30.219
97.12	90.917	-29.541
99.502	89.216	-28.988
-83.494	97.905	-28.074
-80.782	99.224	-28.452
-76.548	98.764	-28.32
-101.95	143.093	-41.031
-101.165	149.033	-42.734
-97.831	151.415	-43.417
-95.219	155.098	-44.474
-91.108	156.483	-44.871
-89.661	162.522	-46.603
-86.049	164.774	-47.248
-83.544	169.318	-48.551
-79.995	172.08	-49.343
-77.29	176.769	-50.688
-73.787	179.775	-51.55
-70.729	184.293	-52.845
-66.959	187.928	-53.887
-63.596	192.058	-55.072
-59.987	196.636	-56.385
-56.742	202.457	-58.053
-52.61	206.183	-59.122
-46.789	202.875	-58.173
-40.661	198.192	-56.831
-34.987	193.509	-55.488
-29.433	189.309	-54.283
-24.238	184.757	-52.978
-19.412	180.379	-51.723
-14.853	177.091	-50.78
-10.127	172.272	-49.398
-5.923	169.663	-48.65
-1.997	167.561	-48.047
2.026	162.297	-46.538
5.819	158.942	-45.576
9.413	155.606	-44.619
12.729	152.808	-43.817
16.148	149.248	-42.796
19.439	147.528	-42.303
22.867	146.806	-42.096
27.034	150.249	-43.083
29.861	146.18	-41.916
37.647	165.586	-47.481
43.149	171.94	-49.303
49.469	179.425	-51.449
56.521	188.12	-53.943
64.14	197.99	-56.773
73.083	209.201	-59.987
82.259	219.668	-62.989
88.56	220.332	-63.179
88.07	205.332	-58.878
57.04	122.611	-35.158
59.732	120.889	-34.664
62.519	119.311	-34.212
64.468	116.473	-33.398
67.034	114.548	-32.846
69.032	112.024	-32.122
71.538	110.25	-31.614
74.184	108.766	-31.188
76.2	106.452	-30.525
78.76	104.864	-30.069
81.573	103.763	-29.753
84.037	101.899	-29.219
86.183	99.886	-28.642
88.279	97.512	-27.961
90.641	95.975	-27.52
93.041	94.195	-27.01
95.34	92.249	-26.452
97.363	89.79	-25.747
100.046	88.414	-25.352
-83.274	99.282	-24.754
-79.444	99.108	-24.71
-75.405	98.764	-24.625
-90.489	123.448	-30.779
-102.58	145.842	-36.363
-100.268	149.813	-37.353
-97.359	152.751	-38.085
-94.74	156.351	-38.983
-90.549	157.589	-39.291
-89.137	163.523	-40.771
-85.6	166.134	-41.422
-83.106	170.735	-42.569
-79.499	173.381	-43.229
-76.022	176.447	-43.993
-73.271	181.063	-45.144
-69.657	184.288	-45.948
-66.44	188.559	-47.013
-63.232	193.67	-48.287
-59.582	198.144	-49.403
-55.814	202.114	-50.393
-52.216	207.54	-51.746
-45.809	202.582	-50.509
-40.14	198.918	-49.596
-34.015	192.389	-47.968
-29.065	189.056	-47.137
-23.869	184.46	-45.991
-18.981	179.947	-44.866
-14.388	174.946	-43.619
-9.975	172.101	-42.91
-5.74	168.715	-42.065
-1.712	164.602	-41.04
2.052	162.221	-40.446
5.815	159.077	-39.662
9.347	155.954	-38.884
12.871	152.822	-38.103
16.191	149.866	-37.366
19.255	146.859	-36.616
22.694	146.789	-36.599
26.398	147.854	-36.864
29.727	146.047	-36.414
32.551	143.393	-35.752
35.625	140.93	-35.138
38.468	138.844	-34.618
41.422	136.778	-34.103
43.881	133.892	-33.383
46.361	130.642	-32.573
49.249	129.204	-32.214
51.901	127.336	-31.749
54.488	125.026	-31.172
57.253	123.591	-30.815
59.814	121.933	-30.401
62.068	119.24	-29.73
64.266	116.738	-29.106
66.565	114.962	-28.663
69.396	113.601	-28.324
71.895	111.842	-27.885
74.232	109.729	-27.358
76.499	107.812	-26.88
78.759	105.91	-26.406
81.325	104.007	-25.932
83.491	102.131	-25.464
85.861	100.17	-24.975
88.339	98.441	-24.544
90.733	96.763	-24.126
93.071	94.852	-23.649
95.322	92.997	-23.187
97.999	91.077	-22.708
100.611	89.651	-22.352
-82.35	98.424	-20.921
-79.442	99.571	-21.164
-76.184	99.85	-21.224
-100.497	150.471	-31.984
-97.613	153.545	-32.637
-94.473	156.294	-33.221
-90.111	157.087	-33.39
-87.277	160.663	-34.15
-85.334	166.05	-35.295
-82.862	170.525	-36.246
-79.398	173.542	-36.888
-76.238	176.752	-37.57
-73.076	180.737	-38.417
-69.448	183.978	-39.106
-66.489	188.879	-40.147
-62.816	192.492	-40.915
-59.323	196.484	-41.764
-55.695	201.553	-42.841
-51.938	205.912	-43.768
-46.057	202.164	-42.971
-39.997	196.966	-41.866
-34.586	192.782	-40.977
-28.981	187.928	-39.945
-24.145	184.44	-39.204
-19.562	180.631	-38.394
-15.023	176.851	-37.591
-10.57	173.705	-36.922
-6.482	170.863	-36.318
-2.45	165.779	-35.237
1.492	162.195	-34.476
5.244	159.356	-33.872
8.639	156.349	-33.233
12.039	152.823	-32.483
15.388	150.716	-32.036
18.571	147.614	-31.376
21.749	145.048	-30.831
25.957	150.464	-31.982
30.368	155.302	-33.011
32.171	146.086	-31.051
34.878	142.273	-30.241
37.915	140.087	-29.776
40.694	137.965	-29.325
43.218	135.231	-28.744
46.077	133.37	-28.349
48.577	130.881	-27.82
51.412	129.316	-27.487
53.672	126.451	-26.878
56.29	124.395	-26.441
58.798	122.551	-26.049
61.184	120.446	-25.602
63.609	118.493	-25.187
66.173	116.695	-24.804
68.679	114.905	-24.424
71.174	112.983	-24.015
73.384	111.128	-23.621
75.831	109.131	-23.197
78.251	107.244	-22.795
80.535	105.553	-22.436
83.013	103.638	-22.029
85.19	101.649	-21.606
87.546	99.876	-21.229
90.112	98.162	-20.865
92.324	96.209	-20.45
94.658	94.117	-20.005
97.001	92.227	-19.604
99.247	90.379	-19.211
-79.06	96.524	-17.02
-77.688	99.314	-17.512
-75.139	100.862	-17.785
-99.088	151.983	-26.799
-96.377	155.168	-27.36
-93.458	158.515	-27.95
-90.06	161.142	-28.414
-87.339	165.008	-29.095
-84.524	168.678	-29.742
-81.407	172.17	-30.358
-78.063	175.495	-30.944
-75.016	179.044	-31.57
-72.021	183.721	-32.395
-67.889	185.895	-32.778
-65.13	191.348	-33.74
-61.653	195.351	-34.446
-57.842	199.476	-35.173
-54.096	203.701	-35.918
-50.168	207.787	-36.638
-43.776	201.738	-35.572
-37.518	195.194	-34.418
-32.046	190.824	-33.647
-26.874	186.103	-32.815
-22.176	182.81	-32.234
-17.43	178.782	-31.524
-13.011	175.666	-30.975
-8.676	172.006	-30.329
-4.569	168.342	-29.683
-0.64	165.003	-29.095
3.221	161.527	-28.481
6.981	159.465	-28.118
10.226	154.287	-27.205
13.593	152.057	-26.812
16.971	149.225	-26.312
20.086	146.242	-25.786
23.758	147.726	-26.048
28.257	153.892	-27.135
30.62	147.803	-26.062
33.573	144.832	-25.538
36.599	142.571	-25.139
39.18	139.428	-24.585
41.972	136.53	-24.074
44.786	135.116	-23.825
47.586	132.567	-23.375
50.309	130.772	-23.059
52.878	128.485	-22.655
55.43	126.392	-22.286
57.987	124.408	-21.936
60.185	121.86	-21.487
63.072	120.602	-21.265
65.344	118.135	-20.83
67.91	116.496	-20.541
70.608	114.872	-20.255
72.505	112.351	-19.811
74.913	110.542	-19.492
77.408	108.682	-19.164
79.723	106.833	-18.837
82.128	104.989	-18.512
84.587	102.984	-18.159
87.008	101.105	-17.828
88.525	98.377	-17.346
90.722	96.282	-16.977
93.146	94.525	-16.667
95.246	92.579	-16.324
97.688	90.796	-16.01
100.498	89.065	-15.705
-93.261	113.098	-15.895
-88.239	112.22	-15.771
-84.4	112.437	-15.802
-100.617	139.848	-19.654
-98.004	142.705	-20.056
-95.152	145.53	-20.453
-92.905	149.308	-20.984
-86.71	146.869	-20.641
-87.572	155.844	-21.902
-82.056	154.242	-21.677
-83.998	166.721	-23.431
-81.609	171.472	-24.099
-78.802	175.657	-24.687
-75.182	178.361	-25.067
-71.905	182.075	-25.589
-68.532	185.826	-26.116
-65.232	189.448	-26.625
-62.053	194.338	-27.312
-58.15	197.763	-27.794
-55.012	203.976	-28.667
-51.327	209.198	-29.401
-44.687	201.952	-28.382
-38.823	196.355	-27.596
-32.99	190.746	-26.808
-27.882	186.84	-26.259
-22.998	183.001	-25.719
-18.41	179.578	-25.238
-13.714	174.378	-24.507
-9.584	172.962	-24.308
-5.515	168.232	-23.643
-1.551	165.615	-23.276
2.192	162.439	-22.829
5.837	159.304	-22.389
9.426	156.109	-21.94
12.793	152.968	-21.498
15.899	150.193	-21.108
19.076	147.209	-20.689
22.227	145.649	-20.47
26.642	151.559	-21.3
29.741	149.126	-20.958
32.509	145.213	-20.408
35.264	142.542	-20.033
38.337	140.609	-19.761
41.056	137.945	-19.387
43.758	135.881	-19.097
46.397	133.555	-18.77
49.219	131.452	-18.474
51.519	128.59	-18.072
54.094	126.581	-17.79
56.614	124.546	-17.504
59.277	122.722	-17.247
61.255	119.937	-16.856
63.506	117.887	-16.568
66.14	116.06	-16.311
68.718	114.38	-16.075
70.956	112.449	-15.804
73.481	110.788	-15.57
76.295	109.418	-15.378
78.483	107.463	-15.103
80.768	105.479	-14.824
82.937	103.309	-14.519
85.513	101.874	-14.317
87.874	99.884	-14.038
89.923	97.712	-13.733
92.098	95.636	-13.441
94.667	93.95	-13.204
97.417	92.551	-13.007
100.041	90.977	-12.786
-90.28	112.813	-11.857
-86.177	112.836	-11.86
-89.664	123.018	-12.93
-101.73	145.416	-15.284
-95.722	143.913	-15.126
-94.009	148.268	-15.584
-89.927	149.305	-15.693
-88.644	155.03	-16.294
-84.251	155.431	-16.336
-79.743	155.648	-16.359
-82.851	170.352	-17.905
-80.2	174.64	-18.355
-76.817	177.682	-18.675
-73.302	180.861	-19.009
-70.367	185.629	-19.51
-66.922	189.258	-19.892
-63.772	193.578	-20.346
-59.648	195.939	-20.594
-56.435	201.528	-21.181
-52.818	206.833	-21.739
-47.672	206.128	-21.665
-41.523	199.626	-20.982
-35.919	195.418	-20.539
-30.62	190.922	-20.067
-25.591	187.011	-19.656
-20.61	181.665	-19.094
-16.119	178.744	-18.787
-11.683	175.073	-18.401
-7.425	171.272	-18.001
-3.542	167.739	-17.63
0.181	164.668	-17.307
3.968	162.556	-17.085
7.652	159.34	-16.747
10.942	155.013	-16.292
14.291	152.396	-16.017
17.511	149.585	-15.722
20.629	146.556	-15.404
24.186	148.461	-15.604
28.819	154.878	-16.278
31.055	147.877	-15.543
33.959	144.845	-15.224
36.549	141.989	-14.924
39.506	140.042	-14.719
42.306	137.619	-14.464
45.005	135.487	-14.24
47.725	133.456	-14.027
50.305	131.292	-13.799
52.686	128.676	-13.524
55.103	126.506	-13.296
57.566	124.186	-13.052
60.136	122.367	-12.861
62.375	119.883	-12.6
64.639	117.785	-12.38
67.104	115.955	-12.187
69.564	114.221	-12.005
71.86	112.247	-11.798
74.602	110.972	-11.664
77.125	109.162	-11.473
79.427	107.239	-11.271
81.624	105.375	-11.075
83.81	103.217	-10.849
86.258	101.333	-10.651
88.454	99.377	-10.445
90.6	97.581	-10.256
93.181	95.701	-10.059
95.402	93.901	-9.869
98.164	92.24	-9.695
101.197	90.918	-9.556
-115.121	117.951	-8.248
-115.48	123.739	-8.653
-110.816	124.197	-8.685
-103.824	121.803	-8.517
-111.954	137.148	-9.59
-95.909	123.776	-8.655
-91.826	124.289	-8.691
-88.839	126.126	-8.82
-85.677	127.385	-8.908
-82.565	129.207	-9.035
-78.805	129.63	-9.065
-80.362	138.94	-9.716
-89.565	162.647	-11.373
-75.489	145.239	-10.156
-116.922	263.13	-18.4
-102.916	247.092	-17.278
-85.876	235.968	-16.5
-64.191	191.379	-13.382
-60.908	195.867	-13.696
-57.609	201.037	-14.058
-53.841	204.911	-14.329
-49.25	206.877	-14.466
-42.961	200.546	-14.024
-37.198	196.032	-13.708
-31.832	191.36	-13.381
-26.813	187.716	-13.126
-21.927	182.671	-12.774
-17.465	178.389	-12.474
-13.084	174.985	-12.236
-8.826	172.504	-12.063
-4.75	168.646	-11.793
-0.859	165.344	-11.562
2.757	162.655	-11.374
6.499	160.552	-11.227
9.832	155.486	-10.873
13.281	152.877	-10.69
16.477	150.084	-10.495
19.473	146.935	-10.275
22.847	146.223	-10.225
27.095	151.836	-10.617
31.63	157.503	-11.014
34.517	153.143	-10.709
37.602	150.62	-10.532
40.924	149.42	-10.448
43.64	146.235	-10.226
46.484	144.051	-10.073
48.975	141.012	-9.861
51.656	138.861	-9.71
54.369	136.377	-9.536
57.083	134.051	-9.374
60.971	135.021	-9.442
67.463	140.896	-9.852
72.657	143.798	-10.055
92.821	165.552	-11.576
100.945	171.166	-11.969
102.651	165.478	-11.571
105.384	161.592	-11.3
113.029	165.02	-11.539
118.619	165.319	-11.56
125.714	167.275	-11.697
127.454	161.824	-11.316
133.809	162.198	-11.342
138.674	160.458	-11.22
141.867	156.917	-10.973
150.623	159.379	-11.145
166.401	168.734	-11.799
171.208	165.924	-11.603
175.921	163.113	-11.406
-114.711	118.391	-4.134
-121.562	131.209	-4.582
-117.605	132.701	-4.634
-113.52	134.087	-4.682
-94.98	123.426	-4.31
-90.325	123.324	-4.307
-87.074	124.786	-4.358
-84.51	127.075	-4.438
-81.912	129.118	-4.509
-79.38	132.03	-4.611
-79.581	139.153	-4.859
-85.812	157.336	-5.494
-75.052	145.927	-5.096
-115.173	261.98	-9.149
-104.562	253.65	-8.858
-91.992	238.916	-8.343
-85.031	236.89	-8.272
-60.297	196.335	-6.856
-56.997	201.553	-7.038
-53.162	205.901	-7.19
-48.347	205.954	-7.192
-42.164	200.393	-6.998
-36.301	194.856	-6.805
-31.317	191.845	-6.699
-26.164	187.167	-6.536
-21.133	181.413	-6.335
-16.473	178.634	-6.238
-12.216	175.969	-6.145
-8.133	172.153	-6.012
-4.108	169.122	-5.906
-0.271	165.274	-5.771
3.635	162.41	-5.671
7.083	159.146	-5.557
10.553	155.698	-5.437
13.806	151.982	-5.307
17.123	149.834	-5.232
20.152	146.785	-5.126
23.713	147.543	-5.152
27.892	152.961	-5.342
32.183	156.124	-5.452
35.103	152.907	-5.34
38.215	150.381	-5.251
41.068	147.529	-5.152
43.831	144.828	-5.058
46.695	142.434	-4.974
49.687	140.836	-4.918
52.323	138.705	-4.844
55.236	136.953	-4.783
57.94	134.474	-4.696
60.861	132.794	-4.637
67.655	139.787	-4.881
75.534	147.954	-5.167
87.171	162.027	-5.658
94.181	166.151	-5.802
103.252	173.337	-6.053
114.413	183.098	-6.394
115.855	176.181	-6.152
125.417	181.734	-6.346
131.497	181.817	-6.349
142.478	188.211	-6.572
148.37	186.936	-6.528
152.577	183.75	-6.417
155.618	179.007	-6.251
159.922	175.954	-6.144
162.948	171.233	-5.98
167.638	168.452	-5.882
172.923	166.252	-5.806
176.766	162.499	-5.675
-124.826	140.01	0.0
-97.19	125.806	0.0
-91.362	124.034	0.0
-86.391	122.807	0.0
-83.042	124.135	0.0
-80.71	126.613	0.0
-78.646	129.605	0.0
-77.107	134.229	0.0
-76.678	140.401	0.0
-75.046	144.837	0.0
-115.341	260.781	0.0
-94.219	242.676	0.0
-85.759	236.826	0.0
-64.86	194.021	0.0
-60.745	195.82	0.0
-57.3	200.862	0.0
-53.566	205.276	0.0
-49.025	206.434	0.0
-42.825	200.937	0.0
-36.965	195.867	0.0
-31.767	191.761	0.0
-26.763	188.56	0.0
-21.909	182.968	0.0
-17.462	179.804	0.0
-12.938	176.05	0.0
-8.816	172.725	0.0
-4.819	169.882	0.0
-0.903	165.573	0.0
2.932	162.899	0.0
6.475	159.268	0.0
9.896	156.212	0.0
13.153	152.735	0.0
16.262	149.996	0.0
19.59	147.555	0.0
22.758	146.796	0.0
26.977	152.025	0.0
31.611	158.019	0.0
34.706	154.551	0.0
37.533	151.417	0.0
40.469	149.08	0.0
43.577	146.819	0.0
46.594	145.286	0.0
50.235	144.994	0.0
53.086	142.695	0.0
55.829	140.381	0.0
58.74	138.699	0.0
61.858	137.419	0.0
64.655	135.267	0.0
82.818	165.204	0.0
90.937	171.593	0.0
104.316	187.226	0.0
121.143	196.363	0.0
129.787	200.332	0.0
133.908	196.786	0.0
138.019	193.495	0.0
142.311	190.36	0.0
145.4	185.477	0.0
150.872	183.94	0.0
154.019	179.143	0.0
158.235	175.834	0.0
161.828	172.122	0.0
166.815	169.475	0.0
171.208	166.329	0.0
175.042	162.694	0.0
-106.221	131.238	4.583
-94.259	127.815	4.463
-90.27	128.467	4.486
-87.282	130.393	4.553
-80.229	126.161	4.406
-79.136	130.573	4.56
-78.552	136.574	4.769
-77.021	141.125	4.928
-85.991	165.307	5.773
-115.938	261.971	9.148
-106.023	255.02	8.905
-94.43	242.875	8.481
-86.006	237.363	8.289
-63.874	190.438	6.65
-60.686	195.509	6.827
-57.059	199.483	6.966
-53.338	204.049	7.126
-49.444	207.569	7.248
-43.112	201.085	7.022
-37.356	196.055	6.846
-31.925	191.948	6.703
-26.915	188.045	6.567
-22.213	183.701	6.415
-17.584	179.432	6.266
-13.338	176.765	6.173
-9.129	173.179	6.048
-4.954	169.624	5.923
-0.996	165.846	5.791
2.7	162.204	5.664
6.225	160.582	5.608
9.645	155.507	5.43
12.992	152.731	5.333
16.175	149.864	5.233
19.274	147.557	5.153
22.526	146.262	5.108
26.573	151.09	5.276
31.092	157.109	5.486
36.083	163.084	5.695
41.474	169.988	5.936
47.429	177.286	6.191
53.745	184.654	6.448
60.787	193.593	6.76
67.983	201.051	7.021
73.633	202.699	7.078
73.881	189.258	6.609
92.318	223.428	7.802
99.336	225.788	7.885
103.985	222.861	7.782
108.323	218.922	7.645
112.568	215.392	7.522
117.385	213.008	7.438
120.29	206.916	7.226
125.223	204.471	7.14
128.927	200.438	6.999
133.825	198.05	6.916
137.404	193.967	6.773
141.516	190.587	6.655
145.632	187.338	6.542
148.843	182.775	6.383
154.096	180.612	6.307
157.346	176.087	6.149
161.929	173.257	6.05
166.202	170.042	5.938
170.018	166.338	5.809
173.376	162.109	5.661
-108.422	133.937	9.366
-93.447	127.062	8.885
-92.389	131.471	9.193
-89.377	133.437	9.331
-81.698	128.545	8.989
-79.2	130.762	9.144
-79.873	138.53	9.687
-76.934	140.8	9.846
-86.662	166.625	11.652
-115.907	261.615	18.294
-94.409	242.573	16.962
-86.318	237.585	16.614
-64.004	190.994	13.356
-60.706	195.407	13.664
-57.588	201.172	14.067
-53.948	205.321	14.357
-49.31	206.376	14.431
-43.172	200.731	14.036
-37.473	196.31	13.727
-31.948	191.088	13.362
-27.006	187.966	13.144
-22.216	183.39	12.824
-17.501	179.262	12.535
-13.323	176.243	12.324
-9.032	171.919	12.022
-5.022	168.489	11.782
-1.04	165.393	11.565
2.708	162.406	11.357
6.158	159.692	11.167
9.66	155.471	10.872
12.918	153.058	10.703
16.236	150.16	10.5
19.265	147.213	10.294
22.52	146.223	10.225
26.582	151.597	10.601
31.329	157.792	11.034
35.961	162.864	11.389
41.45	169.58	11.858
47.584	177.54	12.415
53.73	184.451	12.898
60.825	193.175	13.508
68.935	203.127	14.204
77.676	213.255	14.912
87.836	226.232	15.82
94.67	228.526	15.98
99.205	225.079	15.739
103.292	220.657	15.43
107.88	217.627	15.218
112.477	214.539	15.002
117.61	212.751	14.877
120.786	207.26	14.493
125.579	204.552	14.304
128.901	199.91	13.979
133.165	196.598	13.747
137.461	193.358	13.521
141.052	189.184	13.229
145.734	186.916	13.07
149.622	183.191	12.81
153.87	179.918	12.581
157.313	175.728	12.288
162.397	173.63	12.141
166.522	170.151	11.898
170.062	166.168	11.62
174.658	163.365	11.424
-109.947	135.18	14.208
-104.882	135.324	14.223
-93.787	127.136	13.363
-93.982	133.33	14.014
-86.666	129.3	13.59
-84.327	132.118	13.886
-80.546	133.069	13.986
-78.874	137.158	14.416
-79.093	144.496	15.187
-86.732	166.696	17.52
-117.282	264.887	27.841
-106.736	257.064	27.018
-85.931	237.211	24.932
-60.593	196.147	20.616
-57.367	201.242	21.151
-53.368	205.23	21.571
-49.117	207.197	21.777
-42.565	200.501	21.074
-37.127	197.42	20.75
-31.43	191.27	20.103
-26.502	187.539	19.711
-21.476	183.018	19.236
-16.791	179.057	18.82
-12.323	174.581	18.349
-8.308	172.999	18.183
-4.167	168.819	17.744
-0.453	165.115	17.354
3.508	161.92	17.019
6.902	159.199	16.733
10.503	155.466	16.34
13.636	152.605	16.039
17.009	149.918	15.757
19.975	146.269	15.373
23.708	148.084	15.564
27.974	153.136	16.095
32.576	158.355	16.644
37.685	165.423	17.387
43.282	172.045	18.083
49.134	178.849	18.798
55.88	186.681	19.621
63.29	196.634	20.667
71.926	207.376	21.796
81.622	219.481	23.068
92.294	232.832	24.472
96.284	227.483	23.909
100.424	222.848	23.422
105.374	220.796	23.207
109.811	217.257	22.835
114.093	213.544	22.444
118.545	210.248	22.098
122.353	206.061	21.658
126.723	202.671	21.302
131.289	199.865	21.007
134.404	194.829	20.477
139.869	193.226	20.309
143.893	189.691	19.937
148.354	186.736	19.627
151.901	182.347	19.165
156.551	179.995	18.918
159.821	175.658	18.462
163.786	171.836	18.061
167.538	168.081	17.666
173.595	166.72	17.523
175.518	161.182	16.941
-112.105	137.935	19.386
-106.129	136.732	19.216
-94.752	128.041	17.995
-90.772	129.122	18.147
-88.393	131.623	18.498
-84.64	132.441	18.613
-82.033	135.197	19.001
-77.497	134.528	18.907
-81.316	148.598	20.884
-86.55	166.3	23.372
-117.616	265.881	37.367
-85.869	237.245	33.343
-60.289	195.659	27.498
-57.015	200.402	28.165
-53.467	205.657	28.903
-48.617	206.478	29.019
-42.592	200.852	28.228
-36.893	196.821	27.661
-31.227	190.861	26.824
-26.259	186.87	26.263
-21.304	182.504	25.649
-16.702	178.921	25.146
-12.49	176.181	24.761
-8.162	172.191	24.2
-4.122	168.147	23.632
-0.181	164.483	23.117
3.594	161.102	22.641
7.122	158.558	22.284
10.454	154.705	21.742
13.935	152.0	21.362
17.132	149.263	20.977
20.18	146.54	20.595
23.77	147.315	20.704
28.03	153.024	21.506
32.853	159.238	22.379
37.941	165.623	23.277
43.348	171.369	24.084
49.167	178.203	25.045
56.207	187.155	26.303
63.98	197.186	27.713
72.277	207.312	29.136
82.272	219.914	30.907
91.613	229.574	32.265
96.51	226.523	31.836
101.079	223.178	31.366
105.713	219.939	30.91
109.959	216.032	30.361
114.716	213.368	29.987
118.538	209.069	29.383
123.546	206.667	29.045
126.821	201.715	28.349
131.317	198.933	27.958
135.47	195.192	27.432
139.239	191.202	26.872
143.123	187.656	26.373
147.759	184.983	25.998
151.983	181.564	25.517
155.569	177.513	24.948
160.513	175.087	24.607
163.91	170.951	24.026
167.856	167.223	23.502
172.274	164.296	23.09
176.511	160.96	22.621
-117.532	141.43	24.938
-108.344	137.029	24.162
-89.478	124.612	21.973
-86.988	127.38	22.461
-84.15	129.303	22.8
-85.225	137.382	24.224
-81.301	138.591	24.437
-79.306	142.268	25.086
-87.511	165.003	29.094
-121.807	270.021	47.612
-109.245	258.139	45.517
-87.549	236.884	41.769
-61.767	195.523	34.476
-58.187	200.044	35.273
-54.588	204.872	36.124
-49.919	206.504	36.412
-43.694	201.629	35.553
-37.979	196.712	34.686
-32.307	191.406	33.75
-27.403	188.292	33.201
-22.482	185.328	32.678
-17.704	180.042	31.746
-13.034	175.319	30.913
-8.828	172.171	30.358
-4.704	169.841	29.948
-0.783	166.406	29.342
3.156	162.784	28.703
6.828	160.013	28.215
10.233	155.051	27.34
13.489	152.313	26.857
16.87	149.435	26.349
19.861	145.8	25.708
23.502	147.168	25.95
27.934	153.324	27.035
32.53	158.124	27.881
37.728	165.035	29.1
43.228	171.342	30.212
49.545	179.16	31.591
56.429	187.419	33.047
63.31	195.509	34.473
72.169	206.961	36.493
81.589	218.346	38.5
90.931	227.699	40.15
96.765	227.252	40.071
101.624	224.619	39.606
105.25	218.997	38.615
110.08	216.103	38.105
114.656	212.92	37.544
118.848	209.128	36.875
123.554	206.438	36.401
128.029	203.254	35.839
131.207	197.906	34.896
135.298	194.322	34.264
139.209	190.655	33.618
143.722	187.934	33.138
148.339	184.893	32.602
151.848	180.704	31.863
156.47	177.948	31.377
159.831	173.667	30.622
164.577	170.98	30.148
169.368	168.257	29.668
171.68	162.826	28.711
177.717	161.254	28.433
-109.694	134.815	28.656
-103.854	133.742	28.428
-87.87	124.985	26.566
-86.055	128.387	27.289
-83.075	130.28	27.692
-81.292	141.262	30.026
-88.418	161.592	34.347
-85.798	165.601	35.2
-115.453	262.851	55.871
-63.039	191.549	40.715
-59.927	197.099	41.895
-56.177	201.121	42.75
-52.633	206.726	43.941
-47.168	204.677	43.505
-41.016	198.861	42.269
-34.989	193.482	41.126
-29.688	189.356	40.249
-24.698	185.06	39.336
-19.939	181.281	38.532
-15.257	177.838	37.801
-10.903	173.587	36.897
-6.471	170.594	36.261
-2.338	158.248	33.637
5.083	159.874	33.982
8.56	156.5	33.265
12.136	152.963	32.513
15.521	150.359	31.96
18.675	147.774	31.41
21.866	145.007	30.822
25.979	149.84	31.85
30.435	155.414	33.034
35.533	161.137	34.251
40.968	168.33	35.78
47.092	175.932	37.395
53.071	181.785	38.64
60.544	191.832	40.775
68.383	201.185	42.763
77.602	212.327	45.132
87.631	224.395	47.697
94.649	226.651	48.176
99.535	224.08	47.63
103.416	219.11	46.573
108.608	216.612	46.042
112.897	213.127	45.302
116.91	208.847	44.392
122.08	206.958	43.99
126.453	203.458	43.246
129.593	198.258	42.141
135.041	196.872	41.846
138.647	192.338	40.883
141.939	187.842	39.927
146.412	184.961	39.315
150.03	180.719	38.413
154.658	178.007	37.837
158.871	174.781	37.151
163.4	171.677	36.491
167.784	168.471	35.81
171.387	164.651	34.998
176.064	161.651	34.36
181.583	159.312	33.863
-110.637	132.937	33.145
-104.658	132.043	32.922
-100.828	133.046	33.172
-96.148	133.467	33.277
-94.334	137.312	34.236
-89.582	137.098	34.182
-83.951	135.483	33.78
-84.655	143.715	35.832
-89.646	160.203	39.943
-87.476	164.911	41.117
-120.44	267.368	66.662
-108.991	258.295	64.4
-61.167	195.459	48.734
-57.576	199.962	49.856
-54.005	205.156	51.151
-49.545	208.23	51.918
-42.688	199.954	49.854
-37.25	196.808	49.07
-31.607	191.94	47.856
-26.267	187.655	46.788
-21.414	183.255	45.691
-16.826	179.832	44.837
-12.064	174.941	43.618
-7.93	171.934	42.868
-3.598	168.431	41.995
0.231	164.319	40.969
4.173	163.129	40.673
7.777	158.901	39.618
11.332	154.809	38.598
14.731	151.469	37.766
17.825	148.91	37.127
21.165	146.122	36.432
25.138	149.511	37.277
29.664	154.826	38.603
34.491	160.677	40.061
39.754	167.081	41.658
45.809	175.016	43.636
52.051	181.537	45.262
59.384	190.509	47.499
67.228	200.016	49.87
77.502	214.774	53.549
87.001	224.848	56.061
94.283	228.037	56.856
99.061	224.566	55.991
103.725	221.323	55.182
108.883	219.032	54.611
112.216	213.12	53.137
117.135	210.834	52.567
121.578	207.448	51.723
125.268	202.915	50.592
130.042	199.982	49.861
134.48	197.025	49.124
138.738	193.486	48.242
143.166	190.215	47.426
147.62	187.196	46.673
152.371	184.417	45.98
154.98	179.014	44.633
159.43	175.91	43.859
164.155	173.157	43.173
168.498	169.858	42.35
172.34	165.949	41.376
175.967	162.114	40.42
180.518	158.926	39.625
-109.668	132.753	38.066
-103.034	130.765	37.496
-99.975	132.882	38.103
-94.901	132.5	37.994
-94.017	137.762	39.503
-88.499	136.306	39.085
-84.944	138.017	39.576
-83.411	142.806	40.949
-89.86	161.604	46.339
-86.983	165.102	47.342
-117.331	263.109	75.445
-60.913	197.476	56.625
-56.848	200.437	57.474
-52.619	204.052	58.511
-47.479	203.244	58.279
-41.419	199.027	57.07
-35.796	194.837	55.868
-30.084	189.263	54.27
-25.0	185.269	53.125
-20.198	180.928	51.88
-15.351	176.424	50.589
-11.035	173.424	49.729
-6.652	169.831	48.698
-2.548	166.28	47.68
1.297	163.29	46.823
5.185	160.261	45.954
8.808	155.855	44.691
12.226	151.978	43.579
15.644	149.346	42.824
18.878	146.797	42.093
22.134	145.623	41.757
26.463	150.246	43.082
31.012	155.17	44.494
36.154	161.766	46.386
41.652	168.8	48.403
47.677	175.828	50.418
54.188	183.163	52.521
61.914	193.722	55.549
70.502	204.025	58.503
79.732	215.127	61.687
89.758	226.428	64.927
96.301	227.333	65.187
100.395	222.446	63.785
105.188	219.174	62.847
109.869	216.239	62.006
113.695	211.351	60.604
117.982	207.527	59.507
122.111	203.951	58.482
127.496	202.092	57.949
130.541	196.734	56.413
135.683	194.737	55.84
140.086	191.424	54.89
143.289	186.568	53.498
147.135	182.872	52.438
151.847	180.051	51.629
156.56	177.575	50.919
161.563	174.673	50.087
165.821	171.307	49.122
168.447	166.217	47.662
173.794	164.082	47.05
177.449	160.111	45.911
181.304	156.321	44.824
-112.001	130.011	42.243
-106.685	129.795	42.173
-100.916	128.749	41.833
-96.908	129.584	42.104
-95.426	133.92	43.513
-90.629	133.602	43.41
-86.969	134.809	43.802
-87.395	142.435	46.28
-84.499	145.259	47.197
-89.829	162.38	52.76
-87.069	166.314	54.039
-117.689	265.7	86.331
-63.532	192.183	62.444
-60.565	198.426	64.472
-56.438	201.419	65.445
-52.915	207.374	67.38
-46.445	202.643	65.843
-40.738	199.611	64.857
-35.045	194.606	63.231
-29.276	189.484	61.567
-24.059	184.686	60.008
-19.24	181.23	58.885
-14.321	176.133	57.229
-10.073	172.875	56.17
-5.807	170.126	55.277
-1.576	166.499	54.099
2.409	164.707	53.517
6.176	159.479	51.818
9.799	155.861	50.642
13.135	151.846	49.338
16.415	148.928	48.39
19.855	147.47	47.916
23.572	148.345	48.2
28.096	153.498	49.875
33.013	159.208	51.73
38.243	165.773	53.863
44.12	172.704	56.115
50.341	180.055	58.504
57.46	188.637	61.292
65.401	198.403	64.465
74.726	210.493	68.393
110.411	211.622	68.76
116.36	210.897	68.525
120.67	207.173	67.315
124.73	203.282	66.05
129.92	201.018	65.315
133.449	196.373	63.805
137.709	192.919	62.683
141.765	189.456	61.558
146.051	186.013	60.439
150.181	182.713	59.367
154.558	179.412	58.294
158.656	175.99	57.182
163.188	172.936	56.19
167.367	169.579	55.1
171.12	165.791	53.869
174.978	161.937	52.616
180.059	159.341	51.773
184.635	156.04	50.701
-110.715	128.835	46.892
-106.486	129.965	47.303
-101.412	129.671	47.196
-95.601	128.298	46.697
-93.69	131.916	48.014
-90.73	134.232	48.856
-86.941	135.633	49.366
-88.068	144.52	52.601
-92.526	159.615	58.095
-89.39	162.985	59.322
-86.201	166.195	60.49
-114.838	262.139	95.411
-62.991	193.61	70.468
-59.229	197.757	71.978
-55.88	203.958	74.235
-51.58	207.875	75.66
-45.359	203.251	73.977
-39.325	199.08	72.459
-33.383	193.279	70.348
-27.889	189.091	68.824
-22.871	184.601	67.189
-17.745	179.861	65.464
-12.967	175.629	63.924
-8.64	171.96	62.588
-4.318	169.049	61.529
-0.289	166.231	60.503
3.685	162.788	59.25
7.658	158.857	57.819
11.207	154.856	56.363
14.733	151.576	55.169
17.984	148.689	54.118
21.395	145.942	53.119
25.347	149.594	54.448
30.088	155.387	56.556
35.282	162.053	58.982
40.998	169.4	61.657
47.068	176.369	64.193
53.769	184.139	67.021
61.35	193.267	70.343
69.331	202.575	73.731
74.811	203.084	73.917
79.535	201.067	73.182
92.279	218.561	79.55
88.102	195.186	71.042
91.966	191.288	69.623
140.336	191.316	69.633
144.586	187.864	68.377
148.318	183.805	66.899
152.94	180.879	65.835
156.95	177.331	64.543
161.246	174.113	63.372
165.447	170.597	62.092
169.189	166.806	60.712
173.646	163.709	59.585
177.797	160.201	58.308
182.201	157.059	57.165
186.764	153.825	55.988
-112.008	125.843	50.844
-107.729	126.632	51.162
-105.556	130.172	52.593
-100.233	129.541	52.338
-95.606	129.659	52.386
-93.453	133.109	53.779
-91.113	136.599	55.19
-85.856	135.479	54.737
-89.938	149.284	60.315
-91.722	160.365	64.792
-88.658	163.865	66.206
-111.323	258.92	104.61
-62.285	196.336	79.325
-58.323	200.502	81.008
-54.022	203.254	82.12
-49.841	208.446	84.218
-42.752	200.423	80.976
-36.667	195.295	78.904
-30.98	190.773	77.077
-25.483	185.725	75.038
-20.336	180.817	73.055
-15.594	177.524	71.724
-11.006	173.849	70.24
-6.425	169.269	68.389
-2.306	166.833	67.405
1.841	164.752	66.564
5.89	161.446	65.229
9.454	155.868	62.975
13.139	152.662	61.68
16.629	149.434	60.375
19.956	146.724	59.28
23.591	147.455	59.576
28.211	153.226	61.907
33.169	158.679	64.11
38.554	165.511	66.871
44.803	173.653	70.16
51.065	180.034	72.738
58.929	190.939	77.144
67.004	200.462	80.992
74.122	205.398	82.986
77.778	199.827	80.735
87.709	211.335	85.385
98.617	208.73	84.332
106.54	200.173	80.875
111.329	197.762	79.901
106.919	179.649	72.583
109.92	175.088	70.74
155.117	176.52	71.319
159.549	173.396	70.057
163.757	170.021	68.693
167.914	166.499	67.27
172.167	163.241	65.954
177.091	160.477	64.837
180.962	156.891	63.388
185.276	153.408	61.981
-111.942	121.335	54.022
-107.508	122.303	54.453
-104.448	124.351	55.365
-105.086	131.079	58.36
-102.479	133.935	59.632
-105.609	144.647	64.401
-95.94	138.323	61.586
-91.206	138.498	61.663
-96.817	154.554	68.812
-93.667	157.701	70.213
-90.661	161.243	71.79
-87.757	164.943	73.437
-170.829	355.462	158.262
-117.003	260.255	115.873
-109.177	259.826	115.682
-61.182	183.713	81.794
-60.536	197.115	87.761
-56.394	201.015	89.498
-52.524	206.299	91.85
-46.772	205.142	91.335
-40.292	199.207	88.692
-33.964	192.836	85.856
-28.477	188.459	83.907
-22.996	183.497	81.698
-17.921	179.245	79.805
-13.294	176.445	78.558
-8.615	170.652	75.979
-4.189	167.021	74.362
-0.049	165.009	73.467
4.053	161.587	71.943
7.842	157.195	69.988
11.586	153.774	68.465
15.125	150.376	66.952
18.677	147.605	65.718
21.978	145.45	64.759
26.317	149.939	66.757
31.533	156.859	69.838
36.586	162.242	72.235
42.554	170.078	75.724
48.891	177.284	78.932
55.853	185.361	82.528
64.297	196.524	87.498
72.515	205.407	91.453
76.863	201.957	89.917
83.577	205.064	91.3
104.924	200.256	89.16
109.463	197.323	87.854
114.487	195.032	86.834
118.363	191.362	85.2
122.626	188.179	83.783
125.971	183.609	81.748
130.284	180.998	80.585
124.192	163.926	72.985
128.06	161.113	71.732
173.852	159.256	70.905
180.009	157.595	70.166
184.743	154.82	68.93
187.805	150.296	66.916
-113.951	119.256	58.165
-108.31	118.817	57.951
-104.525	120.044	58.549
-108.26	130.009	63.41
-102.992	129.851	63.333
-106.314	140.258	68.409
-104.652	144.841	70.644
-102.116	148.678	72.515
-98.412	150.631	73.467
-95.421	153.929	75.076
-92.302	157.162	76.653
-89.711	161.062	78.555
-86.334	164.064	80.019
-154.481	326.112	159.055
-114.166	258.221	125.943
-62.668	192.658	93.966
-59.04	197.61	96.381
-54.939	202.034	98.539
-50.762	206.598	100.765
-44.421	201.869	98.458
-37.601	194.141	94.689
-31.892	190.376	92.853
-26.24	185.795	90.618
-20.722	179.085	87.346
-15.766	176.359	86.016
-11.266	173.307	84.527
-6.537	168.242	82.057
-2.316	165.927	80.928
2.019	162.29	79.154
5.841	159.045	77.571
9.629	153.9	75.062
13.352	150.903	73.6
16.788	147.825	72.099
20.337	145.268	70.852
24.229	146.534	71.47
28.758	152.166	74.216
34.154	158.615	77.362
39.861	165.66	80.798
45.948	172.641	84.203
53.023	181.818	88.679
60.702	191.251	93.279
69.293	201.544	98.299
74.729	201.651	98.352
79.273	198.789	96.956
90.549	212.188	103.491
99.08	204.045	99.519
109.037	199.55	97.327
112.328	194.33	94.781
120.632	197.63	96.39
120.719	187.813	91.602
124.764	184.456	89.965
128.935	181.032	88.295
133.046	178.018	86.825
136.193	173.506	84.625
140.962	163.262	79.628
138.175	152.596	74.426
184.64	149.179	72.76
190.22	146.911	71.653
-114.073	118.976	63.261
-110.02	120.161	63.891
-113.177	129.352	68.778
-109.469	131.295	69.811
-104.98	131.917	70.142
-108.154	142.496	75.766
-104.894	145.116	77.16
-101.044	147.386	78.367
-98.76	151.32	80.458
-95.683	154.591	82.198
-92.282	157.464	83.725
-89.863	162.343	86.319
-86.211	164.999	87.731
-136.561	291.096	154.778
-69.783	185.66	98.717
-65.894	189.56	100.791
-62.184	194.07	103.189
-58.073	197.821	105.183
-54.423	204.574	108.774
-49.639	207.032	110.081
-43.044	201.984	107.397
-36.656	197.038	104.767
-30.193	189.312	100.659
-24.567	185.435	98.597
-19.416	182.74	97.165
-14.011	175.536	93.334
-9.323	172.354	91.642
-4.825	167.949	89.3
-0.408	165.045	87.756
3.757	160.022	85.085
7.723	157.171	83.569
11.593	151.123	80.354
15.111	146.958	78.139
18.645	145.197	77.203
22.342	144.656	76.915
27.047	150.514	80.03
31.995	156.467	83.195
37.616	163.02	86.68
43.939	171.234	91.047
51.081	180.055	95.737
58.49	189.02	100.504
67.139	199.328	105.985
73.41	201.542	107.162
80.343	204.57	108.772
86.735	205.684	109.364
92.597	205.418	109.222
98.782	205.631	109.336
105.592	206.517	109.807
111.681	206.013	109.539
116.447	202.882	107.874
121.259	189.238	100.62
125.177	185.545	98.656
129.157	181.948	96.744
141.476	172.13	91.523
145.323	168.644	89.669
150.065	166.109	88.322
152.281	160.95	85.579
156.14	158.071	84.048
167.872	162.645	86.48
165.8	153.426	81.578
155.783	137.473	73.096
-130.581	127.54	73.635
-125.324	128.276	74.06
-120.572	129.234	74.614
-115.276	129.517	74.777
-111.183	131.02	75.644
-110.959	136.917	79.049
-108.281	140.342	81.027
-105.207	143.19	82.671
-101.823	146.126	84.366
-99.274	150.137	86.682
-95.826	152.646	88.13
-93.471	157.276	90.804
-89.805	160.123	92.447
-86.752	163.79	94.564
-83.298	167.277	96.577
-80.347	171.818	99.199
-77.194	176.307	101.791
-73.724	180.612	104.276
-69.793	184.31	106.412
-66.099	188.522	108.843
-62.292	192.888	111.364
-58.323	198.199	114.43
-53.958	201.903	116.569
-50.091	208.557	120.41
-43.778	205.812	118.826
-29.393	186.283	107.55
-23.692	182.295	105.248
-18.514	178.223	102.897
-13.51	174.849	100.949
-8.629	170.097	98.205
-3.983	166.414	96.079
0.513	162.812	94.0
4.788	158.363	91.431
8.693	154.966	89.469
12.482	149.323	86.212
16.048	146.001	84.294
19.695	144.445	83.396
23.955	146.455	84.556
28.932	152.278	87.918
34.025	157.548	90.96
39.858	164.602	95.033
46.702	173.245	100.023
67.033	190.81	110.164
72.93	192.419	111.093
78.378	192.345	111.051
83.258	190.315	109.878
90.252	192.847	111.34
95.744	191.983	110.841
101.857	192.447	111.109
108.096	192.336	111.045
114.153	192.205	110.969
120.568	192.058	110.885
128.133	193.782	111.88
132.186	189.583	109.456
136.638	186.304	107.562
143.664	186.423	107.631
147.911	182.938	105.619
146.261	172.454	99.566
155.992	175.461	101.303
151.564	162.634	93.896
155.585	159.25	91.943
159.609	156.235	90.202
165.383	154.687	89.309
168.805	150.806	87.068
164.665	140.673	81.217
163.319	133.052	76.818
165.248	128.644	74.273
170.975	127.232	73.458
-132.653	126.735	79.193
-127.198	127.351	79.578
-121.487	127.37	79.589
-118.664	130.262	81.397
-115.528	132.933	83.066
-112.05	135.472	84.652
-109.481	138.789	86.725
-106.426	141.67	88.526
-103.604	145.326	90.81
-99.886	147.554	92.202
-97.666	152.249	95.136
-94.185	154.773	96.713
-91.466	159.368	99.584
-88.086	162.739	101.691
-84.513	165.946	103.694
-81.936	170.908	106.795
-78.485	175.247	109.506
-74.514	178.447	111.506
-70.568	181.987	113.718
-67.2	187.316	117.048
-63.48	191.883	119.902
-59.18	196.043	122.502
-54.762	199.665	124.764
-50.702	205.874	128.644
-44.022	201.739	126.06
-37.296	196.572	122.832
-30.812	190.447	119.005
-24.662	182.237	113.874
-19.346	180.164	112.579
-14.175	174.645	109.13
-9.141	170.09	106.284
-4.311	165.499	103.415
0.157	163.207	101.983
4.36	159.475	99.651
8.43	154.094	96.289
12.246	147.938	92.442
16.254	146.936	91.816
19.954	145.007	90.611
24.037	146.788	91.723
29.012	151.856	94.89
34.33	158.046	98.758
40.168	164.444	102.756
47.229	174.354	108.949
54.74	183.416	114.611
58.195	177.769	111.083
61.706	173.53	108.434
84.206	177.584	110.967
90.161	178.102	111.291
96.37	179.203	111.978
100.063	175.318	109.551
107.896	178.737	111.687
114.343	179.526	112.18
120.115	178.676	111.649
126.854	179.262	112.016
133.11	178.91	111.795
139.684	178.865	111.767
144.079	175.721	109.803
149.91	174.281	108.903
157.545	174.71	109.171
161.784	171.331	107.06
164.382	166.043	103.755
160.156	154.533	96.563
163.137	150.32	93.931
168.897	148.809	92.986
165.774	139.515	87.179
165.623	133.069	83.151
169.938	130.333	81.441
170.59	125.067	78.151
-135.467	122.965	82.941
-129.995	123.431	83.255
-125.167	124.422	83.924
-121.759	126.831	85.549
-118.844	129.422	87.296
-115.736	132.215	89.18
-112.95	135.375	91.312
-110.294	138.887	93.68
-106.826	141.129	95.193
-104.665	145.578	98.193
-101.279	148.406	100.101
-98.569	152.483	102.851
-95.581	155.834	105.111
-92.463	159.7	107.719
-89.619	163.979	110.605
-86.129	167.582	113.036
-82.376	171.041	115.369
-78.8	174.874	117.954
-75.478	179.658	121.181
-71.399	183.024	123.451
-67.862	188.233	126.965
-63.765	192.248	129.673
-59.8	197.463	133.19
-55.119	201.437	135.871
-50.548	205.687	138.738
-43.802	201.443	135.875
-37.644	199.15	134.328
-30.823	192.472	129.824
-24.593	186.166	125.571
-18.665	179.692	121.204
-13.519	176.146	118.812
-8.335	171.119	115.421
-3.516	167.005	112.646
1.017	162.676	109.726
5.341	159.155	107.351
9.545	154.205	104.013
13.29	147.178	99.273
17.297	147.245	99.318
21.115	144.857	97.707
25.532	148.555	100.202
31.239	156.067	105.268
36.574	161.388	108.858
43.459	170.647	115.103
50.239	178.186	120.188
58.691	189.206	127.621
63.8	188.131	126.896
66.778	181.078	122.139
70.269	175.697	118.509
74.169	172.591	116.414
78.674	170.749	115.171
79.242	160.578	108.311
83.226	158.328	106.794
106.79	161.897	109.201
112.281	161.432	108.887
118.28	161.596	108.998
125.755	163.55	110.316
129.673	160.512	108.266
135.522	159.899	107.853
143.938	162.003	109.272
150.448	161.724	109.084
158.35	162.386	109.531
167.453	164.35	110.855
164.431	153.912	103.815
165.085	147.49	99.483
162.855	132.821	89.589
167.436	130.366	87.933
174.688	130.256	87.859
177.011	125.96	84.961
178.741	121.543	81.982
-135.989	119.8	87.04
-131.993	121.697	88.418
-126.756	122.347	88.89
-123.997	125.481	91.167
-121.044	128.271	93.194
-117.969	130.834	95.057
-114.503	133.377	96.904
-111.491	136.275	99.009
-109.13	140.013	101.725
-106.072	143.526	104.278
-103.782	147.836	107.409
-100.126	150.558	109.387
-97.161	154.166	112.008
-94.506	158.954	115.487
-91.352	162.759	118.251
-86.936	164.818	119.747
-84.22	169.973	123.493
-80.961	174.748	126.962
-76.958	178.286	129.533
-73.87	184.27	133.88
-65.66	192.973	140.203
-60.681	195.309	141.9
-56.573	200.992	146.03
-51.664	204.581	148.637
-45.234	203.007	147.493
-37.803	195.508	142.045
-31.656	192.1	139.569
-19.686	182.61	132.674
-14.046	176.324	128.107
-8.869	173.001	125.693
-3.778	167.257	121.519
0.94	164.047	119.187
5.339	159.945	116.207
9.653	154.669	112.374
13.678	150.577	109.4
17.437	145.67	105.835
21.568	145.389	105.631
26.547	151.021	109.723
31.928	156.449	113.667
37.872	163.57	118.841
45.027	172.769	125.524
52.896	183.081	133.016
60.64	190.768	138.601
65.651	189.112	137.398
68.737	181.889	132.15
72.235	176.254	128.056
76.493	173.551	126.092
80.275	169.876	123.422
79.2	156.496	113.701
82.858	153.708	111.675
86.203	150.629	109.438
90.066	148.264	107.72
94.732	147.42	107.107
98.026	144.553	105.024
120.513	145.143	105.452
129.455	148.535	107.917
135.183	147.883	107.443
142.876	149.286	108.462
149.221	148.83	108.132
155.69	148.456	107.86
163.788	149.197	108.398
171.138	149.124	108.345
178.282	148.545	107.924
185.114	147.33	107.041
188.399	143.459	104.229
172.323	125.184	90.951
178.723	124.038	90.119
186.031	123.377	89.638
-138.727	116.974	91.39
-133.352	117.8	92.035
-129.763	120.056	93.798
-126.45	122.435	95.656
-123.98	125.894	98.359
-120.823	128.375	100.298
-117.62	131.223	102.523
-114.886	134.456	105.049
-112.439	138.245	108.009
-109.183	141.611	110.639
-106.612	145.604	113.758
-103.835	149.433	116.75
-100.165	152.335	119.017
-97.512	156.786	122.495
-94.153	160.707	125.558
-91.405	165.284	129.134
-88.005	169.644	132.541
-84.424	173.875	135.846
-80.38	177.636	138.784
-76.421	181.791	142.031
-71.642	184.295	143.987
-67.611	189.109	147.748
-63.085	193.09	150.858
-57.046	192.554	150.44
-51.229	192.762	150.602
-45.343	192.493	150.392
-39.93	193.536	151.207
-34.489	194.92	152.288
-28.099	190.638	148.943
-21.627	183.823	143.618
-15.711	179.16	139.975
-10.106	172.667	134.902
-5.001	169.987	132.809
-0.058	167.807	131.105
4.679	162.879	127.255
9.17	155.76	121.693
13.464	152.92	119.474
17.56	149.695	116.954
21.529	146.418	114.394
26.594	151.51	118.373
32.522	158.998	124.223
38.781	165.642	129.414
46.699	177.648	138.794
53.859	184.521	144.164
62.566	194.13	151.671
69.123	195.997	153.13
75.058	195.748	152.935
73.72	177.307	138.528
78.045	174.275	136.159
80.422	155.997	121.878
84.203	153.402	119.851
87.772	150.139	117.302
90.855	146.588	114.527
95.177	144.942	113.241
98.382	141.769	110.762
113.315	147.332	115.108
114.234	141.129	110.262
113.302	132.993	103.905
140.449	136.596	106.721
146.18	135.769	106.074
153.979	136.695	106.798
160.616	136.471	106.623
167.681	136.159	106.379
176.364	136.721	106.818
184.609	137.073	107.093
188.675	133.797	104.534
200.82	136.13	106.357
182.957	118.187	92.338
188.49	116.242	90.818
-144.201	112.963	94.787
-138.527	113.673	95.383
-133.537	114.801	96.329
-130.324	117.149	98.299
-128.565	121.012	101.541
-125.75	123.853	103.925
-121.925	126.007	105.732
-119.33	129.196	108.408
-116.349	132.216	110.943
-114.049	135.989	114.109
-110.923	139.857	117.354
-107.313	142.385	119.475
-105.26	147.071	123.408
-101.569	150.163	126.002
-97.886	152.894	128.293
-95.47	158.187	132.735
-91.8	161.611	135.607
-89.056	166.883	140.031
-85.085	170.352	142.942
-80.949	173.606	145.673
-77.618	179.164	150.336
-72.934	181.858	152.597
-66.968	181.708	152.471
-61.039	181.209	152.053
-55.661	182.419	153.068
-50.028	182.748	153.344
-44.327	182.655	153.266
-39.027	183.888	154.3
-33.062	181.286	152.117
-27.614	182.128	152.824
-22.277	182.441	153.087
-16.483	180.575	151.521
-10.741	173.276	145.395
-5.216	168.387	141.293
-0.234	164.221	137.798
4.551	159.759	134.054
9.216	154.906	129.981
13.589	151.242	126.907
17.639	148.382	124.507
21.691	145.484	122.075
27.058	151.375	127.019
32.867	157.297	131.988
39.434	165.508	138.878
47.905	178.626	149.885
55.154	184.612	154.908
60.469	183.653	154.103
66.738	184.74	155.015
72.789	185.635	155.766
78.347	184.886	155.138
83.739	183.21	153.731
90.538	184.58	154.881
80.917	153.54	128.836
84.373	149.987	125.854
88.742	148.311	124.447
92.063	145.098	121.752
95.813	142.891	119.9
99.223	140.083	117.543
119.851	160.941	135.046
114.649	145.807	122.347
117.643	142.229	119.344
121.651	139.799	117.305
124.994	136.985	114.944
120.674	125.643	105.427
147.805	128.401	107.741
155.339	129.153	108.373
162.424	128.985	108.231
170.569	129.528	108.687
177.283	128.735	108.021
182.809	126.786	106.386
194.217	128.905	108.164
202.911	128.776	108.056
189.066	114.113	95.752
-143.094	110.178	99.205
-137.654	111.028	99.97
-134.561	113.4	102.106
-133.504	117.78	106.05
-129.923	120.234	108.259
-127.155	123.078	110.82
-124.199	126.094	113.536
-121.171	129.05	116.197
-118.974	132.95	119.708
-115.406	135.599	122.094
-112.421	139.301	125.427
-109.993	143.561	129.263
-106.151	146.143	131.588
-104.138	151.273	136.207
-99.846	153.833	138.512
-96.185	157.302	141.636
-93.523	162.378	146.206
-89.909	166.288	149.726
-83.529	165.201	148.748
-78.057	165.964	149.435
-72.867	166.969	150.34
-66.759	165.99	149.458
-61.303	166.031	149.495
-56.164	166.822	150.207
-51.058	167.687	150.986
-45.305	166.646	150.049
-40.029	166.843	150.226
-34.834	167.279	150.618
-29.727	167.447	150.77
-24.476	166.925	150.3
-19.201	166.765	150.156
-14.239	167.747	151.04
-9.069	168.039	151.303
-3.924	167.052	150.414
1.089	164.79	148.378
6.093	161.162	145.111
10.814	155.779	140.264
15.444	152.75	137.537
19.689	148.56	133.764
30.39	157.271	141.608
43.072	168.845	152.029
48.376	169.133	152.288
53.563	168.019	151.285
59.195	168.393	151.622
64.761	169.055	152.218
70.358	169.041	152.205
75.673	168.376	151.606
81.674	169.052	152.215
87.79	169.543	152.657
93.658	169.206	152.354
99.297	168.578	151.788
101.059	161.055	145.015
96.386	144.751	130.334
99.128	140.481	126.49
125.687	169.375	152.506
123.568	158.055	142.314
118.608	143.748	129.431
121.947	140.386	126.404
133.273	146.403	131.822
129.386	135.112	121.655
133.269	132.779	119.555
135.678	128.982	116.135
142.437	129.052	116.199
134.432	116.071	104.511
164.151	118.447	106.65
172.256	118.657	106.839
178.248	117.452	105.754
188.303	118.531	106.725
196.448	118.154	106.386
204.586	117.454	105.756
-142.588	107.497	103.808
-137.797	108.768	105.036
-136.822	112.91	109.036
-132.928	115.035	111.088
-130.145	117.958	113.911
-127.819	121.394	117.229
-124.04	123.517	119.279
-121.664	126.968	122.612
-119.619	131.165	126.664
-116.092	133.643	129.058
-112.889	137.004	132.303
-110.13	140.828	135.996
-108.047	145.791	140.789
-103.77	147.994	142.916
-100.349	151.445	146.248
-97.666	156.301	150.938
-92.535	157.772	152.358
-87.107	158.184	152.756
-80.835	157.484	152.08
-75.342	157.537	152.132
-70.033	158.271	152.841
-64.433	157.736	152.324
-59.139	158.247	152.818
-53.782	158.104	152.679
-48.664	158.72	153.274
-43.604	159.278	153.813
-38.342	158.955	153.501
-33.247	158.838	153.388
-28.067	158.702	153.257
-23.143	158.805	153.356
-18.154	159.267	153.802
-13.134	159.468	153.996
-7.967	159.141	153.68
-2.9	159.338	153.871
2.115	159.362	153.895
6.954	155.387	150.055
11.718	152.861	147.616
16.214	148.193	143.109
20.501	145.261	140.277
25.742	149.795	144.656
37.85	160.548	155.04
43.241	160.96	155.437
48.308	160.47	154.964
53.447	160.142	154.648
58.967	160.755	155.24
64.318	160.196	154.699
69.911	160.261	154.762
75.403	160.505	154.998
81.161	160.405	154.901
86.835	160.366	154.864
93.189	161.338	155.802
99.061	160.875	155.355
104.43	159.844	154.359
111.049	160.437	154.932
116.813	159.606	154.13
124.222	160.895	155.374
130.626	160.419	154.915
131.907	153.802	148.525
123.527	136.911	132.213
127.304	134.26	129.653
130.71	131.363	126.856
135.103	129.336	124.898
139.165	127.27	122.904
180.307	157.954	152.535
156.321	130.287	125.816
139.776	110.997	107.189
162.308	112.687	108.821
170.277	112.978	109.102
177.117	112.411	108.554
185.158	112.257	108.405
194.15	112.465	108.606
203.305	112.472	108.613
-139.159	105.206	108.944
-137.902	109.233	113.114
-136.371	112.959	116.973
-133.111	115.533	119.638
-130.177	118.383	122.589
-126.961	121.111	125.414
-124.021	123.971	128.376
-121.343	127.352	131.876
-118.573	130.703	135.347
-115.125	134.006	138.767
-112.299	137.619	142.508
-108.418	140.257	145.24
-106.414	145.373	150.539
-100.609	145.604	150.777
-95.804	146.988	152.21
-90.052	147.148	152.376
-84.337	146.961	152.183
-79.148	147.421	152.659
-73.47	147.437	152.675
-68.316	147.698	152.946
-62.959	147.647	152.893
-58.014	148.136	153.399
-52.543	147.418	152.656
-47.53	147.597	152.841
-42.684	148.221	153.487
-37.524	148.065	153.325
-32.654	148.181	153.446
-27.544	147.508	152.749
-22.739	147.955	153.212
-17.798	148.787	154.073
-12.956	149.15	154.449
-7.984	148.38	153.652
-3.209	148.623	153.903
1.569	148.045	153.305
6.473	148.502	153.778
11.372	148.412	153.685
16.313	149.182	154.483
20.518	144.308	149.435
26.179	149.115	154.413
31.094	149.256	154.559
36.219	149.348	154.655
41.332	149.891	155.217
46.495	150.137	155.471
51.596	149.831	155.154
56.528	149.149	154.448
61.857	149.697	155.016
67.156	149.519	154.832
72.817	150.088	155.42
77.844	149.456	154.766
83.543	149.716	155.036
88.563	148.524	153.801
95.438	150.449	155.794
100.973	149.885	155.21
107.277	150.183	155.52
113.525	150.288	155.628
119.301	149.604	154.92
125.461	149.349	154.655
132.355	149.577	154.892
140.116	150.778	156.135
146.342	149.831	155.155
132.981	129.507	134.108
137.901	127.847	132.389
144.659	128.187	132.741
177.754	150.71	156.065
185.74	150.57	155.92
149.35	115.223	119.317
155.655	114.754	118.831
147.64	103.741	107.426
178.835	104.993	108.724
186.721	104.742	108.464
194.777	104.351	108.058
-100.84	64.523	71.66
-113.801	79.458	88.248
-139.726	101.308	112.514
-140.618	106.762	118.571
-137.74	109.415	121.517
-136.402	113.467	126.018
-132.363	115.294	128.047
-129.253	118.088	131.15
-126.348	121.021	134.408
-123.436	124.051	137.773
-121.777	128.523	142.739
-118.394	131.846	146.43
-115.6	135.423	150.403
-110.03	136.041	151.089
-104.263	136.371	151.455
-98.93	136.765	151.892
-93.741	137.638	152.862
-87.772	137.008	152.163
-82.425	137.37	152.565
-77.638	138.256	153.549
-72.415	138.633	153.968
-66.836	137.896	153.149
-61.662	138.046	153.316
-56.746	138.38	153.687
-51.268	137.111	152.277
-46.506	137.526	152.738
-41.796	138.235	153.526
-37.044	138.586	153.915
-32.194	138.704	154.046
-27.226	137.509	152.719
-22.534	138.023	153.291
-17.867	138.833	154.189
-13.013	138.035	153.303
-8.318	137.829	153.075
-3.602	138.071	153.343
1.014	138.157	153.439
5.688	138.14	153.42
10.472	138.768	154.118
15.214	139.041	154.421
20.091	139.217	154.617
24.922	139.592	155.032
29.69	139.427	154.849
34.627	139.866	155.337
39.463	140.125	155.625
44.394	139.942	155.421
49.547	140.283	155.8
54.487	140.031	155.52
59.648	140.2	155.707
64.593	140.003	155.489
69.905	140.179	155.685
75.256	140.374	155.901
80.622	140.307	155.826
85.898	140.056	155.548
91.48	140.255	155.768
97.204	140.181	155.687
102.695	139.63	155.075
109.619	140.997	156.593
115.083	140.181	155.687
121.604	140.581	156.131
128.298	140.78	156.352
133.996	139.895	155.37
141.107	140.312	155.832
148.37	140.558	156.105
155.455	140.494	156.035
161.879	139.502	154.932
171.626	141.263	156.889
179.721	141.349	156.983
188.19	141.473	157.122
198.516	142.602	158.375
160.966	110.023	122.193
187.622	123.035	136.644
155.912	97.179	107.928
181.741	99.027	109.98
189.879	98.764	109.689
196.786	97.657	108.459
-102.045	62.008	73.898
-98.52	62.641	74.652
-97.766	65.04	77.512
-105.097	72.881	86.856
-141.697	106.701	127.161
-139.703	110.031	131.13
-135.636	112.032	133.515
-133.942	115.889	138.111
-130.838	118.588	141.328
-127.954	121.65	144.977
-125.723	125.714	149.82
-120.513	126.487	150.742
-114.452	126.864	151.191
-108.515	126.732	151.033
-102.45	126.504	150.762
-96.879	126.624	150.904
-91.197	126.25	150.459
-86.177	126.735	151.037
-80.889	126.796	151.109
-75.356	126.494	150.75
-70.673	127.18	151.567
-65.413	126.696	150.991
-60.504	126.591	150.865
-55.916	127.176	151.562
-50.953	127.072	151.439
-46.119	126.826	151.146
-41.415	126.773	151.082
-36.61	126.778	151.088
-32.189	127.044	151.406
-27.684	127.628	152.101
-22.977	127.771	152.272
-18.449	127.913	152.44
-14.032	127.983	152.524
-9.411	127.386	151.812
-4.832	127.941	152.475
-0.326	127.995	152.538
4.086	128.402	153.024
8.65	128.148	152.72
13.268	127.984	152.526
17.742	127.938	152.47
22.267	127.791	152.295
26.84	128.076	152.635
31.565	128.785	153.48
36.259	128.29	152.889
40.611	127.241	151.64
45.672	128.278	152.876
50.38	128.244	152.835
55.248	128.464	153.097
60.547	129.186	153.958
65.352	128.807	153.506
70.857	129.968	154.89
75.883	129.597	154.448
80.891	128.998	153.734
86.659	129.945	154.863
91.937	129.675	154.541
97.644	129.852	154.752
103.326	129.65	154.511
108.623	129.183	153.955
114.729	129.357	154.161
121.429	129.983	154.908
126.858	129.003	153.74
134.203	130.023	154.955
139.866	129.22	153.999
147.084	129.385	154.195
155.074	130.199	155.165
162.2	129.978	154.902
169.834	130.172	155.133
177.656	130.071	155.013
186.711	130.544	155.577
195.711	130.84	155.929
166.028	101.053	120.431
168.965	98.114	116.927
167.34	92.888	110.699
168.309	89.083	106.165
195.152	90.045	107.312
-104.969	60.33	77.219
-100.775	60.671	77.655
-98.017	61.845	79.158
-95.997	63.414	81.166
-98.347	67.802	86.782
-134.794	100.84	129.069
-141.553	110.61	141.574
-137.131	112.356	143.809
-135.171	116.199	148.729
-129.751	117.049	149.816
-123.86	117.283	150.116
-117.295	116.839	149.547
-111.61	117.31	150.151
-106.096	117.687	150.633
-100.37	117.684	150.629
-94.232	116.918	149.648
-89.21	117.281	150.113
-84.564	117.973	150.999
-78.718	117.002	149.755
-73.954	117.365	150.221
-69.151	117.668	150.608
-64.15	117.504	150.398
-59.494	117.623	150.55
-54.835	118.222	151.317
-49.973	117.509	150.405
-45.195	117.307	150.146
-40.803	117.868	150.865
-36.573	118.597	151.798
-31.926	118.45	151.609
-27.496	118.341	151.47
-22.866	118.389	151.531
-18.446	118.279	151.39
-14.08	118.398	151.543
-9.749	118.871	152.148
-5.363	118.669	151.889
-0.894	118.775	152.025
3.476	118.896	152.18
7.835	118.648	151.862
12.229	119.355	152.767
16.826	119.529	152.99
21.175	119.034	152.357
25.591	119.171	152.532
30.177	118.982	152.289
34.465	118.821	152.084
39.324	119.331	152.737
43.9	119.293	152.688
48.578	119.397	152.822
53.107	119.414	152.843
58.051	119.696	153.204
62.599	119.277	152.667
67.338	119.028	152.349
72.466	119.525	152.986
77.752	119.985	153.573
82.821	119.58	153.055
88.531	120.557	154.306
93.187	119.527	152.987
99.721	120.818	154.641
104.604	120.012	153.609
109.932	119.398	152.822
116.534	120.22	153.875
122.267	119.81	153.349
128.462	119.917	153.486
135.389	120.434	154.149
143.126	121.492	155.502
149.214	120.604	154.366
156.63	121.027	154.908
163.495	120.559	154.308
170.917	120.584	154.34
178.321	120.27	153.938
186.53	120.225	153.881
198.378	122.2	156.409
170.95	95.81	122.631
191.929	102.944	131.763
194.044	99.469	127.314
181.762	88.714	113.548
176.234	81.946	104.887
-108.825	57.627	79.317
-104.695	57.921	79.721
-101.564	58.857	81.01
-99.174	60.167	82.812
-98.863	62.829	86.476
-97.243	64.464	88.727
-144.804	108.94	149.943
-139.842	110.389	151.937
-131.915	109.27	150.398
-125.75	109.261	150.384
-119.853	109.523	150.746
-113.7	109.26	150.383
-107.979	109.586	150.832
-101.849	109.121	150.191
-96.792	109.509	150.726
-90.776	108.645	149.537
-86.03	109.453	150.649
-80.976	109.464	150.665
-75.796	109.153	150.236
-71.198	109.557	150.792
-66.433	109.698	150.986
-61.513	109.447	150.641
-56.918	109.75	151.057
-52.428	109.955	151.34
-48.141	110.282	151.79
-43.683	110.529	152.13
-39.002	110.367	151.907
-34.416	109.817	151.15
-30.341	110.454	152.027
-25.776	110.424	151.986
-21.523	110.502	152.093
-17.361	110.725	152.4
-12.973	110.785	152.483
-8.581	110.668	152.321
-4.423	110.841	152.559
-0.051	110.709	152.378
4.158	110.624	152.26
8.507	111.052	152.85
12.748	111.074	152.88
17.163	111.459	153.41
21.466	111.009	152.79
25.852	111.427	153.366
30.322	111.543	153.525
34.681	111.342	153.249
38.907	111.009	152.79
43.662	111.301	153.193
48.095	111.183	153.031
52.589	110.875	152.606
57.242	111.243	153.113
61.726	111.045	152.841
66.694	111.28	153.164
71.545	111.272	153.152
76.588	111.422	153.359
81.974	111.981	154.128
87.18	112.037	154.206
91.755	111.193	153.043
98.009	112.38	154.678
103.866	112.809	155.268
108.771	111.861	153.963
114.763	112.266	154.521
120.22	111.86	153.962
126.509	111.881	153.991
132.959	112.001	154.156
139.799	112.325	154.602
147.475	113.224	155.84
153.711	112.573	154.943
159.801	111.878	153.986
168.595	112.627	155.018
176.122	112.481	154.816
184.639	112.691	155.107
194.486	113.508	156.231
199.064	111.096	152.91
192.795	102.709	141.367
216.246	110.309	151.828
200.05	97.2	133.785
186.122	86.147	118.571
185.114	81.76	112.533
182.235	76.713	105.587
-108.306	55.497	82.277
-105.101	56.447	83.685
-104.039	58.369	86.535
-100.73	59.292	87.904
-99.406	61.163	90.678
-98.753	63.526	94.181
-99.35	66.947	99.253
-119.253	87.596	129.867
-132.868	101.971	151.178
-125.84	101.318	150.211
-120.187	101.721	150.807
-114.629	101.961	151.164
-108.004	101.263	150.129
-102.755	101.754	150.857
-97.254	101.611	150.645
-91.64	101.323	150.217
-86.459	101.22	150.065
-81.837	101.664	150.723
-77.086	102.015	151.243
-71.985	101.702	150.779
-67.729	102.403	151.819
-62.973	102.269	151.62
-58.439	102.667	152.21
-53.911	102.492	151.951
-49.473	102.799	152.406
-44.816	102.414	151.835
-40.365	102.476	151.927
-36.272	102.996	152.698
-31.958	103.158	152.939
-27.688	103.021	152.734
-23.429	103.435	153.349
-19.004	103.002	152.706
-14.829	102.851	152.483
-10.785	103.219	153.028
-6.447	103.234	153.051
-2.265	103.191	152.987
1.861	103.152	152.929
6.095	103.255	153.081
10.434	103.244	153.066
14.492	103.329	153.192
18.864	104.19	154.468
23.113	104.091	154.322
27.403	103.695	153.734
31.732	103.606	153.602
36.063	103.746	153.809
40.385	103.332	153.197
44.761	103.141	152.913
49.389	103.636	153.647
53.855	103.637	153.649
58.264	103.431	153.343
62.967	103.541	153.506
67.579	103.387	153.278
72.566	103.677	153.708
77.524	103.777	153.856
82.598	103.817	153.915
87.662	104.011	154.203
93.158	104.057	154.27
98.289	104.122	154.367
104.71	104.956	155.604
110.388	105.055	155.751
115.675	104.529	154.971
121.206	104.306	154.64
128.247	104.958	155.606
133.598	104.194	154.474
139.753	104.061	154.277
147.176	104.573	155.035
154.468	104.843	155.435
162.381	105.207	155.976
168.908	104.727	155.265
176.845	104.837	155.427
185.379	104.971	155.626
195.456	105.836	156.909
203.87	105.441	156.322
213.12	105.495	156.403
224.208	106.021	157.182
235.443	106.318	157.623
180.089	77.23	114.498
184.037	75.286	111.616
186.61	72.644	107.699
-112.914	52.909	84.671
-108.9	53.52	85.65
-106.315	54.733	87.591
-103.622	55.756	89.228
-103.57	58.247	93.215
-100.908	59.42	95.092
-99.697	61.449	98.339
-98.869	63.876	102.223
-98.812	66.72	106.774
-126.246	92.877	148.634
-121.774	94.057	150.522
-115.59	93.985	150.408
-110.326	94.19	150.735
-104.395	94.092	150.579
-98.851	93.897	150.267
-93.889	94.254	150.838
-89.024	94.491	151.217
-83.788	94.276	150.874
-78.905	94.468	151.18
-74.331	94.729	151.599
-69.404	94.424	151.11
-64.884	94.547	151.307
-60.226	94.696	151.545
-56.021	95.057	152.123
-51.684	95.318	152.54
-47.19	94.984	152.006
-42.991	95.351	152.594
-38.459	95.243	152.421
-34.318	95.079	152.159
-29.944	94.822	151.747
-25.869	95.279	152.478
-21.576	95.045	152.103
-17.499	95.213	152.373
-13.469	95.344	152.582
-9.25	95.525	152.872
-5.109	95.44	152.736
-1.082	95.529	152.879
3.0	95.558	152.924
7.193	95.681	153.121
11.284	95.623	153.028
15.476	95.538	152.892
19.597	96.031	153.682
23.752	96.008	153.645
27.971	95.782	153.283
32.372	96.213	153.973
36.552	96.008	153.645
40.813	96.068	153.741
45.268	96.325	154.152
49.78	96.344	154.182
53.848	95.948	153.55
58.551	95.938	153.533
63.235	96.124	153.831
68.209	96.594	154.583
72.791	96.379	154.238
77.399	96.115	153.816
82.442	96.212	153.971
87.093	95.951	153.554
92.764	96.607	154.604
98.278	96.798	154.909
103.67	96.793	154.9
108.676	96.32	154.145
114.911	96.686	154.73
120.394	96.561	154.531
126.554	96.671	154.706
133.63	97.354	155.8
139.218	96.635	154.648
146.261	96.895	155.065
153.713	97.344	155.784
160.861	97.416	155.898
168.019	97.113	155.413
176.469	97.527	156.075
184.098	97.292	155.699
192.382	97.115	155.416
203.816	98.483	157.605
212.406	98.115	157.017
222.087	97.935	156.728
175.428	73.491	117.611
178.821	71.488	114.405
193.842	73.906	118.274
189.364	68.685	109.92