0	0	0
-70	18	11
-69	24	14
-120	64	37
-99	61	35
-85	60	35
-80	60	35
-77	60	35
-73	59	34
-71	60	35
-68	61	35
-64	61	35
-61	60	35
-58	60	35
-55	60	34
-52	59	34
-50	59	34
-47	59	34
-45	59	34
-42	59	34
-40	59	34
-38	58	34
-36	58	34
-34	58	34
-32	58	33
-30	58	33
-28	58	33
-26	58	33
-24	57	33
-23	57	33
-21	57	33
-19	57	33
-18	57	33
-16	57	33
-14	57	33
-13	56	33
-12	56	32
-10	56	32
-8	56	32
-7	56	32
-5	56	32
-4	56	32
-3	56	32
-1	56	32
0	56	32
2	56	32
3	56	32
5	55	32
6	55	32
8	55	32
9	55	32
10	55	32
12	55	32
13	55	32
15	55	32
16	55	32
18	55	32
19	55	31
20	54	31
22	54	31
24	54	31
25	54	31
27	55	31
28	54	31
30	54	31
32	54	31
34	54	31
35	54	31
37	54	31
39	54	31
41	54	31
43	54	31
45	54	31
47	54	31
49	53	31
51	53	31
53	53	31
55	53	31
58	53	31
60	53	31
63	53	31
66	53	31
69	53	31
71	53	30
75	53	31
78	53	30
81	53	30
85	52	30
93	52	30
94	45	26
-70	18	10
-137	64	37
-113	62	36
-95	61	35
-82	60	35
-77	60	35
-73	59	34
-70	59	34
-68	60	35
-65	60	35
-62	60	35
-59	60	35
-56	59	34
-53	59	34
-50	59	34
-48	59	34
-45	59	34
-43	58	34
-41	58	34
-38	58	34
-36	58	34
-34	58	33
-32	58	33
-31	58	33
-28	58	33
-27	57	33
-25	57	33
-23	57	33
-22	57	33
-20	57	33
-18	57	33
-16	57	33
-15	56	33
-13	56	33
-12	56	32
-10	56	32
-9	56	32
-7	56	32
-6	56	32
-4	56	32
-3	56	32
-1	56	32
0	56	32
2	56	32
3	56	32
5	55	32
6	55	32
7	55	32
9	55	32
10	55	32
12	55	32
13	55	32
15	55	32
16	55	32
18	55	32
19	55	31
20	54	31
22	55	31
23	54	31
25	54	31
27	54	31
28	54	31
30	54	31
32	54	31
33	54	31
35	54	31
37	54	31
39	54	31
41	53	31
43	54	31
45	54	31
47	54	31
49	53	31
51	53	31
53	53	31
55	53	31
58	53	31
60	53	31
63	53	31
66	53	31
68	53	30
72	53	30
75	53	31
78	53	30
81	53	30
84	52	30
93	52	30
94	45	26
-195	60	31
-70	25	13
-137	66	33
-114	64	33
-97	64	32
-83	62	32
-79	62	32
-75	62	32
-71	62	31
-69	63	32
-66	63	32
-63	62	32
-60	62	32
-57	62	32
-54	62	31
-51	62	31
-49	61	31
-46	61	31
-44	61	31
-41	60	31
-39	61	31
-37	60	31
-35	61	31
-33	60	31
-31	60	31
-29	60	31
-27	60	30
-25	59	30
-24	59	30
-22	59	30
-20	59	30
-18	59	30
-17	59	30
-15	59	30
-14	59	30
-12	59	30
-10	58	30
-9	58	30
-8	58	30
-6	58	30
-4	58	30
-3	58	30
-2	58	30
0	58	29
1	58	29
3	58	29
4	58	29
6	58	29
7	57	29
9	57	29
10	57	29
11	57	29
13	57	29
14	57	29
16	57	29
17	57	29
19	57	29
20	57	29
22	57	29
24	56	29
25	56	29
27	57	29
28	56	29
30	56	29
32	56	29
33	56	29
35	56	29
37	56	28
39	56	29
41	56	29
43	56	29
44	56	28
46	56	28
48	55	28
50	55	28
53	55	28
55	55	28
58	55	28
60	55	28
63	55	28
66	55	28
68	55	28
71	55	28
74	55	28
78	55	28
81	55	28
85	55	28
92	54	28
94	53	27
94	47	24
-71	19	10
-68	25	13
-136	66	34
-112	64	33
-103	65	33
-88	64	33
-81	62	32
-77	62	32
-73	62	31
-70	62	32
-68	63	32
-65	63	32
-62	62	32
-58	62	32
-56	62	32
-53	62	31
-50	62	31
-48	61	31
-45	61	31
-43	61	31
-41	61	31
-38	61	31
-36	60	31
-34	60	31
-32	60	31
-30	60	31
-28	60	30
-26	60	30
-24	59	30
-23	59	30
-21	59	30
-19	59	30
-18	59	30
-16	59	30
-15	59	30
-13	59	30
-11	59	30
-10	58	30
-8	58	30
-7	58	30
-5	58	30
-4	58	30
-2	58	30
-1	58	29
1	58	29
2	58	29
3	58	29
5	58	29
6	57	29
8	57	29
9	57	29
11	57	29
12	57	29
14	57	29
15	57	29
17	57	29
18	57	29
20	57	29
21	57	29
23	57	29
24	56	29
26	57	29
27	56	29
29	57	29
31	56	29
33	56	29
34	56	29
36	56	28
38	56	28
40	56	28
42	56	28
44	56	28
45	55	28
48	56	28
50	55	28
52	55	28
54	55	28
57	55	28
59	55	28
62	55	28
65	55	28
67	55	28
70	55	28
73	55	28
76	55	28
80	55	28
83	55	28
93	53	27
94	48	25
95	46	24
-70	19	9
-69	25	11
-113	65	29
-100	64	29
-85	63	28
-81	63	28
-77	63	28
-73	62	28
-70	63	28
-68	64	28
-64	63	28
-61	63	28
-58	63	28
-56	63	28
-53	62	28
-50	62	28
-48	62	28
-45	61	27
-43	61	27
-41	61	27
-39	61	27
-36	61	27
-34	61	27
-32	61	27
-30	61	27
-29	60	27
-27	60	27
-25	60	27
-23	60	27
-21	60	27
-20	59	26
-18	60	27
-16	60	26
-15	59	26
-13	59	26
-12	59	26
-10	59	26
-9	59	26
-7	59	26
-6	59	26
-4	59	26
-3	58	26
-1	58	26
0	58	26
1	58	26
3	58	26
4	58	26
6	58	26
7	58	26
8	58	26
10	58	26
11	58	26
13	58	26
14	58	26
16	58	26
17	57	26
18	57	26
20	57	25
22	57	25
23	57	25
24	57	25
26	57	25
28	57	25
29	57	25
31	57	25
33	57	25
35	57	25
36	56	25
38	56	25
40	57	25
42	56	25
44	56	25
46	56	25
48	56	25
50	56	25
52	56	25
54	56	25
57	56	25
59	55	25
62	56	25
64	56	25
67	56	25
70	56	25
73	55	25
76	55	25
80	55	25
83	55	25
94	54	24
94	49	22
94	46	21
-194	61	27
-69	25	11
-137	67	30
-113	65	29
-82	63	28
-77	63	28
-73	62	28
-71	63	28
-68	63	28
-65	63	28
-62	63	28
-59	63	28
-56	62	28
-53	62	28
-50	62	28
-48	62	28
-45	62	27
-43	61	27
-41	61	27
-39	61	27
-36	61	27
-34	61	27
-32	61	27
-30	61	27
-29	60	27
-27	60	27
-25	60	27
-23	60	27
-22	60	27
-20	60	27
-18	60	27
-17	60	26
-15	59	26
-13	59	26
-12	59	26
-10	59	26
-9	59	26
-7	59	26
-6	59	26
-4	59	26
-3	58	26
-1	58	26
0	58	26
2	58	26
3	58	26
4	58	26
6	58	26
7	58	26
9	58	26
10	58	26
11	58	26
13	58	26
14	58	26
16	58	26
17	57	26
19	57	26
20	57	25
22	57	25
23	57	25
25	57	25
26	57	25
28	57	25
30	57	25
31	57	25
33	57	25
35	57	25
37	57	25
38	56	25
40	56	25
42	56	25
44	56	25
46	56	25
48	56	25
50	56	25
52	56	25
55	56	25
57	56	25
59	56	25
62	56	25
65	56	25
68	56	25
71	56	25
74	56	25
77	55	25
80	55	25
84	55	25
94	53	24
94	48	22
-71	20	8
-69	24	9
-137	65	25
-113	64	24
-100	63	24
-86	62	24
-81	62	24
-77	61	24
-73	61	23
-70	61	24
-68	62	24
-64	62	24
-61	61	24
-58	61	23
-55	61	23
-53	61	23
-47	60	23
-41	60	23
-37	61	23
-34	59	23
-33	59	23
-31	59	23
-29	59	23
-27	59	23
-25	59	23
-24	59	23
-22	58	22
-20	58	22
-19	58	22
-17	58	22
-15	58	22
-14	58	22
-12	58	22
-11	58	22
-9	58	22
-8	58	22
-7	57	22
-5	57	22
-4	57	22
-2	57	22
-1	57	22
0	57	22
2	57	22
3	57	22
5	57	22
6	57	22
7	56	22
8	57	22
10	56	22
11	56	22
13	56	22
14	56	22
15	56	21
17	56	22
18	56	21
19	56	21
21	56	21
22	56	21
24	56	21
26	56	21
27	55	21
28	55	21
30	56	21
32	55	21
33	55	21
35	55	21
37	55	21
39	55	21
40	55	21
42	55	21
44	55	21
46	55	21
48	55	21
51	55	21
53	55	21
55	54	21
57	54	21
60	54	21
62	54	21
65	54	21
68	54	21
71	54	21
74	54	21
77	54	21
81	54	21
84	54	21
93	54	21
94	52	20
93	46	18
-70	19	7
-70	24	9
-68	25	10
-138	65	25
-114	64	24
-97	63	24
-82	62	24
-78	62	24
-74	61	23
-70	61	23
-68	62	24
-65	62	24
-62	62	24
-59	61	23
-56	61	23
-53	61	23
-50	61	23
-49	61	23
-41	61	23
-35	59	23
-33	59	23
-31	59	23
-29	59	23
-27	59	23
-25	59	23
-24	59	23
-22	58	22
-21	58	22
-19	58	22
-17	58	22
-16	58	22
-14	58	22
-13	58	22
-11	58	22
-10	58	22
-8	58	22
-7	57	22
-5	57	22
-4	57	22
-3	57	22
-1	57	22
0	57	22
1	57	22
3	57	22
4	57	22
6	57	22
7	57	22
8	57	22
9	56	22
11	56	22
12	56	22
14	56	22
15	56	22
17	56	22
18	56	21
19	56	21
21	56	21
22	56	21
24	56	21
25	56	21
27	55	21
28	55	21
30	56	21
32	55	21
33	55	21
35	55	21
37	55	21
38	55	21
40	55	21
42	55	21
44	55	21
46	55	21
48	55	21
50	55	21
53	55	21
55	54	21
57	54	21
60	54	21
62	54	21
65	54	21
68	54	21
71	54	21
74	54	21
77	54	21
81	54	21
84	54	21
93	54	21
94	52	20
93	46	18
-72	19	6
-71	24	8
-70	25	8
-140	65	21
-116	64	21
-98	63	20
-83	62	20
-78	61	20
-74	61	20
-71	61	20
-69	62	20
-66	62	20
-62	61	20
-59	61	20
-56	61	20
-54	61	20
-50	60	19
-47	58	19
-44	58	19
-42	58	19
-40	58	19
-38	58	19
-35	59	19
-33	59	19
-31	59	19
-30	59	19
-28	59	19
-26	59	19
-24	58	19
-23	58	19
-21	58	19
-19	58	19
-18	58	19
-16	58	19
-15	58	19
-13	58	19
-12	58	19
-10	58	19
-9	58	19
-7	57	19
-6	57	19
-5	57	18
-3	57	18
-2	57	18
-1	57	18
1	57	18
2	57	18
3	57	18
5	56	18
6	57	18
7	56	18
8	56	18
10	56	18
11	56	18
13	56	18
14	56	18
15	56	18
17	56	18
18	56	18
20	56	18
21	56	18
22	56	18
24	55	18
25	55	18
27	55	18
28	55	18
30	55	18
31	55	18
33	55	18
35	55	18
37	55	18
38	55	18
40	55	18
42	55	18
44	55	18
46	55	18
48	54	18
50	55	18
52	55	18
55	54	18
57	54	18
59	54	18
62	54	18
64	54	18
67	54	18
70	54	18
73	54	18
77	54	17
80	54	17
84	54	17
96	56	18
93	52	17
94	47	15
-72	19	6
-71	24	8
-70	25	8
-140	65	21
-116	64	21
-98	63	20
-83	62	20
-78	61	20
-74	61	20
-71	61	20
-69	62	20
-66	62	20
-62	62	20
-59	61	20
-56	61	20
-53	61	20
-50	60	19
-47	58	19
-44	58	19
-42	58	19
-40	58	19
-38	58	19
-35	59	19
-33	59	19
-31	59	19
-30	59	19
-28	59	19
-26	59	19
-24	58	19
-23	58	19
-21	58	19
-19	58	19
-18	58	19
-16	58	19
-15	58	19
-13	58	19
-12	58	19
-10	58	19
-9	58	19
-8	58	19
-6	57	19
-5	57	18
-3	57	18
-2	57	18
-1	57	18
0	57	18
2	57	18
3	57	18
4	57	18
6	57	18
7	56	18
9	56	18
10	56	18
11	56	18
13	56	18
14	56	18
15	56	18
17	56	18
18	56	18
20	56	18
21	56	18
22	56	18
24	56	18
25	55	18
27	55	18
28	55	18
30	55	18
31	55	18
33	55	18
35	55	18
37	55	18
38	55	18
40	55	18
42	55	18
44	55	18
46	54	18
48	54	18
50	55	18
52	54	18
55	55	18
57	54	18
59	54	18
62	54	18
64	54	18
67	54	17
70	54	17
73	54	18
77	54	18
80	54	17
84	54	17
96	56	18
94	52	17
94	47	15
-70	18	5
-69	23	6
-138	64	17
-114	63	17
-102	62	17
-85	61	16
-81	61	16
-77	60	16
-73	60	16
-70	60	16
-67	61	16
-64	60	16
-61	60	16
-58	60	16
-55	60	16
-52	59	16
-50	59	16
-38	58	16
-36	58	16
-34	58	16
-33	58	16
-31	58	16
-29	57	15
-27	58	15
-25	58	15
-24	57	15
-22	57	15
-21	57	15
-19	57	15
-18	57	15
-16	57	15
-15	57	15
-13	57	15
-12	56	15
-10	57	15
-9	56	15
-8	56	15
-6	56	15
-5	56	15
-4	56	15
-2	56	15
-1	56	15
0	56	15
1	56	15
3	56	15
4	56	15
5	55	15
6	55	15
8	55	15
9	55	15
10	55	15
12	55	15
13	55	15
14	55	15
16	55	15
17	55	15
18	55	15
20	55	15
21	55	15
22	55	15
24	54	15
25	54	15
27	54	15
28	54	15
30	54	15
32	54	15
33	54	14
35	54	14
36	54	14
38	54	14
40	54	14
42	54	14
44	54	14
46	54	14
47	53	14
49	53	14
52	53	14
54	53	14
56	53	14
59	53	14
61	53	14
64	53	14
67	53	14
70	53	14
72	53	14
76	53	14
79	53	14
83	53	14
83	50	13
93	51	14
94	46	12
-69	18	5
-69	23	6
-138	65	17
-114	63	17
-101	62	17
-86	61	16
-81	61	16
-76	60	16
-72	60	16
-70	61	16
-67	61	16
-64	60	16
-61	60	16
-58	60	16
-55	60	16
-52	60	16
-50	59	16
-38	59	16
-36	58	16
-34	58	16
-33	58	16
-31	58	16
-29	58	15
-27	58	15
-26	58	15
-24	57	15
-22	57	15
-21	57	15
-19	57	15
-17	57	15
-16	57	15
-15	57	15
-13	57	15
-12	57	15
-10	57	15
-9	56	15
-8	56	15
-6	56	15
-5	56	15
-4	56	15
-2	56	15
-1	56	15
0	56	15
1	56	15
3	56	15
4	56	15
6	55	15
7	55	15
8	55	15
9	55	15
11	55	15
12	55	15
13	55	15
14	55	15
16	55	15
17	55	15
18	55	15
20	55	15
21	55	15
23	55	15
24	54	15
25	54	15
27	54	15
28	54	15
30	54	15
32	54	15
33	54	14
35	54	14
36	54	14
38	54	14
40	54	14
42	54	14
44	54	14
46	54	14
47	53	14
49	53	14
52	54	14
54	53	14
56	53	14
59	53	14
61	53	14
64	53	14
67	53	14
70	53	14
72	53	14
76	53	14
79	53	14
83	53	14
83	50	13
93	51	14
94	46	12
-66	16	3
-71	19	4
-70	24	5
-117	62	13
-50	30	6
-47	29	6
-79	60	13
-75	60	13
-71	59	13
-70	61	13
-66	60	13
-63	60	13
-60	60	13
-57	59	13
-54	59	13
-51	59	13
-36	58	12
-34	58	12
-32	57	12
-30	57	12
-28	57	12
-27	57	12
-25	57	12
-23	57	12
-22	57	12
-20	57	12
-19	57	12
-17	56	12
-16	56	12
-14	56	12
-13	56	12
-12	56	12
-10	56	12
-9	56	12
-8	56	12
-6	56	12
-5	56	12
-4	55	12
-2	55	12
-1	55	12
0	55	12
2	55	12
3	55	12
4	55	12
5	55	12
7	55	12
8	55	12
9	55	12
10	55	12
12	55	12
13	54	12
14	54	12
15	54	12
17	54	12
18	54	12
19	54	12
21	54	11
22	54	11
23	54	11
25	54	11
26	54	11
28	54	11
29	54	11
31	54	11
32	54	11
34	53	11
36	53	11
37	53	11
39	53	11
41	53	11
43	53	11
44	53	11
46	53	11
48	53	11
51	53	11
53	53	11
55	53	11
58	53	11
60	53	11
62	52	11
65	53	11
69	53	11
71	53	11
75	52	11
78	52	11
81	52	11
93	52	11
94	47	10
94	44	9
94	39	8
-70	18	4
-71	23	5
-138	64	14
-113	62	13
-47	29	6
-80	60	13
-76	60	13
-72	59	13
-70	60	13
-67	60	13
-63	60	13
-60	60	13
-57	60	13
-54	59	13
-52	59	13
-36	58	12
-34	58	12
-32	58	12
-30	57	12
-29	57	12
-27	57	12
-25	57	12
-24	57	12
-22	57	12
-20	57	12
-19	56	12
-17	57	12
-16	56	12
-15	56	12
-13	56	12
-12	56	12
-10	56	12
-9	56	12
-8	56	12
-6	56	12
-5	56	12
-4	55	12
-2	55	12
-1	55	12
0	55	12
1	55	12
2	55	12
4	55	12
5	55	12
6	55	12
8	55	12
9	55	12
10	55	12
11	55	12
13	54	12
14	55	12
15	54	12
16	54	12
18	54	12
19	54	12
21	54	11
22	54	12
23	54	11
25	54	11
26	54	11
28	54	11
29	54	11
31	54	11
32	54	11
34	54	11
35	54	11
37	53	11
39	53	11
41	53	11
42	53	11
44	53	11
46	53	11
48	53	11
50	53	11
53	53	11
55	53	11
57	53	11
60	52	11
62	52	11
66	53	11
69	53	11
71	52	11
74	52	11
77	52	11
81	52	11
83	51	11
93	52	11
93	44	9
94	40	8
-105	14	2
-105	17	3
-103	19	3
-103	21	3
-68	17	3
-71	22	4
-68	28	4
-89	61	10
-82	59	9
-77	59	9
-74	59	9
-70	58	9
-66	58	9
-63	58	9
-60	57	9
-57	57	9
-54	57	9
-52	57	9
-36	56	9
-34	55	9
-32	55	9
-30	55	9
-29	55	9
-27	55	9
-25	55	9
-24	54	9
-22	54	9
-21	55	9
-19	54	9
-18	54	9
-17	54	9
-15	54	9
-14	54	9
-13	54	9
-11	54	9
-10	54	9
-9	53	8
-7	53	8
-6	53	8
-5	53	8
-4	53	8
-3	53	8
-1	53	8
0	53	8
1	53	8
2	53	8
4	53	8
5	53	8
6	53	8
7	52	8
8	52	8
9	52	8
11	52	8
12	52	8
13	52	8
14	52	8
16	52	8
17	52	8
18	52	8
19	52	8
21	52	8
22	52	8
23	52	8
25	52	8
26	52	8
27	52	8
29	52	8
30	51	8
32	51	8
33	51	8
35	51	8
37	51	8
38	51	8
40	51	8
42	51	8
41	47	7
39	43	7
39	41	7
38	38	6
38	37	6
39	35	6
38	34	5
41	34	5
44	35	6
45	34	5
73	50	8
76	50	8
79	50	8
83	50	8
81	46	7
93	50	8
94	48	8
94	43	7
94	38	6
93	35	6
-105	15	2
-104	17	3
-103	19	3
-105	22	4
-69	17	3
-71	22	4
-70	27	4
-68	29	5
-86	60	9
-81	59	9
-77	59	9
-73	58	9
-69	58	9
-65	58	9
-62	57	9
-59	57	9
-56	57	9
-54	57	9
-51	57	9
-43	53	8
-35	55	9
-34	55	9
-32	55	9
-30	55	9
-29	55	9
-27	55	9
-25	55	9
-23	55	9
-22	54	9
-20	54	9
-19	54	9
-18	54	9
-16	54	9
-15	54	9
-13	54	9
-12	54	8
-11	54	9
-9	54	8
-8	53	8
-7	53	8
-6	53	8
-5	53	8
-3	53	8
-2	53	8
-1	53	8
0	53	8
1	53	8
3	53	8
4	53	8
5	53	8
6	53	8
7	52	8
9	52	8
10	52	8
11	52	8
12	52	8
14	52	8
15	52	8
16	52	8
17	52	8
19	52	8
20	52	8
21	52	8
22	52	8
24	52	8
25	52	8
27	51	8
28	51	8
29	51	8
31	51	8
32	51	8
34	51	8
36	51	8
37	51	8
39	51	8
41	51	8
42	51	8
40	45	7
39	43	7
38	40	6
38	38	6
39	37	6
38	34	5
40	34	5
42	34	5
44	35	6
45	34	5
74	50	8
77	50	8
81	50	8
85	50	8
93	49	8
94	45	7
93	42	7
93	37	6
-105	15	2
-105	17	2
-102	19	2
-71	17	2
-69	22	2
-70	28	3
-125	64	7
-86	60	6
-81	59	6
-77	59	6
-73	59	6
-69	58	6
-66	58	6
-62	58	6
-59	58	6
-56	57	6
-53	57	6
-51	57	6
-49	57	6
-40	57	6
-37	56	6
-35	56	6
-34	56	6
-32	56	6
-30	56	6
-28	55	6
-27	55	6
-25	55	6
-23	55	6
-22	55	6
-21	55	6
-19	55	6
-18	55	6
-16	54	6
-15	54	6
-14	54	6
-12	54	6
-11	54	6
-10	54	6
-8	54	6
-7	54	6
-6	54	6
-4	54	6
-3	54	6
-2	53	6
-1	53	6
0	53	6
2	53	6
3	53	6
4	53	6
5	53	6
6	53	6
8	53	6
9	53	6
10	53	6
11	53	6
12	53	6
14	52	6
15	52	6
16	53	6
17	52	6
19	52	6
20	52	5
21	52	5
23	52	5
24	52	5
25	52	5
27	52	5
28	52	5
30	52	5
31	52	5
32	52	5
34	52	5
36	52	5
37	52	5
39	52	5
41	51	5
43	51	5
40	46	5
39	42	4
38	39	4
39	38	4
39	37	4
38	34	4
41	36	4
43	36	4
44	35	4
45	34	4
75	51	5
78	50	5
82	50	5
93	49	5
94	45	5
93	42	4
93	37	4
-107	16	2
-104	18	2
-103	20	2
-71	18	2
-70	23	2
-69	28	3
-119	62	7
-83	60	6
-79	59	6
-75	59	6
-71	59	6
-67	58	6
-64	58	6
-61	58	6
-58	58	6
-55	57	6
-52	57	6
-50	57	6
-48	57	6
-38	56	6
-37	56	6
-35	56	6
-33	56	6
-31	56	6
-29	56	6
-28	55	6
-26	55	6
-24	55	6
-23	55	6
-21	55	6
-20	55	6
-18	55	6
-17	55	6
-15	54	6
-14	54	6
-13	54	6
-11	54	6
-10	54	6
-9	54	6
-8	54	6
-6	54	6
-5	54	6
-4	54	6
-3	54	6
-1	54	6
0	53	6
1	53	6
2	53	6
3	53	6
5	53	6
6	53	6
7	53	6
8	53	6
9	53	6
11	53	6
12	53	6
13	53	6
14	53	6
15	52	6
17	52	5
18	52	6
19	52	5
21	52	5
22	52	5
23	52	5
25	52	5
26	52	5
27	52	5
29	52	5
30	52	5
32	52	5
34	52	5
35	52	5
37	52	5
38	51	5
40	51	5
42	51	5
44	51	5
39	44	5
39	41	4
39	39	4
39	37	4
39	36	4
39	34	4
41	35	4
44	35	4
45	34	4
73	51	5
76	50	5
80	50	5
83	50	5
80	46	5
92	50	5
94	49	5
84	41	4
94	43	5
94	38	4
93	35	4
-105	15	1
-105	17	1
-102	19	1
-102	22	1
-70	17	1
-71	22	1
-69	29	2
-86	60	3
-81	60	3
-76	59	3
-73	59	3
-69	59	3
-65	58	3
-62	58	3
-59	58	3
-56	58	3
-53	57	3
-51	57	3
-42	53	3
-40	55	3
-35	56	3
-33	56	3
-32	56	3
-30	56	3
-28	56	3
-27	55	3
-25	55	3
-23	55	3
-22	55	3
-20	55	3
-19	55	3
-17	55	3
-16	55	3
-15	55	3
-13	54	3
-12	54	3
-11	54	3
-9	54	3
-8	54	3
-7	54	3
-5	54	3
-4	54	3
-3	54	3
-2	54	3
-1	54	3
0	53	3
2	53	3
3	53	3
4	53	3
5	53	3
6	53	3
8	53	3
9	53	3
10	53	3
11	53	3
13	53	3
14	53	3
15	53	3
16	53	3
18	52	3
19	52	3
20	52	3
21	52	3
23	52	3
24	52	3
26	52	3
27	52	3
28	52	3
30	52	3
31	52	3
33	52	3
35	52	3
36	52	3
38	52	3
40	52	3
41	51	3
43	51	3
40	45	2
39	42	2
39	40	2
39	38	2
39	36	2
38	34	2
42	36	2
42	35	2
45	35	2
45	34	2
71	52	3
72	51	3
75	50	3
79	50	3
82	50	3
94	49	3
94	44	2
93	36	2
-105	17	1
-103	18	1
-103	21	1
-70	17	1
-72	22	1
-69	23	1
-68	34	2
-91	63	3
-82	60	3
-77	59	3
-74	59	3
-70	59	3
-66	58	3
-63	58	3
-60	58	3
-57	58	3
-54	57	3
-51	57	3
-43	52	3
-36	56	3
-34	56	3
-32	56	3
-30	56	3
-29	56	3
-27	55	3
-25	55	3
-24	55	3
-22	55	3
-21	55	3
-19	55	3
-18	55	3
-16	55	3
-15	55	3
-14	54	3
-12	54	3
-11	54	3
-10	54	3
-8	54	3
-7	54	3
-6	54	3
-4	54	3
-3	54	3
-2	54	3
-1	54	3
0	53	3
1	53	3
3	53	3
4	53	3
5	53	3
6	53	3
7	53	3
9	53	3
10	53	3
11	53	3
12	53	3
14	53	3
15	53	3
16	52	3
17	53	3
18	53	3
20	52	3
21	52	3
22	52	3
24	52	3
25	52	3
27	52	3
28	52	3
29	52	3
31	52	3
33	52	3
34	52	3
36	52	3
37	51	3
39	52	3
41	51	3
42	51	3
39	45	2
39	43	2
39	40	2
39	38	2
39	36	2
38	34	2
40	34	2
42	35	2
44	35	2
45	34	2
74	51	3
78	51	3
81	50	3
94	50	3
95	45	2
93	42	2
93	37	2
-107	14	0
-103	16	0
-101	18	0
-102	20	0
-73	17	0
-71	22	0
-101	37	0
-144	63	0
-82	60	0
-78	59	0
-74	59	0
-70	58	0
-66	58	0
-63	58	0
-60	58	0
-30	32	0
-29	32	0
-28	33	0
-27	33	0
-26	33	0
-25	33	0
-24	34	0
-23	34	0
-22	34	0
-21	35	0
-20	35	0
-19	35	0
-27	55	0
-25	55	0
-24	55	0
-22	55	0
-21	55	0
-19	54	0
-18	54	0
-17	54	0
-15	54	0
-14	54	0
-13	54	0
-11	54	0
-10	54	0
-9	54	0
-7	54	0
-6	54	0
-5	53	0
-4	53	0
-3	53	0
-1	53	0
0	53	0
1	53	0
2	53	0
3	53	0
5	53	0
6	53	0
7	53	0
8	52	0
9	52	0
11	52	0
12	52	0
13	52	0
14	52	0
15	52	0
17	52	0
18	52	0
19	52	0
21	52	0
22	52	0
23	52	0
24	52	0
26	52	0
27	52	0
29	52	0
30	52	0
32	51	0
33	51	0
35	51	0
36	51	0
38	51	0
40	51	0
42	51	0
43	51	0
39	44	0
38	40	0
38	38	0
38	36	0
38	35	0
38	34	0
41	34	0
42	34	0
44	34	0
45	33	0
76	50	0
79	50	0
83	50	0
81	46	0
93	48	0
94	43	0
93	38	0
93	36	0
-108	14	0
-104	16	0
-101	18	0
-102	20	0
-66	15	0
-70	23	0
-69	28	0
-83	60	0
-78	59	0
-74	59	0
-70	58	0
-67	58	0
-63	58	0
-60	58	0
-30	32	0
-29	32	0
-28	32	0
-27	33	0
-26	33	0
-25	33	0
-24	34	0
-23	34	0
-22	34	0
-21	35	0
-20	35	0
-19	35	0
-25	55	0
-24	55	0
-23	55	0
-21	54	0
-19	54	0
-18	54	0
-17	54	0
-15	54	0
-14	54	0
-13	54	0
-11	54	0
-10	54	0
-9	54	0
-7	54	0
-6	54	0
-5	53	0
-4	53	0
-3	53	0
-1	53	0
0	53	0
1	53	0
2	53	0
4	53	0
5	53	0
6	53	0
7	53	0
8	52	0
9	52	0
10	52	0
12	52	0
13	52	0
14	52	0
15	52	0
17	52	0
18	52	0
19	52	0
21	52	0
22	52	0
23	52	0
25	52	0
26	52	0
27	51	0
29	52	0
30	52	0
32	51	0
33	51	0
35	51	0
36	51	0
38	51	0
40	51	0
42	51	0
43	51	0
40	44	0
38	40	0
38	38	0
38	36	0
38	35	0
38	33	0
41	34	0
42	34	0
44	34	0
45	33	0
76	50	0
79	50	0
83	50	0
81	46	0
92	50	0
94	48	0
94	38	0
93	35	0
-106	13	-1
-102	15	-1
-101	18	-1
-101	20	-1
-73	17	-1
-70	21	-1
-100	37	-2
-145	63	-3
-46	28	-1
-78	59	-3
-74	59	-3
-70	58	-3
-67	58	-3
-63	57	-3
-60	57	-3
-30	32	-2
-29	32	-2
-28	32	-2
-27	33	-2
-26	33	-2
-25	33	-2
-24	34	-2
-23	34	-2
-22	34	-2
-21	34	-2
-20	35	-2
-19	35	-2
-26	55	-3
-24	55	-3
-23	54	-3
-21	54	-3
-20	54	-3
-18	54	-3
-17	54	-3
-15	54	-3
-14	54	-3
-13	54	-3
-12	54	-3
-10	53	-3
-9	54	-3
-8	53	-3
-6	53	-3
-5	53	-3
-4	53	-3
-3	53	-3
-1	53	-3
0	53	-3
1	53	-3
2	52	-3
3	52	-3
4	52	-3
6	52	-3
7	52	-3
8	52	-3
9	52	-3
10	52	-3
9	38	-2
9	35	-2
10	34	-2
11	34	-2
12	34	-2
12	34	-2
13	34	-2
14	35	-2
15	35	-2
16	34	-2
17	35	-2
18	35	-2
30	51	-3
31	51	-3
33	51	-3
34	51	-3
36	51	-3
37	51	-3
39	51	-3
41	51	-3
43	50	-3
39	44	-2
38	41	-2
37	37	-2
37	36	-2
38	35	-2
39	34	-2
39	33	-2
40	32	-2
42	32	-2
44	33	-2
46	33	-2
73	52	-3
74	50	-3
77	50	-3
81	49	-3
93	49	-3
94	44	-2
94	42	-2
93	36	-2
94	29	-2
-105	14	-1
-101	16	-1
-101	18	-1
-101	20	-1
-69	16	-1
-70	22	-1
-104	44	-2
-68	32	-2
-46	29	-2
-77	59	-3
-73	59	-3
-69	58	-3
-66	58	-3
-62	57	-3
-59	57	-3
-30	32	-2
-29	32	-2
-28	32	-2
-27	33	-2
-26	33	-2
-25	33	-2
-24	34	-2
-23	34	-2
-22	35	-2
-21	34	-2
-20	35	-2
-19	35	-2
-27	55	-3
-25	55	-3
-23	55	-3
-22	54	-3
-20	54	-3
-19	54	-3
-18	54	-3
-16	54	-3
-15	54	-3
-13	54	-3
-12	54	-3
-11	53	-3
-10	53	-3
-8	53	-3
-7	53	-3
-6	53	-3
-5	53	-3
-3	53	-3
-2	53	-3
-1	53	-3
0	53	-3
1	53	-3
3	52	-3
4	52	-3
5	52	-3
6	52	-3
7	52	-3
8	52	-3
10	52	-3
11	52	-3
9	36	-2
10	34	-2
10	34	-2
11	34	-2
12	34	-2
13	34	-2
14	34	-2
15	35	-2
16	34	-2
17	35	-2
17	35	-2
18	35	-2
31	51	-3
32	51	-3
34	51	-3
35	51	-3
37	51	-3
38	51	-3
40	51	-3
42	51	-3
41	47	-2
39	42	-2
37	39	-2
37	37	-2
37	36	-2
38	35	-2
39	34	-2
40	33	-2
41	32	-2
43	33	-2
45	33	-2
76	50	-3
79	50	-3
83	49	-3
81	46	-2
93	50	-3
94	48	-3
82	39	-2
94	42	-2
94	37	-2
93	35	-2
-103	14	-1
-100	16	-2
-101	18	-2
-100	20	-2
-69	16	-2
-71	22	-2
-99	36	-4
-100	42	-4
-48	30	-3
-77	58	-6
-73	58	-6
-70	58	-6
-66	57	-6
-63	57	-6
-59	57	-6
-29	31	-3
-29	32	-3
-28	32	-3
-27	32	-3
-26	33	-3
-25	33	-3
-24	33	-4
-23	33	-4
-22	34	-4
-21	34	-4
-20	34	-4
-19	35	-4
-27	54	-6
-25	54	-6
-24	54	-6
-22	54	-6
-21	54	-6
-19	54	-6
-18	54	-6
-17	53	-6
-15	54	-6
-14	53	-6
-13	53	-6
-11	53	-6
-10	53	-6
-9	53	-6
-8	53	-6
-6	53	-6
-5	53	-6
-4	53	-6
-3	53	-6
-1	53	-6
0	52	-6
1	52	-5
2	52	-5
3	52	-5
5	52	-5
6	52	-5
7	52	-5
8	52	-5
9	52	-5
9	42	-4
9	36	-4
9	34	-4
10	34	-4
11	34	-4
12	34	-4
13	34	-4
13	34	-4
14	34	-4
15	34	-4
16	34	-4
17	34	-4
18	34	-4
30	51	-5
31	51	-5
33	51	-5
34	51	-5
36	51	-5
37	50	-5
39	51	-5
41	50	-5
42	50	-5
38	43	-4
37	39	-4
37	37	-4
37	36	-4
38	35	-4
39	34	-4
39	33	-3
40	32	-3
41	32	-3
43	32	-3
45	32	-3
73	51	-5
74	49	-5
78	49	-5
81	49	-5
93	49	-5
95	44	-5
94	41	-4
93	36	-4
93	29	-3
-104	13	-1
-101	15	-2
-101	17	-2
-100	20	-2
-98	26	-3
-69	21	-2
-99	36	-4
-46	28	-3
-78	58	-6
-74	58	-6
-70	58	-6
-67	58	-6
-63	57	-6
-60	57	-6
-30	31	-3
-29	32	-3
-28	32	-3
-27	32	-3
-26	33	-3
-25	33	-3
-24	33	-3
-23	34	-4
-22	34	-4
-21	34	-4
-20	34	-4
-19	35	-4
-26	54	-6
-24	54	-6
-23	54	-6
-21	54	-6
-20	54	-6
-18	54	-6
-17	54	-6
-15	54	-6
-14	53	-6
-13	53	-6
-11	53	-6
-10	53	-6
-9	53	-6
-8	53	-6
-6	53	-6
-5	53	-6
-4	53	-6
-3	53	-6
-2	53	-6
0	52	-6
1	52	-5
2	52	-5
3	52	-5
4	52	-5
5	52	-5
7	52	-5
8	52	-5
9	52	-5
9	43	-5
9	37	-4
9	34	-4
10	34	-4
11	34	-4
12	34	-4
12	34	-4
13	34	-4
14	34	-4
15	34	-4
16	34	-4
17	34	-4
18	34	-4
29	51	-5
31	51	-5
33	51	-5
34	51	-5
36	51	-5
37	50	-5
39	51	-5
41	50	-5
42	50	-5
38	43	-4
37	39	-4
37	37	-4
37	36	-4
38	35	-4
39	34	-4
39	33	-3
40	32	-3
41	32	-3
43	32	-3
45	32	-3
74	52	-5
74	49	-5
77	49	-5
81	49	-5
93	49	-5
94	44	-5
94	41	-4
81	27	-3
93	29	-3
-102	13	-2
-100	15	-2
-100	17	-3
-100	20	-3
-96	25	-4
-71	21	-3
-99	36	-6
-69	27	-4
-48	29	-5
-83	59	-9
-78	58	-9
-74	57	-9
-70	57	-9
-67	57	-9
-63	57	-9
-60	57	-9
-30	31	-5
-29	31	-5
-28	32	-5
-27	32	-5
-26	32	-5
-25	33	-5
-24	33	-5
-23	33	-5
-22	34	-5
-21	34	-5
-20	34	-5
-19	34	-5
-26	54	-9
-24	54	-9
-23	53	-8
-21	53	-8
-20	53	-8
-18	53	-8
-17	53	-8
-16	53	-8
-14	53	-8
-13	53	-8
-12	53	-8
-11	53	-8
-9	53	-8
-8	52	-8
-7	52	-8
-6	52	-8
-4	52	-8
-3	52	-8
-2	52	-8
-1	52	-8
1	52	-8
2	52	-8
3	52	-8
4	51	-8
5	51	-8
6	51	-8
7	51	-8
9	51	-8
10	51	-8
9	38	-6
9	34	-5
10	34	-5
11	34	-5
11	33	-5
12	34	-5
13	33	-5
14	33	-5
15	33	-5
15	33	-5
16	34	-5
17	33	-5
18	34	-5
31	50	-8
32	50	-8
33	50	-8
35	50	-8
37	50	-8
38	50	-8
40	50	-8
42	50	-8
40	46	-7
37	40	-6
36	37	-6
37	36	-6
37	35	-6
38	34	-5
38	33	-5
39	32	-5
40	32	-5
41	31	-5
44	32	-5
75	49	-8
79	49	-8
83	49	-8
84	47	-7
94	47	-8
84	40	-6
94	42	-7
93	34	-5
93	30	-5
93	27	-4
-105	11	-2
-102	13	-2
-101	15	-2
-100	17	-3
-100	20	-3
-96	25	-4
-70	21	-3
-99	36	-6
-69	27	-4
-48	29	-5
-83	58	-9
-78	58	-9
-74	57	-9
-70	57	-9
-66	57	-9
-63	57	-9
-60	57	-9
-30	31	-5
-29	31	-5
-28	32	-5
-27	32	-5
-26	32	-5
-25	33	-5
-24	33	-5
-23	33	-5
-22	34	-5
-21	34	-5
-20	34	-5
-19	34	-5
-26	54	-9
-24	54	-9
-22	54	-8
-21	53	-8
-20	53	-8
-18	53	-8
-17	53	-8
-15	53	-8
-14	53	-8
-13	53	-8
-11	53	-8
-10	53	-8
-9	53	-8
-8	52	-8
-6	52	-8
-5	52	-8
-4	52	-8
-3	52	-8
-1	52	-8
0	52	-8
1	52	-8
2	52	-8
3	52	-8
4	51	-8
6	51	-8
7	51	-8
8	51	-8
9	51	-8
9	42	-7
9	36	-6
9	34	-5
10	34	-5
11	34	-5
12	34	-5
12	33	-5
13	33	-5
14	33	-5
15	33	-5
16	33	-5
17	34	-5
18	34	-5
30	50	-8
31	50	-8
33	50	-8
34	50	-8
36	50	-8
37	50	-8
39	50	-8
41	50	-8
42	50	-8
38	42	-7
36	38	-6
36	37	-6
37	36	-6
38	35	-5
38	33	-5
39	32	-5
40	32	-5
41	31	-5
42	31	-5
45	31	-5
74	51	-8
74	49	-8
77	49	-8
81	49	-8
93	48	-8
94	44	-7
94	41	-6
94	36	-6
81	29	-5
82	27	-4
93	29	-5
-109	7	-2
-102	9	-2
-99	14	-3
-100	16	-3
-99	18	-4
-99	20	-4
-70	17	-4
-70	21	-5
-99	41	-9
-45	28	-6
-81	58	-12
-77	57	-12
-73	57	-12
-69	57	-12
-66	57	-12
-62	56	-12
-59	56	-12
-29	31	-7
-29	31	-7
-27	32	-7
-26	32	-7
-25	32	-7
-25	33	-7
-24	33	-7
-23	33	-7
-22	33	-7
-21	33	-7
-20	34	-7
-19	34	-7
-27	54	-11
-25	54	-11
-24	53	-11
-22	53	-11
-21	53	-11
-19	53	-11
-18	53	-11
-17	53	-11
-15	53	-11
-14	53	-11
-12	53	-11
-11	52	-11
-10	52	-11
-9	52	-11
-7	52	-11
-6	52	-11
-5	52	-11
-4	52	-11
-3	52	-11
-1	52	-11
0	52	-11
1	52	-11
2	51	-11
3	51	-11
5	51	-11
6	51	-11
7	51	-11
8	51	-11
9	51	-11
9	42	-9
9	36	-8
9	34	-7
10	33	-7
11	33	-7
12	33	-7
13	33	-7
13	33	-7
14	33	-7
15	33	-7
16	33	-7
17	33	-7
18	33	-7
31	50	-11
33	50	-11
34	50	-11
36	50	-11
37	50	-11
39	49	-11
41	49	-11
42	49	-10
37	40	-9
36	38	-8
36	36	-8
37	35	-7
37	34	-7
38	33	-7
38	32	-7
39	31	-7
40	31	-7
42	31	-7
74	49	-10
77	48	-10
80	48	-10
83	47	-10
94	48	-10
74	33	-7
73	31	-7
74	30	-6
74	28	-6
74	26	-6
79	22	-5
80	21	-4
-103	10	-2
-101	12	-3
-100	14	-3
-100	17	-4
-99	19	-4
-98	25	-5
-70	20	-4
-70	22	-5
-102	44	-9
-46	28	-6
-79	58	-12
-75	57	-12
-71	57	-12
-67	57	-12
-64	56	-12
-61	56	-12
-30	30	-6
-29	31	-7
-28	31	-7
-27	32	-7
-26	32	-7
-25	32	-7
-24	33	-7
-23	33	-7
-22	33	-7
-21	33	-7
-20	34	-7
-19	34	-7
-26	54	-11
-24	53	-11
-23	53	-11
-21	53	-11
-20	53	-11
-19	53	-11
-17	53	-11
-16	53	-11
-14	53	-11
-13	53	-11
-12	52	-11
-10	52	-11
-9	52	-11
-8	52	-11
-7	52	-11
-5	52	-11
-4	52	-11
-3	52	-11
-2	52	-11
-1	52	-11
1	52	-11
2	51	-11
3	51	-11
4	51	-11
5	51	-11
7	51	-11
7	51	-11
9	51	-11
10	51	-11
9	38	-8
9	34	-7
10	33	-7
10	33	-7
11	33	-7
12	33	-7
13	33	-7
14	33	-7
15	33	-7
16	33	-7
17	33	-7
18	33	-7
19	34	-7
31	50	-11
32	50	-11
34	50	-11
35	50	-11
37	50	-11
38	50	-11
40	50	-11
42	49	-11
37	42	-9
36	38	-8
36	37	-8
37	35	-7
37	34	-7
38	33	-7
38	32	-7
39	31	-7
40	31	-7
42	31	-6
44	31	-7
76	48	-10
80	48	-10
83	48	-10
82	45	-10
93	48	-10
94	47	-10
74	34	-7
73	32	-7
74	30	-6
74	28	-6
74	26	-6
92	27	-6
91	12	-3
91	10	-3
91	8	-2
91	6	-2
90	4	-1
90	2	-1
90	0	0
-328	-61	16
-312	-51	14
-311	-44	12
-312	-37	10
-312	-30	8
-310	-23	6
-310	-17	4
-310	-10	3
-310	-3	1
-310	4	-1
-102	9	-3
-101	12	-3
-99	14	-4
-66	16	-4
-39	17	-4
-36	17	-5
-34	17	-4
-32	17	-4
-30	17	-4
-25	16	-4
-20	17	-4
-19	16	-4
-16	17	-4
-15	16	-4
-14	16	-4
-13	16	-4
-13	16	-4
-12	16	-4
-12	16	-4
-11	16	-4
-10	16	-4
-10	16	-4
-9	16	-4
-9	16	-4
-8	16	-4
-8	16	-4
-7	16	-4
-7	16	-4
-7	16	-4
-6	16	-4
-6	16	-4
-5	16	-4
-5	16	-4
-4	16	-4
-4	16	-4
-4	16	-4
-3	16	-4
-3	16	-4
-2	16	-4
-2	16	-4
-2	16	-4
-1	16	-4
-1	16	-4
-1	16	-4
0	16	-4
0	16	-4
1	16	-4
1	16	-4
1	16	-4
2	16	-4
2	16	-4
2	16	-4
4	16	-4
4	16	-4
4	16	-4
5	16	-4
5	16	-4
5	16	-4
6	16	-4
6	16	-4
7	16	-4
7	16	-4
7	16	-4
8	16	-4
9	16	-4
10	16	-4
10	16	-4
11	16	-4
11	16	-4
12	16	-4
12	16	-4
13	16	-4
14	16	-4
16	17	-4
17	16	-4
18	16	-4
18	16	-4
19	16	-4
21	16	-4
21	16	-4
22	16	-4
23	16	-4
24	16	-4
25	16	-4
35	17	-5
38	17	-4
40	17	-5
45	17	-5
74	17	-5
92	16	-4
91	14	-4
-333	-65	17
-318	-55	15
-312	-47	13
-313	-40	11
-310	-33	9
-313	-26	7
-310	-19	5
-310	-12	3
-310	-6	2
-309	1	0
-311	8	-2
-103	9	-2
-101	11	-3
-99	13	-3
-40	17	-5
-37	17	-5
-35	17	-4
-33	17	-5
-30	17	-4
-29	17	-5
-26	17	-4
-21	17	-5
-19	17	-5
-16	17	-5
-15	16	-4
-14	16	-4
-14	16	-4
-13	16	-4
-12	16	-4
-12	16	-4
-11	16	-4
-11	16	-4
-10	16	-4
-10	16	-4
-9	16	-4
-9	16	-4
-8	16	-4
-8	16	-4
-7	16	-4
-7	16	-4
-6	16	-4
-6	16	-4
-5	16	-4
-5	16	-4
-4	16	-4
-4	16	-4
-4	16	-4
-3	16	-4
-3	16	-4
-3	16	-4
-2	16	-4
-2	16	-4
-1	16	-4
-1	16	-4
-1	16	-4
0	16	-4
0	16	-4
0	16	-4
1	16	-4
1	16	-4
2	16	-4
2	16	-4
2	16	-4
4	16	-4
4	16	-4
4	16	-4
5	16	-4
5	16	-4
5	16	-4
6	16	-4
6	16	-4
6	16	-4
7	16	-4
8	16	-4
9	16	-4
9	16	-4
10	16	-4
10	16	-4
11	16	-4
11	16	-4
12	16	-4
12	16	-4
13	16	-4
13	16	-4
17	16	-4
17	16	-4
18	16	-4
19	16	-4
19	16	-4
20	16	-4
21	16	-4
22	16	-4
23	16	-4
24	16	-4
25	16	-4
26	16	-4
35	17	-5
35	17	-5
37	17	-5
42	17	-5
57	17	-5
92	16	-4
91	14	-4
-102	8	-2
-99	10	-3
-100	12	-4
-100	14	-4
-71	15	-5
-95	26	-8
-70	21	-7
-69	26	-8
-45	27	-9
-78	57	-19
-74	57	-19
-70	57	-18
-67	57	-18
-63	56	-18
-60	56	-18
-30	30	-10
-28	31	-10
-28	31	-10
-27	32	-10
-26	32	-10
-25	32	-10
-24	32	-11
-23	33	-11
-22	33	-11
-21	33	-11
-20	34	-11
-19	34	-11
-27	54	-17
-25	53	-17
-24	53	-17
-22	53	-17
-21	53	-17
-19	53	-17
-18	53	-17
-16	53	-17
-15	53	-17
-14	52	-17
-12	52	-17
-11	52	-17
-10	52	-17
-8	52	-17
-7	52	-17
-6	52	-17
-5	52	-17
-4	52	-17
-2	52	-17
-1	52	-17
0	52	-17
1	52	-17
3	51	-17
4	51	-17
5	51	-17
6	51	-17
8	51	-17
9	51	-17
10	51	-17
9	38	-12
9	34	-11
10	33	-11
10	33	-11
11	33	-11
12	33	-11
13	33	-11
14	33	-11
15	33	-11
16	33	-11
17	33	-11
18	33	-11
19	33	-11
31	50	-16
32	50	-16
34	50	-16
35	49	-16
37	50	-16
39	49	-16
40	49	-16
42	49	-16
36	40	-13
36	38	-12
36	36	-12
36	35	-11
37	33	-11
37	32	-10
38	31	-10
39	31	-10
40	30	-10
42	30	-10
73	48	-16
76	48	-16
80	48	-16
84	48	-16
83	45	-15
93	48	-16
94	46	-15
83	39	-13
74	32	-10
74	30	-10
74	28	-9
74	26	-9
92	27	-9
92	20	-7
-102	7	-2
-98	9	-3
-100	14	-4
-95	26	-8
-70	21	-7
-103	42	-14
-45	27	-9
-78	57	-19
-74	57	-19
-70	57	-18
-66	57	-18
-63	56	-18
-60	56	-18
-29	30	-10
-28	31	-10
-27	31	-10
-27	32	-10
-26	32	-10
-24	32	-10
-24	32	-11
-23	33	-11
-22	33	-11
-21	33	-11
-20	34	-11
-19	34	-11
-27	54	-17
-25	54	-17
-24	53	-17
-22	53	-17
-21	53	-17
-19	53	-17
-18	53	-17
-16	53	-17
-15	53	-17
-14	52	-17
-12	52	-17
-11	52	-17
-10	52	-17
-8	52	-17
-7	52	-17
-6	52	-17
-5	52	-17
-3	52	-17
-2	52	-17
-1	52	-17
0	52	-17
2	52	-17
3	51	-17
4	51	-17
5	51	-17
6	51	-17
7	51	-17
9	51	-17
10	51	-17
9	37	-12
9	33	-11
10	33	-11
11	33	-11
12	33	-11
12	33	-11
13	33	-11
14	33	-11
15	33	-11
16	33	-11
17	33	-11
18	33	-11
31	50	-16
33	50	-16
34	50	-16
36	50	-16
38	50	-16
39	49	-16
41	49	-16
37	42	-14
36	39	-13
36	38	-12
36	36	-12
36	34	-11
37	33	-11
37	32	-10
38	31	-10
39	31	-10
40	30	-10
43	30	-10
74	48	-16
78	48	-16
81	48	-16
93	47	-15
95	43	-14
74	31	-10
74	29	-9
74	27	-9
75	26	-8
93	26	-9
91	19	-6
81	15	-5
-105	6	-2
-101	8	-3
-102	10	-4
-101	12	-5
-99	18	-7
-97	24	-9
-95	26	-10
-66	20	-8
-76	54	-21
-74	54	-21
-73	56	-22
-69	56	-21
-66	56	-21
-62	56	-21
-29	30	-12
-28	30	-12
-27	31	-12
-26	31	-12
-25	32	-12
-24	32	-12
-23	32	-12
-22	32	-12
-22	33	-13
-21	33	-13
-20	33	-13
-27	53	-20
-25	53	-20
-24	53	-20
-22	52	-20
-20	52	-20
-19	52	-20
-17	52	-20
-16	52	-20
-15	52	-20
-13	52	-20
-12	52	-20
-11	52	-20
-9	52	-20
-8	51	-20
-7	51	-20
-5	51	-20
-4	51	-20
-3	51	-20
-2	51	-20
0	51	-20
1	51	-19
2	51	-19
3	51	-19
4	50	-19
6	50	-19
7	50	-19
8	50	-19
9	50	-19
9	42	-16
9	35	-13
9	33	-13
10	33	-13
11	33	-13
12	33	-12
13	32	-12
14	32	-12
14	32	-12
15	33	-12
16	33	-12
17	33	-12
18	33	-13
30	49	-19
32	49	-19
34	49	-19
35	49	-19
37	49	-19
38	49	-19
40	49	-19
42	49	-19
37	40	-15
36	38	-14
36	36	-14
36	35	-13
37	33	-13
37	32	-12
38	31	-12
38	30	-12
40	30	-11
41	30	-11
43	30	-12
76	48	-18
79	47	-18
83	47	-18
82	44	-17
82	42	-16
94	46	-18
74	30	-12
74	28	-11
74	27	-10
75	25	-10
93	27	-10
80	21	-8
92	21	-8
82	16	-6
92	14	-6
-102	7	-3
-100	11	-4
-99	14	-5
-66	14	-5
-95	26	-10
-69	21	-8
-100	41	-16
-78	54	-21
-74	54	-21
-73	55	-21
-70	56	-21
-67	56	-21
-64	56	-21
-60	55	-21
-29	30	-12
-28	30	-12
-27	31	-12
-27	31	-12
-25	31	-12
-25	32	-12
-24	32	-12
-23	32	-12
-22	33	-12
-21	33	-13
-20	33	-13
-19	33	-13
-27	53	-20
-25	53	-20
-24	53	-20
-22	52	-20
-21	52	-20
-19	52	-20
-18	52	-20
-16	52	-20
-15	52	-20
-13	52	-20
-12	51	-20
-11	52	-20
-10	52	-20
-8	51	-20
-7	51	-20
-6	51	-20
-4	51	-20
-3	51	-20
-2	51	-20
-1	51	-20
1	51	-19
2	51	-20
3	51	-19
4	50	-19
5	50	-19
6	50	-19
8	50	-19
9	50	-19
10	50	-19
9	36	-14
9	33	-13
10	33	-13
11	33	-13
12	33	-13
13	32	-12
13	32	-12
14	32	-12
15	32	-12
16	32	-12
17	32	-12
18	32	-12
30	49	-19
31	49	-19
33	49	-19
35	49	-19
36	49	-19
38	49	-19
40	49	-19
41	49	-19
37	41	-16
36	38	-15
36	37	-14
37	35	-13
37	33	-13
37	32	-12
37	31	-12
38	31	-12
39	30	-12
41	30	-11
43	30	-11
75	47	-18
78	48	-18
82	47	-18
81	44	-17
83	43	-17
94	47	-18
94	42	-16
74	31	-12
74	29	-11
74	27	-10
75	25	-10
79	21	-8
81	20	-8
92	21	-8
81	16	-6
-336	6	-3
-105	6	-2
-101	8	-3
-98	13	-6
-98	16	-7
-71	16	-7
-66	17	-8
-66	18	-8
-64	19	-9
-69	25	-11
-54	38	-17
-51	37	-17
-48	37	-16
-46	37	-17
-45	38	-17
-42	37	-16
-40	37	-17
-30	30	-13
-29	30	-13
-28	30	-13
-27	31	-14
-26	31	-14
-25	31	-14
-25	32	-14
-23	32	-14
-22	32	-14
-21	33	-14
-20	33	-15
-19	33	-15
-20	37	-17
-19	38	-17
-18	37	-17
-17	37	-17
-15	37	-17
-14	37	-16
-13	37	-17
-12	37	-17
-11	37	-17
-10	37	-17
-9	37	-17
-8	37	-17
-8	37	-16
-6	37	-16
-6	37	-17
-5	37	-17
-4	37	-17
-3	37	-17
-2	37	-17
-1	37	-17
0	37	-17
1	37	-17
2	37	-17
3	37	-17
3	37	-17
5	37	-17
6	37	-16
6	37	-17
7	37	-17
8	37	-17
9	37	-16
9	33	-15
10	32	-14
11	32	-14
11	32	-14
12	32	-14
13	32	-14
14	32	-14
15	32	-14
16	32	-14
17	32	-14
18	32	-14
24	38	-17
25	38	-17
26	38	-17
28	38	-17
29	38	-17
31	38	-17
32	38	-17
34	38	-17
35	38	-17
36	38	-17
38	38	-17
37	36	-16
37	34	-15
37	32	-14
37	31	-14
38	31	-14
39	30	-13
41	30	-13
43	30	-13
62	39	-17
68	41	-18
69	39	-17
71	39	-17
76	40	-18
81	40	-18
79	35	-15
75	31	-14
75	30	-13
75	26	-12
76	24	-11
92	20	-9
91	14	-6
-102	7	-3
-100	9	-4
-99	13	-6
-98	19	-8
-73	16	-7
-67	18	-8
-66	19	-9
-66	22	-10
-69	26	-12
-83	35	-16
-54	37	-17
-52	37	-17
-49	37	-17
-47	37	-17
-45	38	-17
-43	38	-17
-42	39	-17
-31	30	-14
-29	30	-13
-28	30	-13
-27	31	-14
-26	31	-14
-25	31	-14
-24	32	-14
-23	32	-14
-23	33	-14
-22	32	-14
-21	33	-15
-19	33	-15
-19	37	-17
-18	37	-17
-17	37	-17
-16	37	-17
-15	37	-17
-13	37	-17
-13	37	-17
-11	37	-17
-11	37	-17
-10	37	-17
-8	37	-17
-8	37	-16
-7	37	-17
-6	37	-17
-5	37	-17
-4	37	-17
-3	37	-17
-2	37	-17
-1	37	-17
0	37	-17
1	37	-17
2	37	-17
3	37	-17
3	37	-17
4	37	-17
5	37	-17
6	37	-17
7	37	-17
8	37	-17
9	38	-17
9	34	-15
10	33	-14
10	32	-14
11	32	-14
12	32	-14
13	32	-14
14	32	-14
15	32	-14
16	32	-14
17	32	-14
18	32	-14
23	38	-17
25	38	-17
26	38	-17
27	38	-17
28	37	-17
30	39	-17
32	38	-17
33	38	-17
35	38	-17
36	38	-17
38	38	-17
37	36	-16
37	34	-15
37	32	-14
37	31	-14
38	31	-14
39	30	-13
41	30	-13
43	30	-13
62	39	-17
68	41	-18
69	39	-18
71	39	-17
76	39	-18
82	40	-18
79	35	-15
75	31	-14
75	30	-13
75	26	-11
76	24	-11
92	20	-9
91	14	-6
92	11	-6
-332	2	-1
-104	6	-3
-101	8	-4
-97	10	-5
-100	12	-6
-97	14	-7
-98	16	-8
-99	18	-9
-66	14	-7
-67	16	-8
-66	18	-9
-64	19	-10
-47	27	-14
-49	33	-17
-47	33	-17
-43	32	-16
-42	32	-16
-40	32	-16
-38	32	-17
-36	32	-16
-34	32	-16
-30	30	-15
-29	30	-15
-28	30	-15
-27	30	-16
-26	31	-16
-25	31	-16
-24	31	-16
-23	32	-16
-22	32	-16
-21	32	-16
-20	32	-16
-19	32	-16
-18	32	-16
-17	32	-16
-16	32	-16
-15	32	-16
-14	32	-16
-13	32	-16
-12	32	-16
-11	32	-16
-10	32	-16
-9	32	-16
-8	32	-16
-7	32	-16
-6	32	-16
-6	32	-16
-5	32	-16
-4	32	-16
-3	32	-16
-2	32	-16
-2	32	-16
-1	32	-16
0	32	-16
1	32	-16
2	32	-16
2	32	-16
3	32	-16
4	32	-16
5	32	-16
5	32	-16
6	32	-16
7	32	-16
8	32	-16
9	32	-16
10	32	-16
10	32	-16
11	32	-16
12	32	-16
13	32	-16
14	32	-16
15	32	-16
16	32	-16
16	32	-16
18	32	-16
19	32	-16
19	32	-16
20	32	-16
22	32	-16
23	32	-16
24	32	-16
25	32	-16
26	33	-17
27	32	-16
29	32	-17
30	32	-16
32	33	-17
33	33	-17
34	33	-17
36	33	-17
38	33	-17
38	32	-16
38	30	-15
39	29	-15
40	29	-15
42	30	-15
51	33	-17
56	33	-17
63	34	-17
70	35	-18
71	33	-17
77	34	-17
75	31	-16
68	26	-13
69	25	-13
94	27	-14
80	21	-11
83	20	-10
92	20	-10
82	16	-8
91	14	-7
91	12	-6
-319	5	-3
-105	5	-3
-101	7	-4
-102	9	-5
-99	11	-6
-99	13	-7
-66	15	-8
-67	17	-8
-67	18	-9
-65	19	-10
-64	20	-10
-65	22	-11
-49	32	-16
-47	32	-16
-44	32	-16
-42	32	-16
-41	32	-16
-38	32	-16
-37	32	-17
-35	32	-16
-31	30	-15
-29	30	-15
-28	30	-15
-27	30	-15
-26	31	-16
-25	31	-16
-24	31	-16
-23	32	-16
-23	32	-16
-21	32	-16
-20	32	-16
-19	32	-16
-18	32	-16
-17	32	-16
-16	32	-16
-15	32	-16
-14	32	-16
-13	32	-16
-12	32	-16
-11	32	-16
-10	32	-16
-9	32	-16
-9	32	-16
-8	32	-16
-7	32	-16
-6	32	-16
-5	32	-16
-4	32	-16
-4	32	-16
-3	32	-16
-2	32	-16
-1	32	-16
0	32	-16
0	32	-16
1	32	-16
2	32	-16
3	32	-16
4	32	-16
4	32	-16
5	32	-16
6	32	-16
7	32	-16
8	32	-16
8	32	-16
9	32	-16
10	32	-16
11	32	-16
12	32	-16
13	32	-16
14	32	-16
14	32	-16
16	32	-16
16	32	-16
17	32	-16
18	32	-16
19	32	-16
20	32	-16
21	32	-16
23	32	-16
24	32	-17
25	32	-16
26	33	-17
27	32	-17
28	32	-16
30	32	-17
32	33	-17
33	33	-17
36	33	-17
37	33	-17
39	33	-17
37	30	-15
39	30	-15
40	29	-15
42	29	-15
50	33	-17
56	34	-17
58	33	-17
63	34	-17
64	33	-17
71	33	-17
76	34	-17
75	32	-16
69	27	-14
69	25	-13
80	21	-11
82	20	-10
92	21	-10
92	19	-10
91	13	-6
