-89.86	104.682	-87.838
-86.538	106.153	-89.073
-83.2	107.73	-90.396
-78.259	107.322	-90.054
-73.863	106.908	-89.707
-68.837	105.765	-88.747
-65.838	107.62	-90.304
-61.568	107.108	-89.875
-57.662	107.3	-90.036
-53.928	107.532	-90.23
-50.014	107.539	-90.236
-46.332	107.535	-90.232
-42.523	107.174	-89.929
-38.502	106.354	-89.241
-35.077	106.533	-89.392
-31.543	106.65	-89.49
-28.132	106.818	-89.631
-24.897	107.307	-90.041
-21.191	106.63	-89.474
-17.924	107.001	-89.784
-14.508	106.861	-89.667
-11.029	106.606	-89.453
-7.82	106.523	-89.383
-4.416	106.905	-89.704
-1.06	106.305	-89.2
2.086	106.526	-89.386
5.426	106.533	-89.392
8.839	106.418	-89.295
12.17	106.898	-89.698
15.372	106.983	-89.77
18.894	106.787	-89.605
22.252	106.872	-89.676
25.514	106.755	-89.578
29.013	106.562	-89.416
32.47	106.545	-89.402
36.017	106.804	-89.619
39.612	106.812	-89.625
43.233	106.967	-89.756
46.667	106.359	-89.246
50.485	106.799	-89.615
54.28	106.667	-89.504
57.802	106.323	-89.216
62.099	106.844	-89.653
66.115	107.16	-89.918
70.138	106.958	-89.748
74.576	107.443	-90.155
78.226	106.458	-89.329
82.97	106.766	-89.587
87.07	106.418	-89.295
91.756	106.385	-89.267
97.075	107.071	-89.843
101.832	106.755	-89.578
30.707	28.361	-23.798
31.014	27.18	-22.807
32.286	27.184	-22.81
-112.215	128.286	-100.228
-91.05	110.154	-86.062
-84.006	107.236	-83.782
-81.158	109.389	-85.464
-79.416	113.116	-88.376
-77.731	117.119	-91.503
-75.355	120.412	-94.076
-71.603	121.608	-95.01
-67.386	121.85	-95.2
-62.688	121.124	-94.632
-58.414	121.496	-94.923
-54.392	121.564	-94.976
-50.172	121.568	-94.979
-45.939	120.999	-94.535
-42.145	121.425	-94.867
-38.478	121.894	-95.234
-34.404	121.66	-95.051
-30.5	121.521	-94.943
-26.617	121.467	-94.9
-22.822	121.468	-94.901
-19.209	121.637	-95.033
-15.575	121.226	-94.712
-11.805	122.024	-95.336
-8.102	121.817	-95.174
-4.556	121.852	-95.202
-0.844	121.884	-95.226
2.946	121.607	-95.01
6.593	122.051	-95.357
10.002	118.768	-92.792
13.754	119.385	-93.274
17.758	122.23	-95.496
21.243	121.268	-94.745
25.0	121.381	-94.833
28.537	120.415	-94.078
32.455	120.32	-94.005
35.935	119.239	-93.16
39.436	118.693	-92.733
44.29	121.339	-94.801
48.578	121.99	-95.309
52.618	122.256	-95.517
56.352	121.386	-94.837
60.704	121.729	-95.105
64.981	121.74	-95.114
69.269	121.883	-95.226
73.746	121.75	-95.121
78.354	121.918	-95.252
82.919	121.685	-95.071
87.727	121.798	-95.159
92.876	122.031	-95.341
97.787	122.055	-95.36
103.081	122.216	-95.485
108.665	122.362	-95.6
113.668	121.812	-95.17
119.535	121.929	-95.261
124.459	121.045	-94.57
130.526	121.096	-94.611
-120.46	137.258	-99.724
-102.935	123.825	-89.964
-89.339	113.452	-82.428
-83.551	112.427	-81.683
-82.023	116.175	-84.406
-79.646	119.372	-86.729
-77.194	122.65	-89.11
-76.647	128.827	-93.598
-72.649	130.001	-94.451
-67.505	128.953	-93.69
-62.774	128.618	-93.446
-58.736	129.02	-93.739
-54.545	129.3	-93.942
-50.178	129.117	-93.809
-46.116	129.179	-93.854
-41.957	128.786	-93.569
-37.541	128.2	-93.143
-33.694	128.588	-93.424
-29.878	128.463	-93.334
-25.978	128.606	-93.438
-22.115	128.833	-93.603
-18.213	129.009	-93.73
-14.363	129.164	-93.843
-10.644	128.69	-93.499
-6.746	129.044	-93.756
-2.995	128.752	-93.544
0.696	129.037	-93.751
4.518	128.845	-93.611
8.376	126.653	-92.018
11.826	124.16	-90.207
15.57	124.418	-90.395
19.515	127.152	-92.381
23.11	125.1	-90.891
26.891	124.974	-90.799
30.451	124.562	-90.5
34.203	124.172	-90.216
38.255	125.147	-90.924
43.446	128.924	-93.669
47.693	129.352	-93.98
51.743	129.435	-94.04
55.85	129.385	-94.004
60.06	129.312	-93.951
64.679	129.614	-94.17
68.95	129.641	-94.19
73.725	129.938	-94.406
77.756	128.976	-93.707
82.194	128.508	-93.366
87.629	129.305	-93.945
92.011	128.607	-93.438
97.52	129.299	-93.941
108.429	129.365	-93.989
109.334	124.078	-90.148
114.575	123.709	-89.88
122.326	125.958	-91.514
130.242	127.892	-92.919
138.729	129.824	-94.323
-120.531	146.673	-98.932
-111.941	143.589	-96.852
-98.12	133.069	-89.756
-90.25	129.593	-87.412
-93.26	141.385	-95.365
-89.272	143.027	-96.473
-83.381	142.023	-95.796
-79.022	143.133	-96.545
-73.302	141.766	-95.623
-68.843	142.379	-96.036
-64.205	142.247	-95.947
-59.653	142.616	-96.195
-55.31	143.248	-96.622
-50.598	142.324	-95.999
-45.924	141.779	-95.631
-41.501	141.945	-95.743
-37.52	142.514	-96.127
-33.214	142.698	-96.251
-28.867	142.296	-95.98
-24.591	141.967	-95.758
-20.43	142.107	-95.852
-16.468	142.606	-96.189
-12.188	141.717	-95.589
-8.088	142.022	-95.795
-4.112	142.035	-95.804
0.0	141.973	-95.762
3.928	142.122	-95.862
8.088	142.022	-95.795
12.056	138.067	-93.128
15.844	136.805	-92.276
19.537	134.952	-91.026
23.546	134.889	-90.984
27.305	134.149	-90.484
31.944	137.645	-92.843
35.181	134.155	-90.489
41.414	142.496	-96.115
45.827	142.101	-95.848
49.868	141.551	-95.478
54.613	141.975	-95.763
59.372	142.696	-96.25
64.158	143.213	-96.598
68.387	141.995	-95.777
73.778	143.333	-96.68
78.045	142.387	-96.041
83.029	142.51	-96.124
88.83	143.565	-96.836
92.928	141.983	-95.769
97.798	141.32	-95.322
103.63	141.668	-95.556
108.949	141.438	-95.401
115.077	141.775	-95.628
113.703	126.379	-85.244
133.162	134.594	-90.785
30.371	26.766	-18.054
30.337	25.468	-17.179
-134.304	160.324	-100.181
-124.015	155.922	-97.431
-115.133	152.526	-95.309
-108.559	151.903	-94.919
-102.313	151.139	-94.442
-97.184	151.892	-94.912
-91.238	151.242	-94.507
-85.331	150.132	-93.813
-80.87	151.363	-94.582
-75.636	151.111	-94.425
-70.835	151.772	-94.838
-65.861	151.523	-94.682
-60.94	151.026	-94.372
-56.172	151.372	-94.588
-51.679	151.283	-94.532
-46.777	150.673	-94.151
-42.499	151.211	-94.487
-37.954	150.821	-94.244
-33.838	152.279	-95.155
-29.01	150.803	-94.232
-24.698	150.22	-93.868
-20.437	151.021	-94.369
-16.193	151.263	-94.52
-11.921	151.081	-94.406
-7.84	151.337	-94.566
-3.527	150.244	-93.883
0.878	151.608	-94.735
4.958	151.127	-94.435
30.053	147.839	-92.38
35.164	152.085	-95.033
39.592	151.257	-94.516
43.758	150.407	-93.985
48.441	150.844	-94.258
53.084	151.221	-94.493
57.449	150.782	-94.219
62.244	150.891	-94.287
67.112	151.218	-94.492
72.035	151.32	-94.555
76.943	151.421	-94.618
81.801	151.236	-94.503
86.978	151.128	-94.435
92.077	150.804	-94.233
97.039	150.293	-93.913
102.84	150.489	-94.036
109.129	151.485	-94.658
114.716	151.065	-94.396
120.69	150.764	-94.208
126.767	150.716	-94.178
134.288	151.988	-94.973
139.09	149.877	-93.653
30.47	27.007	-16.876
30.308	25.688	-16.052
-148.193	177.049	-102.219
-137.422	173.061	-99.917
-128.269	170.138	-98.229
-121.689	170.094	-98.204
-113.935	168.453	-97.256
-106.832	167.123	-96.489
-91.395	151.844	-87.667
-85.637	151.116	-87.247
-81.097	151.91	-87.705
-76.119	152.062	-87.793
-70.756	151.426	-87.426
-66.189	151.671	-87.567
-61.32	151.272	-87.337
-56.173	150.559	-86.925
-54.675	158.896	-91.738
-52.83	167.637	-96.785
-47.771	166.898	-96.359
-42.662	166.226	-95.97
-38.126	167.183	-96.523
-33.309	166.788	-96.295
-28.606	166.698	-96.243
-23.989	166.938	-96.382
-19.359	167.41	-96.654
-14.688	167.462	-96.684
-10.093	168.54	-97.307
-5.563	168.2	-97.11
-0.896	167.358	-96.624
3.638	167.416	-96.658
8.259	168.03	-97.012
12.881	167.399	-96.648
17.572	167.623	-96.777
22.196	167.494	-96.703
26.698	166.826	-96.317
31.333	166.33	-96.03
35.957	166.243	-95.981
40.948	166.836	-96.323
45.843	166.97	-96.4
50.868	167.509	-96.712
55.416	166.852	-96.332
60.599	167.402	-96.649
65.611	166.939	-96.383
81.715	167.861	-96.915
87.121	167.734	-96.842
92.494	167.82	-96.891
97.682	166.476	-96.115
104.124	167.712	-96.829
110.37	168.085	-97.044
116.266	167.886	-96.929
122.329	167.601	-96.765
130.14	169.173	-97.672
136.077	168.204	-97.112
143.395	168.689	-97.393
143.025	160.062	-92.412
140.779	149.803	-86.489
30.861	28.63	-16.529
31.04	27.251	-15.733
-165.454	193.975	-103.138
-154.122	190.23	-101.147
-141.699	184.076	-97.875
-133.915	183.385	-97.507
-126.528	183.202	-97.41
-120.258	183.564	-97.603
-98.411	159.413	-84.761
-88.532	152.49	-81.08
-83.341	152.453	-81.061
-78.343	152.447	-81.058
-73.066	151.41	-80.506
-68.134	151.389	-80.495
-63.653	151.961	-80.799
-58.798	151.309	-80.453
-55.097	153.851	-81.804
-54.248	163.999	-87.2
-52.919	175.144	-93.126
-49.143	179.657	-95.525
-44.197	179.73	-95.564
-39.246	180.107	-95.765
-33.907	179.205	-95.285
-29.016	179.45	-95.415
-24.07	178.73	-95.032
-19.124	178.419	-94.867
-14.181	178.358	-94.835
-9.457	178.933	-95.141
-4.517	178.311	-94.81
0.275	178.245	-94.774
5.212	181.409	-96.457
10.106	182.641	-97.112
14.989	183.508	-97.573
20.031	183.154	-97.385
24.926	182.952	-97.277
29.955	182.765	-97.178
34.953	182.586	-97.083
40.153	183.46	-97.547
44.93	182.233	-96.895
50.374	183.278	-97.451
55.617	182.869	-97.233
60.726	182.472	-97.022
65.964	182.463	-97.017
71.623	183.012	-97.309
76.791	182.102	-96.825
83.573	184.665	-98.188
88.747	183.349	-97.489
94.644	183.633	-97.64
100.42	183.312	-97.469
107.601	185.085	-98.411
113.457	184.024	-97.847
119.415	183.662	-97.655
126.114	183.502	-97.57
133.212	184.071	-97.872
139.684	183.173	-97.395
143.049	178.305	-94.806
143.762	170.179	-90.486
142.898	161.039	-85.626
139.735	149.92	-79.714
140.01	143.074	-76.074
141.431	137.629	-73.179
144.486	134.068	-71.285
-154.602	182.322	-88.924
-140.751	174.721	-85.217
-142.521	185.948	-90.693
-133.521	183.369	-89.435
-126.801	183.834	-89.662
-119.593	183.28	-89.392
-97.993	159.507	-77.797
-88.598	152.768	-74.51
-83.238	152.335	-74.299
-77.963	151.781	-74.029
-73.23	152.28	-74.272
-67.848	150.698	-73.501
-63.511	151.666	-73.972
-59.024	151.648	-73.964
-54.835	152.819	-74.535
-54.375	163.839	-79.91
-53.205	175.215	-85.458
-49.576	179.548	-87.571
-44.762	180.774	-88.169
-39.482	179.681	-87.636
-34.729	180.769	-88.167
-29.523	179.221	-87.412
-24.703	178.813	-87.213
-19.858	179.706	-87.649
-15.12	179.56	-87.577
-10.367	179.675	-87.633
-5.588	178.745	-87.18
-0.763	179.668	-87.63
4.064	191.318	-93.312
9.186	193.964	-94.602
13.975	187.72	-91.557
18.853	185.525	-90.487
23.652	184.787	-90.126
29.018	186.687	-91.053
33.994	186.007	-90.722
38.883	185.735	-90.589
47.69	201.656	-98.354
53.684	203.669	-99.336
59.45	203.858	-99.428
65.395	204.347	-99.667
70.981	203.307	-99.159
76.636	202.733	-98.88
83.492	204.44	-99.712
88.846	202.561	-98.795
95.075	202.85	-98.937
101.898	203.906	-99.452
107.979	202.759	-98.892
113.81	201.301	-98.181
120.323	200.875	-97.973
128.448	202.634	-98.831
133.971	200.276	-97.681
139.741	198.103	-96.621
144.258	184.314	-89.896
143.248	173.996	-84.864
143.59	165.838	-80.884
141.077	155.021	-75.609
139.737	146.002	-71.21
139.481	139.079	-67.833
145.244	138.243	-67.426
-142.56	176.607	-78.63
-153.955	199.816	-88.964
-135.754	185.714	-82.685
-128.348	185.049	-82.389
-122.056	185.803	-82.725
-115.603	186.071	-82.844
-90.755	155.009	-69.015
-85.72	155.468	-69.219
-80.83	155.795	-69.365
-76.66	157.295	-70.032
-71.859	157.271	-70.022
-66.465	155.885	-69.405
-62.278	156.981	-69.893
-56.952	155.075	-69.044
-54.145	159.454	-70.994
-53.874	172.348	-76.734
-51.601	181.459	-80.791
-46.677	181.982	-81.024
-41.641	181.646	-80.874
-36.703	181.464	-80.793
-31.865	180.606	-80.411
-27.038	181.124	-80.642
-22.288	181.341	-80.738
-17.552	181.568	-80.839
-12.838	181.211	-80.68
-8.047	180.824	-80.508
-3.32	179.372	-79.861
1.405	181.06	-80.613
6.392	198.199	-88.244
11.127	189.036	-84.164
15.829	186.993	-83.254
20.751	186.223	-82.912
25.625	186.038	-82.83
30.659	187.411	-83.441
35.188	184.961	-82.35
40.336	185.782	-82.715
52.649	216.952	-96.593
58.352	216.061	-96.196
64.296	216.376	-96.337
70.531	216.656	-96.461
76.868	217.131	-96.673
82.38	215.316	-95.865
88.77	215.286	-95.852
95.275	215.935	-96.141
102.023	216.285	-96.296
108.456	215.694	-96.033
112.916	211.059	-93.969
120.31	211.979	-94.379
129.061	214.909	-95.684
136.863	215.608	-95.995
143.585	214.315	-95.419
142.276	191.007	-85.042
143.399	183.023	-81.487
143.632	174.425	-77.659
142.242	164.096	-73.06
139.911	153.767	-68.461
139.658	146.285	-65.13
140.195	139.998	-62.331
147.111	139.929	-62.3
-154.477	183.427	-74.109
-141.255	176.39	-71.266
-142.445	187.095	-75.591
-135.429	186.931	-75.525
-127.368	185.258	-74.849
-121.034	186.307	-75.273
-115.41	187.697	-75.835
-73.753	153.028	-61.827
-46.469	182.53	-73.747
-41.518	182.819	-73.864
-36.536	182.222	-73.622
-31.688	182.601	-73.776
-26.875	181.977	-73.524
-22.301	182.368	-73.681
-17.553	182.58	-73.767
-12.894	182.403	-73.696
-8.012	181.507	-73.333
-3.468	181.375	-73.28
1.174	181.4	-73.29
5.842	185.59	-74.983
10.772	189.578	-76.594
15.414	185.466	-74.933
20.2	185.49	-74.943
24.932	185.345	-74.884
29.905	185.181	-74.818
34.7	185.119	-74.793
39.582	185.031	-74.757
52.32	219.95	-88.866
62.066	235.172	-95.016
68.995	236.678	-95.624
75.083	235.49	-95.144
81.393	234.436	-94.718
88.004	234.682	-94.818
95.124	235.502	-95.149
101.639	234.35	-94.684
109.127	235.681	-95.221
115.445	233.691	-94.417
123.41	235.254	-95.049
130.162	233.697	-94.42
137.257	232.72	-94.025
144.436	231.663	-93.598
142.49	204.904	-82.787
142.427	194.52	-78.591
143.336	185.996	-75.147
143.025	176.379	-71.262
143.5	168.49	-68.075
140.554	156.953	-63.413
139.729	148.381	-59.95
140.151	141.811	-57.295
143.814	138.912	-56.124
-155.375	184.791	-67.258
-141.981	177.556	-64.625
-142.988	187.613	-68.286
-133.545	184.525	-67.162
-127.14	184.964	-67.321
-119.805	184.052	-66.99
-113.832	185.04	-67.349
-107.016	183.658	-66.846
-46.337	179.853	-65.461
-40.544	175.704	-63.951
-36.045	176.304	-64.169
-31.273	176.202	-64.132
-26.687	175.656	-63.934
-22.001	175.496	-63.875
-17.439	175.712	-63.954
-13.03	175.79	-63.982
-8.439	176.108	-64.098
-4.06	174.835	-63.635
0.508	175.017	-63.701
5.703	239.609	-87.21
9.708	185.694	-67.587
14.415	185.707	-67.592
19.035	184.182	-67.037
24.084	185.577	-67.544
28.717	185.754	-67.609
33.568	185.392	-67.477
38.627	187.009	-68.066
43.146	184.548	-67.17
60.778	236.754	-86.171
67.249	236.614	-86.121
73.913	237.326	-86.379
80.019	236.68	-86.144
86.37	235.918	-85.867
92.78	235.138	-85.583
99.241	234.491	-85.348
106.601	235.455	-85.699
112.671	232.998	-84.804
120.216	233.878	-85.125
127.467	233.662	-85.046
134.857	233.397	-84.949
141.72	231.975	-84.432
142.704	198.926	-72.403
142.723	189.002	-68.791
144.174	181.326	-65.997
143.71	172.073	-62.629
141.732	161.387	-58.74
139.707	151.522	-55.149
139.718	144.382	-52.551
141.23	139.013	-50.596
144.201	135.43	-49.293
-144.221	178.653	-58.048
-154.749	200.951	-65.293
-136.033	186.168	-60.49
-129.285	186.209	-60.503
-121.855	185.24	-60.188
-115.087	184.319	-59.889
-109.228	185.257	-60.194
-102.638	184.071	-59.808
-66.0	163.655	-53.175
-42.28	176.585	-57.376
-37.784	176.873	-57.47
-33.009	176.914	-57.483
-28.543	177.015	-57.516
-23.982	176.595	-57.379
-19.569	176.608	-57.383
-14.996	175.7	-57.089
-10.596	175.776	-57.113
-6.166	176.181	-57.245
-1.765	175.866	-57.142
2.649	184.726	-60.021
7.404	187.012	-60.764
12.272	189.138	-61.455
16.682	185.42	-60.247
21.441	186.197	-60.499
25.996	185.84	-60.383
30.78	185.153	-60.16
35.655	185.787	-60.366
40.535	186.361	-60.552
56.614	235.565	-76.54
63.655	238.376	-77.453
69.866	237.834	-77.277
76.046	236.561	-76.863
82.959	237.308	-77.106
89.058	236.109	-76.716
95.674	235.694	-76.582
102.194	235.187	-76.417
109.647	236.296	-76.777
116.974	236.885	-76.968
123.296	235.03	-76.366
130.334	234.048	-76.047
136.966	232.452	-75.528
144.955	232.877	-75.666
142.457	205.546	-66.786
142.984	196.022	-63.692
143.249	186.445	-60.58
143.602	177.786	-57.766
141.265	166.188	-53.998
140.998	157.877	-51.297
139.887	149.469	-48.566
139.489	142.029	-46.148
143.509	139.192	-45.226
150.352	139.298	-45.261
-146.999	179.345	-51.426
-156.756	200.418	-57.469
-140.085	188.567	-54.071
-132.716	188.14	-53.948
-125.87	187.994	-53.906
-119.024	188.2	-53.965
-112.013	186.967	-53.612
-105.693	186.514	-53.482
-99.909	186.847	-53.577
-93.094	185.012	-53.051
-87.448	184.587	-52.929
-81.853	184.803	-52.991
-76.659	185.144	-53.089
-71.251	184.876	-53.012
-65.932	184.227	-52.826
-60.62	183.94	-52.744
-55.498	183.401	-52.589
-50.81	183.882	-52.727
-45.715	183.26	-52.549
-41.064	183.734	-52.685
-36.081	183.5	-52.618
-31.613	183.749	-52.689
-26.944	183.561	-52.635
-22.223	183.491	-52.615
-17.756	183.554	-52.633
-13.064	183.171	-52.523
-8.544	182.407	-52.304
-4.058	183.343	-52.573
0.623	182.903	-52.447
5.853	239.841	-68.773
9.744	186.514	-53.482
14.34	186.866	-53.583
19.029	186.769	-53.555
23.566	184.91	-53.022
28.188	185.453	-53.178
32.937	185.777	-53.271
37.728	186.304	-53.422
42.226	184.278	-52.841
59.625	236.744	-67.885
66.083	237.071	-67.979
72.604	238.233	-68.312
78.387	236.282	-67.753
85.014	236.495	-67.814
91.359	235.864	-67.633
97.938	235.975	-67.665
104.302	234.775	-67.321
111.299	234.933	-67.366
118.601	235.539	-67.54
126.287	236.177	-67.723
133.118	235.369	-67.491
140.854	235.256	-67.458
144.79	228.941	-65.648
143.324	214.834	-61.603
142.951	203.245	-58.279
143.269	193.41	-55.459
143.972	184.912	-53.023
143.623	175.324	-50.273
142.065	165.295	-47.397
139.812	154.434	-44.283
139.615	147.104	-42.181
139.207	139.708	-40.061
145.109	138.957	-39.845
149.318	136.209	-39.057
-150.35	182.072	-45.396
-156.598	198.918	-49.596
-141.286	188.903	-47.099
-133.1	187.361	-46.714
-125.583	186.299	-46.45
-119.753	187.086	-46.646
-112.438	185.791	-46.323
-106.27	186.022	-46.38
-99.645	184.5	-46.001
-94.267	185.222	-46.181
-88.838	185.648	-46.287
-82.616	183.949	-45.864
-77.006	183.637	-45.786
-71.734	183.562	-45.767
-66.737	183.657	-45.791
-61.51	183.174	-45.671
-54.574	176.993	-44.129
-49.836	176.795	-44.08
-46.639	182.992	-45.625
-42.024	182.749	-45.564
-37.155	182.281	-45.448
-32.611	182.654	-45.541
-28.033	183.025	-45.633
-23.306	182.524	-45.508
-18.743	182.604	-45.528
-14.033	181.882	-45.348
-9.61	182.687	-45.549
-5.058	181.743	-45.314
-0.664	181.784	-45.324
3.731	181.822	-45.333
8.56	187.884	-46.845
13.223	188.651	-47.036
18.955	203.198	-50.663
22.198	186.781	-46.57
26.839	186.035	-46.384
31.915	187.886	-46.845
36.339	186.831	-46.582
40.991	186.121	-46.405
57.105	234.74	-58.527
64.228	238.822	-59.545
70.345	238.279	-59.41
77.127	239.626	-59.745
82.082	235.256	-58.656
89.37	237.241	-59.151
96.47	238.391	-59.438
101.905	235.437	-58.701
108.532	234.973	-58.585
115.994	235.632	-58.75
123.182	235.848	-58.804
130.31	235.468	-58.709
137.528	234.813	-58.545
144.826	234.16	-58.383
140.952	215.846	-53.816
142.859	207.698	-51.785
143.183	197.723	-49.298
143.851	188.522	-47.004
144.226	180.026	-44.885
143.783	170.659	-42.55
142.011	160.358	-39.982
139.356	149.926	-37.381
139.34	142.94	-35.639
144.094	141.039	-35.165
150.583	140.559	-35.045
-146.209	181.922	-38.669
-156.117	203.338	-43.221
-137.855	189.261	-40.229
-131.196	189.586	-40.298
-124.965	190.035	-40.393
-118.154	190.106	-40.408
-112.069	190.107	-40.408
-105.879	190.248	-40.439
-98.19	186.732	-39.691
-91.682	185.019	-39.327
-85.967	185.05	-39.334
-80.813	185.24	-39.374
-74.82	183.585	-39.022
-68.716	181.583	-38.597
-63.401	180.427	-38.351
-58.136	179.501	-38.154
-51.846	174.877	-37.171
-51.061	187.831	-39.925
-44.467	181.391	-38.556
-39.676	181.126	-38.499
-35.403	182.668	-38.827
-30.932	182.947	-38.887
-26.498	184.057	-39.122
-21.855	183.187	-38.938
-17.399	184.109	-39.134
-12.715	183.618	-39.029
-8.354	183.71	-39.049
-3.699	181.728	-38.628
0.714	182.888	-38.874
9.839	188.561	-40.08
14.361	188.333	-40.031
22.676	229.701	-48.824
23.576	187.812	-39.921
28.059	186.777	-39.701
32.893	187.857	-39.93
37.526	187.199	-39.79
42.018	186.108	-39.558
50.065	199.891	-42.488
64.273	233.862	-49.709
71.324	237.663	-50.517
78.428	239.88	-50.988
83.922	236.724	-50.317
90.566	237.53	-50.488
97.221	237.609	-50.505
103.994	237.299	-50.439
110.323	236.109	-50.186
117.166	235.628	-50.084
125.59	238.201	-50.631
131.722	236.07	-50.178
138.638	234.88	-49.925
143.97	231.217	-49.147
142.093	215.952	-45.902
143.688	207.272	-44.057
143.848	197.034	-41.881
142.717	185.78	-39.489
144.364	178.923	-38.031
141.721	167.048	-35.507
139.954	157.221	-33.418
140.144	149.844	-31.85
139.036	141.678	-30.115
143.838	139.701	-29.694
149.377	138.505	-29.44
-151.859	192.498	-33.943
-144.548	192.488	-33.941
-135.857	190.523	-33.594
-130.131	191.909	-33.839
-121.74	189.442	-33.404
-115.351	189.645	-33.439
-109.196	189.588	-33.429
-101.758	186.992	-32.972
-96.047	187.531	-33.067
-89.027	184.72	-32.571
-84.932	187.174	-33.004
-77.582	182.9	-32.25
-71.94	182.036	-32.098
-66.803	181.831	-32.062
-61.395	180.376	-31.805
-56.228	179.196	-31.597
-50.074	174.852	-30.831
-49.241	188.357	-33.212
-42.633	181.18	-31.947
-38.53	183.427	-32.343
-34.113	184.348	-32.506
-29.285	182.734	-32.221
-24.711	182.917	-32.253
-20.265	183.149	-32.294
-15.887	183.444	-32.346
-11.538	184.129	-32.467
-7.037	184.053	-32.454
-2.566	181.704	-32.039
1.906	181.096	-31.932
6.491	188.975	-33.321
12.807	226.475	-39.934
21.796	205.841	-36.295
26.869	205.755	-36.28
30.913	199.602	-35.195
35.245	194.98	-34.38
39.917	194.029	-34.213
44.031	190.665	-33.619
51.078	199.66	-35.205
66.675	238.791	-42.105
71.53	233.596	-41.189
77.25	232.626	-41.018
85.374	238.044	-41.974
92.229	238.556	-42.064
98.167	237.045	-41.797
104.388	236.253	-41.658
111.695	236.904	-41.773
118.51	236.502	-41.702
125.925	236.96	-41.782
133.082	236.744	-41.744
139.945	235.731	-41.566
144.016	229.471	-40.462
142.635	215.786	-38.049
143.81	206.187	-36.356
143.857	196.004	-34.561
143.751	186.276	-32.845
143.042	176.207	-31.07
141.489	165.875	-29.248
140.751	157.277	-27.732
139.804	148.697	-26.219
139.702	141.77	-24.998
144.76	139.942	-24.675
148.824	137.046	-24.165
-146.06	183.473	-25.785
-156.175	205.35	-28.86
-136.782	189.566	-26.642
-130.853	190.76	-26.81
-124.651	191.677	-26.938
-117.249	189.935	-26.694
-111.075	190.515	-26.775
-105.794	191.58	-26.925
-97.665	187.531	-26.356
-90.689	184.899	-25.986
-85.726	185.874	-26.123
-80.083	185.421	-26.059
-73.619	182.443	-25.641
-68.51	182.061	-25.587
-62.984	180.658	-25.39
-58.038	180.224	-25.329
-52.04	176.447	-24.798
-51.071	189.157	-26.584
-44.295	182.05	-25.585
-39.829	182.375	-25.631
-35.506	183.828	-25.835
-30.944	183.732	-25.822
-26.536	184.782	-25.969
-22.205	184.917	-25.988
-17.606	185.302	-26.043
-13.076	183.734	-25.822
-8.663	184.907	-25.987
-4.106	181.793	-25.549
0.151	182.259	-25.615
5.336	242.187	-34.037
9.17	184.833	-25.977
13.538	185.886	-26.125
18.174	187.985	-26.42
23.863	197.811	-27.8
28.329	195.356	-27.456
33.183	195.71	-27.505
44.272	230.235	-32.357
53.157	218.21	-30.667
61.823	230.745	-32.429
68.373	233.002	-32.746
74.704	234.18	-32.912
82.179	237.816	-33.423
82.507	220.726	-31.021
129.093	236.521	-33.241
136.456	236.575	-33.249
143.635	235.847	-33.146
143.033	222.734	-31.303
142.839	210.945	-29.646
142.921	200.492	-28.177
143.513	191.295	-26.885
143.16	181.352	-25.487
142.643	172.12	-24.19
141.951	163.319	-22.953
139.692	152.878	-21.486
139.529	145.602	-20.463
140.992	140.154	-19.697
147.739	140.129	-19.694
155.996	141.32	-19.861
-145.309	183.108	-19.245
-155.328	204.999	-21.546
-136.749	190.006	-19.97
-131.187	191.955	-20.175
-124.997	192.456	-20.228
-117.379	190.73	-20.046
-110.924	190.473	-20.02
-105.796	192.033	-20.184
-97.785	188.191	-19.78
-90.908	185.753	-19.523
-85.807	186.58	-19.61
-80.288	186.13	-19.563
-73.673	183.071	-19.242
-68.475	182.75	-19.208
-63.149	181.588	-19.086
-58.012	180.745	-18.997
-51.75	175.683	-18.465
-45.443	169.59	-17.825
-44.484	182.735	-19.206
-39.917	182.122	-19.142
-35.783	184.692	-19.412
-31.268	184.896	-19.433
-26.805	185.638	-19.511
-22.295	185.601	-19.507
-17.807	184.981	-19.442
-13.275	184.46	-19.387
-8.928	184.843	-19.428
-4.252	182.396	-19.171
0.05	181.724	-19.1
5.026	241.145	-25.345
10.811	243.221	-25.564
14.18	202.467	-21.28
21.966	237.034	-24.913
28.142	241.545	-25.387
33.92	240.508	-25.278
38.738	234.145	-24.61
45.617	240.384	-25.265
51.538	240.494	-25.277
52.26	217.009	-22.809
56.526	212.581	-22.343
61.827	211.816	-22.263
67.42	212.052	-22.288
74.012	215.102	-22.608
81.096	218.799	-22.997
155.61	345.814	-36.347
129.081	238.448	-25.062
136.749	238.857	-25.105
143.336	237.097	-24.92
142.924	223.789	-23.521
143.04	212.525	-22.337
143.288	202.221	-21.254
143.325	192.193	-20.2
143.833	183.501	-19.287
142.755	173.187	-18.203
141.942	164.191	-17.257
140.36	154.777	-16.268
139.386	146.397	-15.387
140.641	140.789	-14.797
147.363	140.834	-14.802
153.754	140.348	-14.751
-147.449	150.91	-10.553
-151.42	162.426	-11.358
-146.255	164.546	-11.506
-149.448	176.106	-12.315
-142.782	176.875	-12.368
-153.931	199.666	-13.962
-140.447	191.736	-13.407
-135.273	194.068	-13.571
-126.703	191.755	-13.409
-120.409	191.876	-13.417
-113.767	191.591	-13.397
-106.556	189.806	-13.273
-99.657	187.959	-13.143
-94.572	189.219	-13.232
-88.07	187.205	-13.091
-81.708	184.969	-12.934
-76.431	184.639	-12.911
-70.789	183.662	-12.843
-65.349	182.508	-12.762
-59.746	180.579	-12.627
-53.884	177.199	-12.391
-49.236	176.548	-12.345
-42.194	167.264	-11.696
-41.713	182.279	-12.746
-37.688	185.567	-12.976
-33.03	185.385	-12.963
-28.327	184.266	-12.885
-23.93	184.432	-12.897
-19.571	185.269	-12.955
-15.204	184.976	-12.935
-10.619	184.77	-12.92
-6.338	185.414	-12.965
-1.801	182.994	-12.796
2.497	186.378	-13.033
8.238	242.918	-16.986
14.203	243.642	-17.037
19.757	241.981	-16.921
25.69	242.554	-16.961
31.538	242.546	-16.96
36.993	239.33	-16.736
43.14	241.75	-16.905
47.59	233.669	-16.34
50.977	223.043	-15.597
55.634	219.026	-15.316
60.47	216.142	-15.114
64.679	210.835	-14.743
71.449	214.964	-15.032
77.863	217.27	-15.193
92.313	240.093	-16.789
150.587	323.53	-22.623
125.327	237.47	-16.606
132.383	237.174	-16.585
139.748	236.963	-16.57
144.603	232.257	-16.241
143.857	219.275	-15.333
143.287	207.249	-14.492
143.611	197.182	-13.788
143.441	187.325	-13.099
143.256	178.159	-12.458
141.44	167.315	-11.7
140.426	158.336	-11.072
139.683	149.918	-10.483
138.938	142.121	-9.938
144.066	140.537	-9.827
150.695	140.183	-9.803
-158.326	183.735	-6.416
-148.7	181.182	-6.327
-155.347	198.491	-6.931
-145.328	195.164	-6.815
-135.064	190.663	-6.658
-127.023	188.982	-6.599
-120.595	189.067	-6.602
-113.875	188.938	-6.598
-108.161	189.247	-6.609
-101.278	187.636	-6.552
-96.467	189.339	-6.612
-89.645	186.911	-6.527
-83.161	184.633	-6.448
-76.953	182.702	-6.38
-71.647	181.922	-6.353
-66.236	180.795	-6.314
-60.511	178.309	-6.227
-55.593	177.39	-6.195
-50.552	176.37	-6.159
-43.473	167.243	-5.84
-41.941	177.79	-6.209
-38.503	182.499	-6.373
-34.146	183.287	-6.401
-29.662	182.647	-6.378
-25.29	183.101	-6.394
-20.813	183.009	-6.391
-16.489	183.173	-6.397
-11.955	183.049	-6.392
-7.678	182.602	-6.377
-3.348	183.083	-6.393
0.912	185.76	-6.487
6.305	245.744	-8.582
12.127	243.975	-8.52
17.913	242.692	-8.475
23.778	243.318	-8.497
29.472	242.62	-8.472
34.658	237.971	-8.31
40.682	239.348	-8.358
47.106	242.192	-8.458
49.795	226.813	-7.92
54.254	221.059	-7.72
59.931	221.117	-7.722
65.189	219.939	-7.68
69.511	216.41	-7.557
75.775	218.191	-7.619
89.684	240.324	-8.392
148.224	326.937	-11.417
113.633	220.497	-7.7
128.821	236.346	-8.253
137.39	238.421	-8.326
144.05	236.951	-8.275
143.351	223.665	-7.811
143.189	211.658	-7.391
143.214	201.12	-7.023
143.673	192.065	-6.707
143.647	182.514	-6.374
142.224	172.044	-6.008
141.596	163.148	-5.697
139.364	152.998	-5.343
138.927	145.274	-5.073
141.455	140.984	-4.923
148.213	141.178	-4.93
154.334	140.179	-4.895
-154.342	186.816	0.0
-155.873	197.946	0.0
-154.758	206.306	0.0
-136.39	191.432	0.0
-129.851	191.834	0.0
-124.548	193.864	0.0
-116.635	191.736	0.0
-110.478	191.837	0.0
-105.638	193.804	0.0
-97.218	189.014	0.0
-90.25	186.457	0.0
-85.097	187.135	0.0
-79.75	187.168	0.0
-72.998	183.407	0.0
-68.17	183.55	0.0
-62.703	182.425	0.0
-57.56	181.176	0.0
-50.221	172.826	0.0
-44.157	167.166	0.0
-41.963	175.632	0.0
-39.483	183.782	0.0
-35.517	185.964	0.0
-30.978	186.368	0.0
-26.417	186.488	0.0
-21.943	186.262	0.0
-17.499	187.636	0.0
-12.886	185.729	0.0
-8.359	185.637	0.0
-3.781	182.411	0.0
0.499	183.149	0.0
5.553	242.361	0.0
11.269	244.34	0.0
17.068	243.127	0.0
22.984	243.568	0.0
28.695	243.012	0.0
34.084	238.275	0.0
40.511	242.489	0.0
46.294	242.394	0.0
50.371	232.609	0.0
55.365	229.234	0.0
59.592	223.621	0.0
63.305	216.093	0.0
68.373	214.806	0.0
76.26	221.278	0.0
88.79	239.869	0.0
224.27	536.052	0.0
150.129	333.518	0.0
128.955	238.124	0.0
136.757	238.671	0.0
142.989	236.657	0.0
142.116	223.077	0.0
143.18	213.15	0.0
143.878	203.347	0.0
143.133	192.554	0.0
143.183	182.958	0.0
143.373	174.409	0.0
141.918	164.523	0.0
139.911	154.452	0.0
139.713	147.066	0.0
141.034	141.419	0.0
147.525	141.224	0.0
154.854	141.587	0.0
-151.219	185.9	6.492
-156.725	201.948	7.052
-142.605	193.263	6.749
-135.546	193.014	6.74
-129.486	194.13	6.779
-121.394	191.933	6.702
-115.078	192.354	6.717
-110.179	194.251	6.783
-101.3	189.156	6.605
-96.27	190.363	6.648
-88.799	186.844	6.525
-84.329	188.737	6.591
-77.746	186.001	6.495
-71.124	182.341	6.367
-65.652	181.035	6.322
-58.4	173.958	6.075
-51.465	166.767	5.824
-49.593	174.824	6.105
-43.382	168.402	5.881
-41.526	178.426	6.231
-38.737	185.36	6.473
-34.234	186.014	6.496
-29.381	184.742	6.451
-25.133	185.317	6.471
-20.525	185.43	6.475
-16.09	185.541	6.479
-11.831	185.836	6.49
-7.307	185.868	6.491
-2.807	183.692	6.415
1.42	185.906	6.492
6.87	244.355	8.533
12.733	244.095	8.524
18.462	242.902	8.482
24.368	243.185	8.492
30.017	242.679	8.475
47.91	243.486	8.503
52.054	234.656	8.194
59.129	216.519	7.561
64.322	215.505	7.526
71.043	218.515	7.631
81.63	232.794	8.129
220.734	518.912	18.121
149.935	328.328	11.465
131.761	240.178	8.387
138.727	239.381	8.359
144.97	237.005	8.276
142.876	221.326	7.729
143.032	210.436	7.349
142.777	199.468	6.966
143.407	190.516	6.653
144.052	182.004	6.356
142.022	170.848	5.966
142.151	162.798	5.685
140.094	153.043	5.344
138.833	144.465	5.045
142.649	141.555	4.943
148.758	141.003	4.924
158.794	143.52	5.012
-146.948	185.428	12.966
-154.963	205.026	14.337
-137.177	191.294	13.377
-131.999	193.621	13.539
-125.027	193.322	13.518
-118.972	193.791	13.551
-111.816	192.471	13.459
-105.167	191.599	13.398
-91.313	187.151	13.087
-86.545	188.624	13.19
-80.984	187.894	13.139
-74.401	185.006	12.937
-68.054	181.575	12.697
-63.06	181.726	12.707
-55.207	172.531	12.065
-49.74	169.376	11.844
-44.914	168.313	11.77
-41.395	170.364	11.913
-39.998	183.529	12.834
-36.02	185.668	12.983
-31.455	186.264	13.025
-27.365	188.997	13.216
-22.318	186.794	13.062
-17.955	187.086	13.082
-13.424	185.688	12.985
-8.85	185.911	13.0
-4.413	183.399	12.825
0.05	183.751	12.849
4.895	245.277	17.151
10.889	244.212	17.077
16.62	244.765	17.116
22.363	243.508	17.028
28.245	243.753	17.045
45.176	238.791	16.698
49.052	228.983	16.012
55.283	230.542	16.121
59.709	225.987	15.803
64.584	222.39	15.551
71.142	224.657	15.71
82.15	240.554	16.821
88.337	239.266	16.731
227.092	543.975	38.038
128.897	238.369	16.668
137.066	239.838	16.771
143.789	238.133	16.652
142.836	224.471	15.697
143.168	213.24	14.911
143.36	202.942	14.191
143.704	193.401	13.524
143.376	183.375	12.823
142.644	173.775	12.152
142.281	164.995	11.538
139.524	153.988	10.768
138.968	146.244	10.226
141.635	142.062	9.934
147.528	141.345	9.884
155.479	141.89	9.922
-154.593	188.386	19.8
-157.878	201.647	21.194
-152.941	205.438	21.592
-137.85	195.112	20.507
-130.309	193.953	20.385
-123.29	193.63	20.351
-116.072	192.593	20.242
-110.113	193.313	20.318
-104.185	193.467	20.334
-96.725	190.46	20.018
-89.454	187.304	19.686
-84.623	188.749	19.838
-78.511	187.202	19.676
-70.988	181.692	19.097
-65.929	181.375	19.063
-60.597	180.114	18.931
-52.497	169.775	17.844
-48.501	171.567	18.032
-43.45	169.182	17.782
-39.952	172.534	18.134
-38.538	186.301	19.581
-34.103	186.396	19.591
-29.513	186.968	19.651
-24.757	185.843	19.533
-20.365	186.345	19.586
-15.966	186.17	19.567
-11.462	186.373	19.589
-7.018	186.74	19.627
-2.418	183.697	19.307
2.052	187.034	19.658
7.653	244.733	25.722
13.591	245.125	25.764
19.514	244.879	25.738
24.682	237.92	25.006
30.318	236.497	24.857
35.74	234.767	24.675
41.207	232.415	24.428
46.336	229.708	24.143
52.13	229.7	24.142
57.462	227.618	23.924
61.911	222.491	23.385
68.058	223.567	23.498
74.326	225.198	23.669
85.731	241.189	25.35
210.08	519.154	54.565
237.508	549.785	57.785
144.558	311.182	32.707
126.133	239.217	25.143
132.717	238.116	25.027
140.015	237.728	24.986
142.715	229.641	24.136
142.191	216.719	22.778
143.357	207.444	21.803
142.857	196.448	20.648
144.094	188.135	19.774
139.599	164.999	17.342
139.868	157.746	16.58
139.692	149.962	15.762
139.471	142.698	14.998
145.834	142.293	14.956
151.85	141.367	14.858
-151.818	186.589	26.223
-156.299	201.369	28.301
-145.801	197.59	27.769
-136.856	195.358	27.456
-129.085	194.046	27.271
-121.55	192.628	27.072
-114.922	192.36	27.034
-109.943	194.655	27.357
-101.148	189.752	26.668
-96.028	190.989	26.842
-88.11	186.582	26.222
-83.619	188.328	26.468
-77.414	186.369	26.192
-70.52	182.368	25.63
-64.882	180.655	25.389
-59.955	180.546	25.374
-51.666	169.326	23.797
-47.54	170.841	24.01
-43.552	171.778	24.142
-40.621	178.221	25.047
-38.112	187.333	26.328
-33.612	187.572	26.362
-28.767	186.433	26.201
-23.856	186.512	26.213
-19.289	185.636	26.089
-14.922	186.452	26.204
-10.453	186.8	26.253
-5.838	185.907	26.128
-1.267	184.037	25.865
9.218	244.203	34.32
15.016	244.218	34.323
20.768	240.351	33.779
26.438	239.655	33.681
32.151	237.82	33.423
37.027	231.912	32.593
42.545	230.831	32.441
48.558	231.814	32.579
53.832	229.474	32.251
59.496	228.585	32.125
64.062	224.002	31.481
70.397	225.812	31.736
81.589	241.908	33.998
88.004	241.483	33.938
210.188	508.768	71.503
150.391	317.566	44.631
128.785	240.167	33.753
135.849	239.449	33.652
142.542	237.85	33.428
143.175	214.589	30.159
142.652	203.157	28.552
143.191	193.499	27.194
143.949	185.039	26.006
142.429	174.368	24.506
141.59	164.895	23.174
139.669	154.963	21.779
138.9	146.939	20.651
140.164	141.244	19.851
146.971	141.239	19.85
154.495	141.656	19.908
-152.561	186.678	32.916
-155.924	200.231	35.306
-151.408	204.174	36.001
-136.791	194.415	34.281
-129.86	194.596	34.313
-123.735	195.128	34.406
-116.088	193.481	34.116
-109.804	193.461	34.112
-103.039	192.233	33.896
-95.548	189.374	33.392
-89.455	188.386	33.218
-85.297	191.189	33.712
-77.943	186.751	32.929
-71.422	184.133	32.468
-64.858	179.746	31.694
-60.47	181.094	31.932
-52.589	172.078	30.342
-47.939	171.323	30.209
-43.882	172.526	30.421
-40.764	177.863	31.362
-38.019	186.369	32.862
-33.358	186.607	32.904
-28.7	186.336	32.856
-24.129	186.79	32.936
-19.644	186.507	32.886
-15.034	186.823	32.942
-10.51	186.778	32.934
-6.002	186.798	32.938
-1.479	184.153	32.471
9.114	245.521	43.292
14.997	245.882	43.356
20.833	242.9	42.83
26.837	242.55	42.768
31.158	229.685	40.5
36.398	227.117	40.047
41.926	226.566	39.95
48.829	233.422	41.159
55.958	238.995	42.141
59.25	227.412	40.099
63.932	222.778	39.282
71.583	228.793	40.342
81.668	240.808	42.461
88.256	240.428	42.394
129.656	240.143	42.344
136.814	239.514	42.233
143.454	237.609	41.897
143.4	225.18	39.705
143.458	213.576	37.659
143.432	202.552	35.715
143.082	192.175	33.886
143.959	183.825	32.413
142.731	173.483	30.59
142.264	164.584	29.021
139.178	153.483	27.063
139.222	146.067	25.756
140.97	141.273	24.91
148.374	141.724	24.99
156.038	142.204	25.074
-149.78	185.427	39.414
-154.28	200.376	42.591
-142.573	194.95	41.438
-135.471	194.846	41.416
-129.486	196.203	41.704
-121.007	193.388	41.106
-115.146	194.835	41.414
-107.654	192.561	40.93
-100.365	190.23	40.435
-95.277	191.874	40.784
-88.425	189.517	40.283
-82.814	189.11	40.197
-77.07	188.209	40.005
-69.666	183.325	38.967
-63.849	180.897	38.451
-59.071	181.186	38.512
-51.677	173.245	36.824
-46.92	172.41	36.647
-42.863	174.424	37.075
-40.842	184.482	39.213
-36.657	187.463	39.846
-31.946	187.046	39.758
-27.263	186.791	39.704
-22.76	187.219	39.795
-18.127	187.899	39.939
-13.521	187.657	39.888
-8.901	187.676	39.892
-4.327	184.748	39.269
0.103	185.163	39.358
5.439	243.819	51.825
11.396	246.07	52.304
17.327	246.229	52.337
23.373	245.136	52.105
29.127	243.561	51.77
35.027	242.347	51.512
40.444	237.995	50.587
46.882	240.821	51.188
51.705	235.099	49.972
59.659	243.36	51.728
66.021	243.934	51.85
72.333	243.234	51.701
78.326	242.76	51.6
84.978	243.557	51.77
147.782	322.302	68.507
124.688	239.367	50.879
132.157	239.484	50.904
140.166	240.337	51.085
142.47	219.141	46.58
143.824	209.924	44.621
143.382	198.677	42.23
143.871	189.424	40.263
143.661	179.96	38.252
141.978	169.408	36.009
140.383	159.187	33.836
138.644	149.791	31.839
138.721	142.987	30.393
145.002	142.609	30.312
151.455	141.973	30.177
158.264	141.621	30.102
-150.105	184.648	46.038
-154.953	199.975	49.859
-145.778	197.96	49.357
-136.037	194.317	48.449
-130.0	195.634	48.777
-121.777	193.767	48.311
-115.063	193.374	48.214
-109.109	193.975	48.363
-101.221	190.567	47.514
-96.074	191.927	47.853
-88.362	187.997	46.873
-83.814	190.0	47.372
-76.884	186.692	46.548
-70.11	182.858	45.592
-63.992	180.167	44.921
-59.023	179.925	44.86
-51.923	173.023	43.139
-47.148	172.047	42.896
-43.188	173.921	43.363
-40.981	183.865	45.843
-37.03	187.296	46.698
-32.148	186.717	46.554
-27.492	186.485	46.496
-22.528	185.987	46.372
-18.079	186.444	46.486
-13.517	187.561	46.764
-8.75	186.297	46.449
-4.091	184.216	45.93
0.464	183.434	45.735
5.7	244.282	60.906
11.444	242.198	60.387
17.675	244.301	60.911
23.714	244.55	60.973
29.676	244.425	60.942
35.439	241.325	60.169
41.323	240.811	60.041
47.203	238.754	59.528
53.022	238.52	59.47
60.225	242.822	60.542
66.367	241.912	60.315
72.716	241.578	60.232
78.74	240.939	60.073
85.993	242.752	60.525
148.421	319.462	79.651
126.988	240.365	59.93
134.122	239.84	59.799
141.219	239.137	59.624
143.787	218.207	54.405
143.024	205.985	51.358
142.957	195.591	48.766
144.51	187.774	46.817
144.143	178.211	44.433
142.338	167.447	41.749
139.939	157.063	39.16
138.223	147.813	36.854
138.936	141.44	35.265
145.35	141.264	35.221
152.647	141.555	35.294
159.659	141.412	35.258
-158.026	186.96	53.61
-147.523	183.251	52.546
-154.43	201.304	57.723
-140.859	193.486	55.481
-134.271	193.852	55.586
-129.004	196.419	56.322
-121.021	194.451	55.758
-114.895	195.209	55.975
-107.415	193.049	55.356
-100.327	191.334	54.864
-94.902	192.067	55.074
-87.777	189.373	54.302
-82.066	189.28	54.275
-75.778	187.465	53.755
-68.989	183.292	52.558
-62.802	180.097	51.642
-57.618	179.931	51.595
-51.271	175.116	50.214
-46.438	174.175	49.944
-43.703	181.741	52.113
-40.043	185.563	53.209
-35.351	186.759	53.552
-30.789	187.528	53.773
-26.11	187.868	53.87
-21.621	188.346	54.007
-16.814	187.086	53.646
-12.064	187.087	53.646
-7.357	187.818	53.856
-2.676	184.953	53.034
1.909	186.908	53.595
7.792	247.363	70.93
13.97	247.208	70.886
19.734	244.435	70.091
26.073	246.204	70.598
32.333	246.462	70.672
38.172	245.519	70.401
44.441	245.006	70.254
50.445	244.125	70.002
56.602	243.54	69.834
62.925	243.167	69.727
69.062	242.719	69.599
75.894	243.362	69.783
82.179	241.999	69.392
88.376	240.941	69.089
193.781	463.592	132.933
145.616	323.851	92.863
130.936	240.979	69.1
137.473	239.323	68.625
145.152	238.805	68.476
147.343	229.579	65.831
142.594	210.566	60.379
143.073	200.694	57.548
143.496	190.947	54.753
144.101	182.472	52.323
143.707	173.083	49.631
140.872	161.56	46.326
140.24	153.212	43.933
139.239	144.793	41.519
143.0	142.034	40.728
150.001	141.927	40.697
157.842	142.653	40.905
164.517	141.848	40.674
-157.135	185.996	60.434
-146.459	182.144	59.182
-153.51	200.487	65.142
-140.467	192.908	62.68
-133.678	193.109	62.745
-127.295	193.979	63.028
-120.67	194.466	63.186
-114.563	195.304	63.458
-106.293	191.888	62.348
-99.12	189.851	61.686
-94.134	191.581	62.249
-86.677	187.903	61.053
-80.867	187.845	61.034
-75.963	188.975	61.402
-68.051	182.448	59.281
-62.504	180.934	58.789
-57.066	179.797	58.42
-50.787	175.655	57.074
-46.342	175.954	57.171
-43.581	184.105	59.819
-39.236	186.006	60.437
-34.583	187.129	60.802
-29.787	186.767	60.684
-24.975	186.302	60.533
-20.344	187.026	60.768
-15.681	187.527	60.931
-10.976	187.448	60.906
-6.128	185.769	60.36
-1.651	185.711	60.341
9.424	246.993	80.253
15.594	246.901	80.223
21.644	245.295	79.701
28.007	245.692	79.83
34.128	246.023	79.938
40.275	244.868	79.562
46.605	245.879	79.891
52.399	243.245	79.035
58.779	243.045	78.97
65.519	243.96	79.267
71.849	243.306	79.055
77.782	242.197	78.695
84.744	242.857	78.909
126.258	241.17	78.361
132.684	239.213	77.725
141.733	241.467	78.457
142.546	206.287	67.027
142.816	196.364	63.803
143.193	187.013	60.764
142.957	177.687	57.734
142.842	168.889	54.875
140.219	157.788	51.268
139.793	150.026	48.746
139.629	142.717	46.372
145.303	141.548	45.992
153.116	142.323	46.244
159.819	141.739	46.054
166.333	140.728	45.725
-159.407	175.386	63.835
-156.154	180.198	65.587
-150.567	182.629	66.472
-147.714	188.014	68.432
-144.838	193.925	70.583
-137.309	193.218	70.326
-130.957	194.215	70.688
-124.804	195.544	71.172
-116.843	193.572	70.454
-111.436	195.141	71.026
-105.608	196.22	71.418
-98.423	194.04	70.625
-92.281	193.911	70.578
-85.627	191.884	69.84
-77.943	187.433	68.22
-71.443	184.765	67.249
-65.27	182.315	66.357
-59.886	181.407	66.027
-54.146	179.285	65.254
-49.006	178.063	64.81
-47.388	190.509	69.34
-41.312	186.382	67.837
-36.31	185.795	67.624
-31.589	186.103	67.736
-26.66	185.977	67.69
-21.792	186.04	67.713
-17.175	186.82	67.997
-12.222	186.104	67.736
-7.523	185.078	67.363
-2.857	185.711	67.593
1.862	188.753	68.7
7.929	248.296	90.372
14.106	247.748	90.173
20.295	246.614	89.76
26.787	247.271	89.999
32.928	246.994	89.898
39.261	245.938	89.514
45.404	245.098	89.208
51.723	245.044	89.189
58.09	244.96	89.158
64.496	243.928	88.783
70.955	242.997	88.444
77.784	244.309	88.921
84.122	243.288	88.549
91.409	244.469	88.979
98.077	243.86	88.758
104.788	242.574	88.29
112.523	243.906	88.774
118.568	241.338	87.84
126.108	241.294	87.824
134.115	242.095	88.115
141.393	240.935	87.693
142.02	205.38	74.752
143.849	197.485	71.879
143.166	186.77	67.979
144.091	178.768	65.066
142.892	168.428	61.303
140.157	157.394	57.287
139.161	149.195	54.303
140.324	143.352	52.176
147.608	143.713	52.307
154.472	143.582	52.259
161.4	143.064	52.071
167.843	141.935	51.66
-158.668	173.299	70.017
-153.267	175.585	70.941
-150.135	180.595	72.965
-145.709	184.146	74.4
-152.379	202.125	81.664
-138.267	193.229	78.07
-131.245	193.215	78.064
-124.236	193.256	78.081
-117.177	192.764	77.882
-110.879	192.715	77.862
-104.747	193.206	78.06
-98.101	191.907	77.536
-91.845	191.688	77.447
-86.183	191.878	77.524
-80.151	191.255	77.272
-73.959	190.015	76.771
-68.872	190.674	77.037
-63.301	190.484	76.961
-58.019	190.143	76.823
-52.508	189.314	76.488
-47.068	188.327	76.089
-42.672	191.262	77.275
-37.41	190.628	77.019
-32.24	190.078	76.796
-27.282	190.136	76.82
-22.484	190.349	76.906
-17.314	189.44	76.539
-12.512	189.672	76.632
-7.567	189.085	76.395
-2.809	187.227	75.644
2.133	185.959	75.132
8.148	247.257	99.898
14.592	247.815	100.124
21.002	247.419	99.964
27.191	246.993	99.792
33.544	246.625	99.643
39.954	246.037	99.405
46.397	245.933	99.364
52.579	244.389	98.74
59.46	246.451	99.573
65.682	244.539	98.8
72.543	245.127	99.038
79.377	244.777	98.896
86.337	245.231	99.08
92.507	243.265	98.285
99.832	243.914	98.547
106.45	242.572	98.006
113.692	242.615	98.023
120.655	241.623	97.622
128.863	242.948	98.157
135.654	241.292	97.488
143.601	241.284	97.485
140.653	200.456	80.99
141.872	191.841	77.509
143.191	184.21	74.425
143.965	175.837	71.043
142.778	166.24	67.165
139.683	154.518	62.429
139.454	147.033	59.405
141.99	142.731	57.667
150.077	143.778	58.09
156.116	142.865	57.721
164.011	143.052	57.797
171.138	142.403	57.535
-157.859	169.88	75.635
-154.493	174.386	77.642
-150.165	177.975	79.24
-147.198	183.187	81.56
-152.536	199.358	88.76
-137.453	189.153	84.217
-130.493	189.51	84.375
-123.724	189.629	84.428
-117.253	189.81	84.509
-110.319	189.169	84.224
-104.533	190.104	84.64
-98.044	189.109	84.197
-92.403	190.016	84.601
-86.435	189.899	84.549
-80.566	189.569	84.401
-75.187	190.166	84.667
-69.211	189.139	84.21
-63.472	187.825	83.625
-57.499	186.056	82.838
-52.111	185.75	82.701
-46.962	185.369	82.531
-41.948	185.763	82.707
-36.7	184.832	82.292
-31.802	184.732	82.248
-26.887	185.014	82.374
-21.98	183.808	81.837
-17.19	184.119	81.975
-12.24	182.824	81.399
-7.595	182.943	81.451
-2.9	183.261	81.593
1.862	183.409	81.659
8.141	243.415	108.375
14.355	242.626	108.024
20.673	242.497	107.967
27.005	242.344	107.899
33.294	241.184	107.382
39.65	242.367	107.909
45.896	240.471	107.065
52.507	240.807	107.214
59.269	242.045	107.766
65.545	240.997	107.299
72.511	241.932	107.715
78.902	240.686	107.16
85.767	240.472	107.065
92.226	239.583	106.669
98.909	238.301	106.098
106.456	239.766	106.751
112.861	237.832	105.889
119.87	236.69	105.381
128.962	239.559	106.658
135.733	238.04	105.982
142.707	236.255	105.188
140.698	197.808	88.07
141.985	189.613	84.421
143.634	182.166	81.105
143.924	173.594	77.289
143.497	164.527	73.252
139.721	152.454	67.877
139.099	144.82	64.478
141.831	140.859	62.714
148.042	140.125	62.388
155.941	140.99	62.773
163.667	141.114	62.828
170.719	140.427	62.522
-156.24	161.366	78.703
-155.164	168.055	81.966
-150.075	170.432	83.125
-150.093	179.022	87.315
-144.833	181.659	88.601
-143.827	189.638	92.492
-138.853	192.636	93.955
-133.848	195.715	95.456
-125.674	194.296	94.764
-119.8	195.887	95.54
-112.602	195.063	95.139
-105.575	194.419	94.824
-98.641	193.144	94.203
-92.141	192.324	93.803
-87.038	194.235	94.735
-80.803	193.761	94.504
-74.852	193.329	94.293
-69.399	193.951	94.596
-62.697	191.199	93.254
-57.58	191.68	93.489
-51.184	188.448	91.912
-46.478	190.397	92.863
-40.752	188.433	91.905
-36.119	191.748	93.522
-30.722	190.44	92.884
-25.645	190.73	93.025
-20.6	190.117	92.726
-15.355	189.21	92.284
-10.392	189.078	92.219
-5.192	187.992	91.69
-0.339	186.297	90.863
11.741	246.313	120.135
18.285	246.621	120.285
25.045	247.202	120.568
31.563	246.598	120.274
38.118	246.212	120.085
44.695	245.818	119.893
51.077	245.085	119.536
58.205	246.119	120.04
64.355	243.562	118.793
71.482	244.299	119.153
78.51	245.076	119.532
84.815	243.161	118.598
92.438	244.754	119.374
99.591	244.272	119.139
106.898	244.301	119.154
115.995	247.863	120.891
122.853	246.017	119.991
129.236	243.186	118.61
137.083	243.121	118.578
144.845	242.446	118.249
140.444	198.979	97.049
142.479	191.541	93.421
143.518	183.05	89.28
144.009	174.721	85.217
136.874	157.637	76.885
137.415	150.746	73.524
138.573	144.945	70.695
142.956	142.465	69.485
150.265	142.944	69.719
157.208	142.692	69.595
165.18	142.978	69.735
172.607	142.704	69.601
180.974	142.569	69.535
-160.236	161.682	85.968
-153.232	162.405	86.352
-148.814	165.464	87.979
-149.076	174.081	92.561
-146.65	179.968	95.691
-145.049	187.108	99.487
-145.874	197.742	105.141
-134.289	192.076	102.128
-128.327	194.41	103.37
-121.582	194.54	103.439
-114.456	194.132	103.222
-108.133	194.407	103.368
-100.398	192.013	102.095
-95.191	194.166	103.24
-88.382	192.997	102.618
-82.599	193.451	102.86
-76.74	193.687	102.985
-70.114	191.418	101.779
-65.511	194.689	103.518
-59.397	193.195	102.723
-53.336	191.774	101.968
-47.743	190.885	101.496
-41.879	188.853	100.415
-37.037	191.252	101.691
-31.765	191.231	101.68
-26.454	190.66	101.376
-21.032	190.143	101.101
-16.017	190.302	101.186
-10.748	189.994	101.022
-5.618	189.438	100.726
-0.52	186.919	99.387
4.94	216.124	114.915
11.843	247.225	131.452
18.568	247.035	131.351
25.184	246.423	131.025
31.962	246.498	131.065
38.561	246.652	131.147
45.244	244.871	130.2
53.324	251.734	133.849
58.866	245.514	130.542
66.899	249.33	132.571
73.37	246.88	131.268
79.028	242.346	128.858
86.765	244.835	130.181
93.52	243.471	129.456
101.332	244.574	130.042
109.384	245.772	130.679
115.53	242.517	128.948
122.187	240.371	127.807
130.476	241.36	128.334
139.328	242.582	128.983
144.824	237.981	126.537
142.173	197.639	105.087
142.826	188.622	100.292
143.419	179.803	95.603
144.01	171.447	91.16
138.392	156.752	83.346
136.75	147.371	78.359
139.372	143.21	76.146
146.043	143.054	76.063
153.218	143.184	76.132
159.284	142.182	75.599
167.359	142.31	75.667
176.766	143.565	76.335
182.515	141.248	75.103
-158.083	158.797	91.682
-152.829	161.183	93.059
-148.57	164.5	94.974
-149.786	173.912	100.408
-147.528	180.259	104.072
-144.227	185.288	106.976
-151.432	204.376	117.996
-134.587	192.196	110.965
-127.205	191.772	110.72
-120.555	192.163	110.945
-113.226	191.156	110.364
-107.353	192.48	111.128
-100.364	191.276	110.433
-95.441	193.839	111.913
-87.684	190.638	110.065
-81.69	190.963	110.252
-75.969	191.581	110.61
-69.937	191.004	110.276
-63.88	190.38	109.916
-58.517	190.795	110.155
-52.743	190.028	109.713
-47.208	190.297	109.868
-41.435	188.725	108.96
-36.165	189.382	109.34
-31.01	189.586	109.457
-25.539	189.979	109.684
-20.418	190.16	109.789
-15.041	188.496	108.828
-9.75	188.67	108.928
-4.691	188.555	108.862
0.53	187.126	108.037
6.44	235.016	135.687
12.956	236.289	136.421
19.618	238.288	137.576
26.191	237.596	137.176
32.741	237.902	137.353
39.416	237.71	137.242
46.194	238.264	137.562
52.669	236.725	136.674
59.606	237.749	137.264
66.404	237.82	137.305
73.358	237.874	137.336
80.558	237.903	137.353
88.201	239.977	138.551
95.583	239.978	138.552
102.427	239.237	138.124
110.277	239.568	138.315
117.834	239.681	138.38
126.33	240.938	139.106
134.189	240.763	139.004
143.992	243.261	140.447
142.944	215.228	124.262
142.575	192.654	111.229
143.267	183.838	106.139
143.046	174.278	100.62
137.821	159.384	92.02
138.163	151.95	87.728
138.992	145.697	84.118
143.378	143.076	82.605
150.532	143.363	82.771
157.398	143.094	82.615
165.222	143.32	82.746
172.219	142.387	82.207
179.221	141.602	81.754
188.213	141.613	81.76
-161.0	151.14	94.443
-157.134	154.823	96.744
-149.821	155.076	96.902
-149.883	162.691	101.66
-149.492	170.355	106.45
-148.064	177.26	110.764
-146.68	184.744	115.441
-141.08	187.125	116.929
-136.383	190.953	119.32
-129.162	191.043	119.377
-122.197	191.109	119.418
-114.966	190.577	119.086
-108.572	191.022	119.364
-102.166	191.361	119.576
-94.443	189.115	118.172
-89.111	191.081	119.401
-83.214	191.448	119.63
-76.354	189.734	118.559
-70.727	190.051	118.757
-65.155	190.927	119.304
-58.935	189.416	118.36
-53.535	190.478	119.024
-47.269	188.591	117.844
-41.923	189.519	118.425
-36.858	190.941	119.313
-31.13	189.34	118.313
-25.286	186.849	116.756
-20.115	187.897	117.411
-14.695	187.004	116.853
-9.459	187.247	117.005
-4.216	187.257	117.011
1.028	187.968	117.455
6.95	222.747	139.188
13.269	224.069	140.014
19.557	223.184	139.461
25.905	223.678	139.769
32.265	224.364	140.198
38.691	225.003	140.597
45.03	224.067	140.013
51.457	224.171	140.078
58.711	226.339	141.432
64.604	223.632	139.741
71.805	225.782	141.084
78.683	225.719	141.045
86.311	227.383	142.085
92.912	226.425	141.486
100.133	226.557	141.568
106.813	225.083	140.648
115.249	227.318	142.044
122.93	227.441	142.121
129.854	226.097	141.281
139.888	229.415	143.355
143.096	221.482	138.398
142.987	209.368	130.828
140.74	184.891	115.533
141.91	176.96	110.577
142.235	168.522	105.304
137.485	154.725	96.683
139.372	149.174	93.215
141.007	143.541	89.694
147.467	143.074	89.403
153.275	141.853	88.639
160.855	141.955	88.703
167.954	141.504	88.422
175.858	141.293	88.29
184.28	141.254	88.266
192.1	140.372	87.714
-155.937	139.089	93.817
-154.469	144.587	97.525
-151.368	148.727	100.318
-150.59	155.033	104.571
-146.616	158.676	107.028
-147.369	167.293	112.841
-147.419	175.764	118.554
-153.141	191.929	129.457
-145.665	192.324	129.724
-138.255	193.256	130.353
-130.687	193.215	130.325
-124.009	193.991	130.849
-117.473	194.8	131.394
-110.576	195.199	131.663
-103.924	195.228	131.683
-97.647	195.74	132.028
-90.934	195.752	132.037
-84.784	196.276	132.39
-78.467	196.196	132.336
-72.903	197.688	133.342
-66.956	198.268	133.733
-60.347	197.22	133.026
-54.646	197.955	133.522
-48.661	198.01	133.56
-43.063	198.668	134.003
-36.872	197.886	133.476
-31.299	199.193	134.357
-25.729	199.803	134.769
-19.895	199.158	134.334
-14.102	199.165	134.339
-8.395	199.304	134.432
-2.776	200.925	135.525
2.961	200.052	134.937
8.723	200.808	135.447
14.495	199.146	134.325
20.282	199.713	134.708
26.218	200.489	135.231
31.819	200.37	135.151
37.852	200.969	135.555
43.668	200.515	135.249
49.757	200.511	135.246
55.681	200.948	135.541
61.642	200.304	135.107
67.561	199.849	134.8
74.312	201.904	136.186
80.476	201.037	135.601
87.143	201.564	135.956
94.277	203.28	137.114
100.153	201.698	136.047
106.623	200.743	135.403
113.738	201.066	135.621
121.49	202.426	136.538
128.969	202.953	136.894
137.291	203.76	137.438
138.29	184.144	124.207
139.276	175.799	118.578
140.568	168.378	113.572
139.947	159.416	107.527
136.764	148.014	99.837
141.337	145.751	98.31
148.934	146.498	98.814
155.239	145.628	98.227
163.175	146.103	98.548
169.348	144.593	97.529
177.052	144.086	97.187
185.473	144.173	97.246
191.569	141.906	95.717
-152.587	132.451	96.231
-151.22	137.371	99.806
-149.932	142.966	103.871
-146.973	146.998	106.8
-148.325	155.592	113.044
-148.784	164.069	119.203
-152.808	176.862	128.498
-146.689	178.767	129.881
-141.04	180.953	131.47
-135.222	183.083	133.018
-127.698	182.715	132.75
-120.43	182.279	132.433
-114.224	183.336	133.201
-107.015	182.407	132.526
-101.136	183.638	133.42
-94.571	183.154	133.069
-89.202	185.126	134.502
-83.115	185.53	134.796
-77.283	185.85	135.028
-71.419	186.258	135.324
-64.883	184.769	134.243
-59.396	186.015	135.148
-53.795	186.421	135.443
-47.81	185.957	135.106
-42.37	186.654	135.612
-36.696	186.128	135.23
-31.078	186.266	135.33
-25.64	187.051	135.9
-19.977	186.487	135.491
-14.511	186.919	135.805
-8.966	187.228	136.029
-3.531	187.063	135.909
1.957	187.24	136.038
7.441	187.009	135.87
13.025	187.376	136.136
18.57	187.617	136.312
24.097	187.449	136.19
29.635	187.235	136.034
35.486	188.921	137.259
41.09	188.525	136.972
46.563	188.041	136.62
52.276	187.616	136.311
58.649	189.424	137.625
64.746	189.883	137.958
70.59	189.191	137.455
76.491	188.876	137.227
82.828	188.901	137.244
88.848	188.791	137.165
96.226	190.435	138.359
101.87	188.836	137.197
109.284	190.415	138.345
116.196	190.36	138.305
122.615	189.421	137.622
128.841	187.923	136.534
137.284	189.851	137.935
139.406	173.152	125.802
139.722	164.759	119.704
140.017	156.899	113.994
139.525	148.358	107.788
144.266	146.319	106.307
150.859	145.773	105.91
158.095	145.843	105.961
163.969	144.212	104.776
172.077	144.396	104.91
180.112	144.29	104.833
188.061	143.75	104.44
196.904	143.512	104.267
191.637	133.074	96.684
-158.348	131.204	102.508
-149.982	130.257	101.768
-149.21	136.006	106.26
-150.081	143.547	112.151
-154.545	155.002	121.101
-146.908	154.676	120.847
-153.523	169.702	132.586
-146.093	170.076	132.878
-139.674	171.218	133.77
-133.026	172.218	134.552
-125.946	172.226	134.558
-119.326	172.62	134.866
-112.929	173.016	135.175
-106.8	173.754	135.751
-100.98	174.733	136.517
-94.117	173.931	135.89
-88.368	174.819	136.583
-82.68	175.278	136.942
-76.765	175.836	137.379
-70.602	174.788	136.56
-65.004	175.742	137.305
-59.551	176.286	137.729
-53.514	175.438	137.067
-48.438	177.198	138.442
-42.589	175.983	137.493
-37.201	176.36	137.788
-31.738	176.903	138.211
-26.602	177.11	138.374
-21.029	177.16	138.412
-15.749	176.789	138.122
-10.313	177.254	138.486
-5.042	177.652	138.797
0.368	177.145	138.401
5.729	177.974	139.049
10.969	177.92	139.006
16.498	178.228	139.247
21.757	178.055	139.112
27.372	178.486	139.449
32.745	177.963	139.04
38.057	177.426	138.62
43.967	178.502	139.461
49.577	178.757	139.66
54.909	177.665	138.807
60.479	177.477	138.66
66.682	178.824	139.713
72.564	178.803	139.696
78.699	179.312	140.094
84.967	179.378	140.146
90.954	179.223	140.025
97.487	179.48	140.225
104.161	180.107	140.715
110.339	179.386	140.152
116.68	178.762	139.664
123.916	179.377	140.144
131.576	180.151	140.75
139.327	180.819	141.272
139.723	171.895	134.299
138.778	161.845	126.447
140.04	155.066	121.151
138.23	145.621	113.772
144.567	144.995	113.282
150.657	143.938	112.457
157.633	143.289	111.949
165.503	143.579	112.176
172.587	142.69	111.482
181.065	142.915	111.658
190.004	143.096	111.799
198.459	142.598	111.41
199.611	136.66	106.77
188.315	122.667	95.838
-152.822	123.432	103.572
-149.611	126.729	106.338
-149.072	132.458	111.145
-154.814	144.027	120.853
-149.183	145.944	122.462
-155.22	159.234	133.613
-147.656	159.402	133.754
-139.715	158.582	133.066
-134.276	160.588	134.75
-127.161	160.825	134.948
-120.978	161.329	135.371
-113.319	160.087	134.329
-108.114	161.562	135.566
-101.953	161.92	135.867
-95.814	162.11	136.027
-90.054	162.519	136.37
-83.917	162.027	135.957
-78.009	161.71	135.691
-73.084	163.318	137.04
-67.375	163.226	136.963
-61.887	163.48	137.176
-56.43	163.288	137.015
-51.072	163.945	137.567
-45.725	163.91	137.537
-40.387	163.444	137.146
-35.287	163.728	137.384
-29.952	163.906	137.533
-24.629	164.001	137.613
-19.697	164.699	138.199
-14.475	164.364	137.918
-9.462	164.981	138.435
-4.172	165.052	138.495
0.938	164.755	138.246
6.051	164.979	138.434
11.067	165.21	138.628
16.263	164.612	138.126
21.498	164.452	137.991
26.675	164.566	138.087
32.112	166.144	139.411
37.299	166.012	139.301
42.668	165.74	139.072
48.044	166.012	139.301
53.328	165.576	138.934
59.142	166.537	139.741
64.685	166.283	139.528
69.921	166.081	139.359
76.111	166.812	139.971
81.698	166.42	139.643
87.639	166.559	139.759
93.812	166.891	140.038
100.101	167.054	140.175
106.264	166.554	139.756
112.733	166.891	140.038
119.023	166.517	139.724
126.269	166.906	140.051
133.162	166.973	140.107
139.153	165.427	138.809
139.267	156.964	131.708
139.611	149.59	125.521
141.801	144.561	121.301
149.021	144.482	121.235
157.156	145.476	122.069
163.488	144.15	120.956
171.239	144.02	120.847
178.433	143.254	120.205
185.898	142.406	119.493
197.008	143.999	120.829
198.971	138.677	116.364
192.694	127.824	107.257
194.271	122.746	102.996
187.875	113.013	94.829
-154.255	114.135	102.767
-148.779	115.497	103.994
-149.269	121.389	109.299
-148.932	127.04	114.387
-155.479	145.747	131.231
-149.102	146.876	132.248
-142.137	147.065	132.418
-135.104	147.028	132.385
-129.202	148.028	133.285
-121.697	147.222	132.559
-115.836	148.072	133.325
-109.866	148.341	133.567
-103.923	148.555	133.759
-98.062	148.694	133.884
-92.247	148.916	134.085
-87.086	149.733	134.82
-81.253	149.571	134.674
-75.787	149.64	134.736
-70.614	150.007	135.067
-64.849	149.429	134.546
-59.906	149.692	134.783
-54.901	150.46	135.474
-49.836	150.818	135.797
-44.674	150.529	135.537
-39.697	150.237	135.274
-34.619	150.213	135.253
-29.896	150.622	135.621
-24.891	150.993	135.955
-20.042	151.223	136.162
-15.127	151.277	136.211
-10.31	151.743	136.63
-5.639	152.101	136.953
-0.613	151.824	136.703
4.287	151.698	136.59
8.974	151.79	136.672
14.05	151.689	136.581
18.767	151.78	136.663
23.767	151.71	136.6
28.6	151.23	136.168
33.439	151.283	136.216
38.727	152.495	137.307
43.989	152.769	137.554
48.682	152.153	136.999
54.369	153.296	138.028
59.669	153.693	138.386
65.144	153.396	138.118
70.734	154.163	138.809
76.093	153.797	138.479
81.661	153.691	138.384
87.474	153.61	138.311
93.999	154.958	139.525
99.235	153.64	138.338
105.02	153.275	138.01
112.324	155.046	139.604
117.936	153.733	138.422
125.404	155.004	139.567
131.589	154.24	138.879
138.447	154.071	138.726
139.594	147.383	132.704
145.966	146.761	132.144
152.051	145.526	131.032
159.576	145.468	130.98
168.321	146.458	131.871
174.981	145.214	130.751
183.192	145.115	130.662
192.963	145.686	131.176
198.515	143.165	128.906
192.824	126.152	113.588
193.33	120.556	108.549
194.335	115.392	103.899
-151.367	110.44	106.65
-147.135	112.696	108.829
-149.818	120.151	116.028
-148.946	125.171	120.877
-155.921	137.43	132.715
-151.345	140.052	135.247
-144.013	140.079	135.273
-136.481	139.642	134.85
-130.237	140.126	135.318
-124.146	140.77	135.94
-117.026	140.275	135.462
-111.231	140.794	135.963
-105.029	140.793	135.962
-99.456	141.362	136.512
-94.045	141.832	136.966
-88.265	141.773	136.909
-82.65	141.78	136.915
-77.257	141.762	136.898
-71.972	142.123	137.247
-66.473	141.624	136.765
-61.219	141.414	136.562
-56.231	141.94	137.069
-51.248	142.225	137.345
-46.062	141.755	136.892
-41.234	141.825	136.958
-36.622	143.008	138.102
-31.702	142.723	137.826
-27.031	143.165	138.253
-22.246	143.229	138.314
-17.325	143.345	138.427
-12.599	143.672	138.743
-7.966	143.844	138.908
-3.108	143.797	138.863
1.582	143.899	138.962
6.334	143.994	139.053
11.073	143.737	138.806
15.831	144.697	139.733
20.621	143.77	138.837
25.443	144.494	139.536
30.181	143.657	138.728
35.324	144.109	139.164
40.145	143.949	139.01
45.212	144.46	139.504
50.531	145.789	140.787
55.767	145.731	140.731
60.775	144.973	139.998
66.136	145.608	140.612
71.863	146.106	141.093
77.149	145.879	140.874
82.978	146.469	141.444
88.474	146.15	141.135
94.907	147.244	142.192
100.068	146.167	141.152
106.92	147.256	142.203
112.286	145.997	140.988
119.423	147.029	141.984
125.508	146.52	141.493
132.552	146.825	141.788
138.642	145.96	140.952
145.138	145.276	140.291
151.093	143.906	138.969
157.995	143.361	138.442
165.653	143.196	138.283
172.302	141.954	137.084
183.605	144.212	139.264
190.595	142.751	137.853
192.974	125.126	120.833
194.005	119.984	115.867
193.682	114.022	110.109
183.091	102.495	98.978
-153.753	103.649	107.332
-151.936	107.578	111.4
-147.194	109.29	113.173
-156.11	127.041	131.554
-151.74	129.66	134.267
-143.932	129.131	133.719
-136.586	128.958	133.54
-130.519	129.334	133.929
-123.857	129.299	133.893
-117.246	129.006	133.589
-110.551	128.601	133.171
-104.98	129.142	133.73
-99.207	129.184	133.774
-94.386	130.08	134.702
-88.237	129.231	133.823
-82.873	129.49	134.091
-77.524	129.313	133.907
-72.672	129.92	134.536
-67.96	130.702	135.346
-62.873	130.296	134.925
-57.647	129.84	134.453
-53.169	130.687	135.33
-48.503	131.165	135.826
-43.71	131.031	135.687
-39.076	131.221	135.884
-34.389	131.288	135.953
-29.76	130.989	135.643
-25.248	131.831	136.515
-20.777	132.12	136.814
-16.255	132.39	137.094
-11.687	131.561	136.236
-7.199	131.856	136.54
-2.595	132.216	136.914
1.969	131.978	136.667
6.432	132.083	136.776
10.941	131.94	136.628
15.479	132.47	137.177
19.999	132.527	137.235
24.652	132.305	137.006
29.462	132.972	137.697
34.145	133.242	137.976
38.703	132.888	137.609
43.567	132.907	137.629
48.406	133.01	137.736
53.211	133.005	137.731
57.929	133.049	137.776
63.003	133.212	137.945
68.488	134.002	138.763
73.252	133.319	138.056
79.189	134.565	139.346
84.485	134.273	139.043
90.218	134.686	139.471
95.879	134.687	139.472
102.017	135.322	140.13
107.382	134.398	139.173
113.699	134.672	139.457
120.029	134.903	139.696
126.215	134.769	139.557
134.014	135.849	140.676
139.867	134.731	139.518
147.6	135.448	140.26
154.829	135.288	140.095
163.223	136.027	140.86
170.892	135.887	140.715
179.366	136.05	140.884
189.402	136.915	141.78
197.289	136.228	141.069
206.948	136.272	141.114
192.788	120.716	125.005
195.476	116.81	120.96
183.355	104.123	107.822
183.091	98.978	102.495
184.307	94.792	98.16
-156.624	97.944	108.777
-149.35	98.045	108.89
-143.624	98.814	109.744
-148.369	106.988	118.822
-156.788	118.386	131.481
-151.483	119.932	133.198
-145.179	120.701	134.052
-138.212	120.661	134.008
-131.651	120.832	134.197
-124.952	120.733	134.088
-118.768	120.782	134.142
-112.197	120.144	133.434
-106.45	120.622	133.964
-100.642	120.712	134.064
-95.474	121.104	134.499
-90.052	121.27	134.684
-84.714	121.302	134.719
-79.787	121.693	135.154
-74.379	121.086	134.48
-69.638	121.787	135.258
-64.94	121.967	135.459
-60.067	122.112	135.619
-55.511	122.567	136.124
-50.792	122.421	135.962
-46.057	122.325	135.856
-41.597	122.696	136.268
-36.877	122.653	136.22
-32.568	122.807	136.391
-27.965	122.688	136.259
-23.636	123.247	136.88
-19.208	123.255	136.888
-14.779	123.075	136.688
-10.277	123.481	137.139
-5.833	123.343	136.986
-1.511	123.601	137.273
2.872	123.624	137.298
7.252	123.51	137.172
11.697	123.541	137.207
16.033	123.794	137.487
20.509	124.053	137.775
25.078	124.571	138.35
29.417	124.061	137.783
34.019	124.332	138.085
38.605	124.022	137.74
43.559	124.848	138.658
48.071	124.796	138.6
52.869	124.654	138.443
57.601	124.728	138.525
62.487	124.624	138.409
67.85	125.374	139.242
72.449	124.863	138.674
77.802	125.008	138.836
83.025	125.144	138.987
88.686	125.469	139.347
94.146	125.493	139.374
99.661	125.336	139.2
106.061	126.158	140.113
112.279	126.438	140.424
117.98	126.031	139.971
124.797	126.538	140.535
131.516	126.706	140.721
137.733	126.269	140.236
144.639	126.344	140.319
152.149	126.567	140.567
160.416	127.145	141.209
167.043	126.476	140.466
175.712	126.775	140.797
184.725	127.161	141.227
193.557	127.204	141.275
203.559	127.572	141.683
206.93	123.719	137.404
182.102	103.497	114.945
182.341	98.691	109.608
181.824	93.62	103.976
183.2	89.832	99.768
-156.989	92.367	110.078
-151.888	93.82	111.81
-146.516	94.9	113.098
-156.475	111.339	132.689
-151.212	112.803	134.433
-144.277	113.066	134.747
-137.723	113.309	135.037
-130.471	112.822	134.456
-124.447	113.187	134.891
-118.058	112.838	134.475
-112.884	113.691	135.492
-106.121	112.967	134.629
-101.162	113.555	135.33
-95.382	113.361	135.099
-90.523	113.968	135.822
-85.186	113.839	135.669
-80.372	114.519	136.479
-75.178	114.102	135.982
-70.444	114.584	136.556
-65.315	114.378	136.311
-60.729	114.688	136.68
-56.15	114.907	136.941
-51.519	114.897	136.929
-46.955	114.64	136.622
-42.402	114.908	136.942
-38.143	115.194	137.283
-33.532	114.723	136.722
-29.422	115.53	137.683
-24.88	115.159	137.241
-20.456	115.405	137.534
-16.262	115.487	137.632
-11.972	115.478	137.621
-7.66	115.661	137.84
-3.342	115.826	138.037
0.787	116.006	138.251
5.298	116.681	139.054
9.492	115.814	138.022
13.88	116.614	138.976
18.036	116.088	138.349
22.417	116.048	138.301
26.887	116.727	139.11
31.317	116.58	138.934
35.776	116.442	138.77
40.334	116.796	139.192
44.83	116.795	139.191
49.549	116.821	139.222
54.069	116.745	139.131
58.963	117.299	139.792
63.622	117.107	139.562
68.777	117.46	139.984
73.314	116.823	139.225
78.813	117.56	140.103
83.918	117.26	139.745
89.659	118.0	140.626
94.733	117.6	140.151
100.825	118.208	140.875
106.087	117.74	140.317
112.241	118.023	140.654
118.908	118.615	141.36
124.578	118.093	140.738
131.173	118.139	140.792
138.795	119.135	141.98
144.992	118.488	141.209
152.378	118.687	141.445
160.432	119.023	141.846
167.47	118.641	141.391
176.627	119.313	142.192
184.336	118.748	141.518
192.914	118.512	141.238
203.664	119.566	142.493
182.883	102.02	121.583
183.283	97.441	116.126
182.998	92.472	110.203
183.025	88.201	105.114
182.224	83.404	99.397
-152.74	88.122	112.792
-151.713	91.738	117.419
-147.304	93.503	119.678
-155.736	103.553	132.542
-151.017	105.205	134.657
-145.039	106.123	135.832
-138.345	106.243	135.984
-132.196	106.547	136.374
-125.216	106.045	135.732
-118.409	105.638	135.21
-112.598	105.671	135.253
-106.862	105.736	135.336
-101.629	106.354	136.127
-96.274	106.45	136.25
-90.911	106.383	136.163
-85.85	106.592	136.431
-80.862	106.686	136.552
-75.979	106.863	136.778
-71.376	107.245	137.267
-66.509	107.37	137.428
-61.83	107.217	137.232
-57.095	107.188	137.194
-52.794	107.57	137.684
-48.121	107.169	137.17
-43.784	107.491	137.582
-39.391	107.723	137.879
-35.085	107.673	137.816
-30.814	107.589	137.708
-24.388	99.721	127.637
-20.669	100.908	129.156
-16.785	101.243	129.585
-13.984	107.89	138.093
-9.781	108.127	138.397
-5.698	108.053	138.302
-1.538	108.506	138.882
2.645	108.56	138.95
6.883	108.612	139.018
11.124	108.572	138.965
15.243	108.629	139.039
19.556	109.11	139.655
23.705	108.565	138.957
28.072	109.12	139.668
32.381	109.058	139.588
36.745	108.91	139.398
41.353	109.325	139.93
45.887	109.607	140.291
50.266	109.501	140.154
54.94	109.565	140.236
59.596	109.856	140.609
64.384	109.744	140.466
69.154	109.927	140.7
73.877	109.806	140.546
79.238	110.217	141.072
84.081	109.837	140.584
89.513	110.232	141.09
94.369	109.557	140.227
100.082	110.024	140.825
105.528	109.816	140.559
111.587	110.143	140.977
118.101	110.572	141.526
124.342	110.672	141.654
131.326	111.284	142.437
136.924	110.483	141.411
144.499	111.155	142.272
152.358	111.726	143.002
159.0	111.132	142.243
166.883	111.147	142.262
174.507	111.072	142.166
182.726	110.913	141.962
192.886	111.65	142.905
202.166	111.64	142.893
188.936	99.402	127.229
182.251	91.166	116.688
182.808	87.193	111.602
183.085	82.932	106.149
183.238	78.947	101.047
-154.173	83.311	114.668
-158.511	89.778	123.568
-148.659	88.386	121.653
-155.983	97.038	133.562
-150.679	98.256	135.237
-143.044	97.957	134.826
-137.77	99.058	136.342
-130.799	98.681	135.823
-124.35	98.664	135.8
-117.678	98.27	135.257
-111.524	97.99	134.872
-106.86	98.831	136.029
-100.81	98.799	135.986
-96.315	99.492	136.939
-90.556	98.997	136.258
-85.618	99.237	136.587
-80.875	99.593	137.078
-76.198	99.862	137.448
-71.184	99.779	137.334
-66.535	99.84	137.419
-61.954	99.712	137.242
-57.571	100.135	137.824
-52.639	99.454	136.886
-48.276	99.574	137.052
-43.99	99.757	137.304
-39.879	100.035	137.687
-35.496	99.899	137.499
-31.534	100.312	138.068
-25.46	94.321	129.821
-21.705	94.125	129.553
-17.845	94.346	129.856
-10.924	100.483	138.303
-6.821	100.637	138.515
-2.753	100.572	138.425
1.399	100.537	138.378
5.381	100.814	138.759
9.423	100.947	138.942
13.638	101.503	139.707
17.657	101.407	139.575
21.726	101.045	139.076
26.017	101.006	139.023
30.295	101.473	139.666
34.573	101.584	139.819
38.723	101.488	139.686
42.973	101.425	139.6
47.531	101.711	139.993
51.896	101.554	139.777
56.366	101.872	140.215
61.103	101.953	140.326
65.812	102.271	140.764
70.626	102.426	140.977
75.316	102.194	140.658
80.367	102.395	140.935
85.445	102.194	140.658
90.582	102.347	140.868
96.134	102.533	141.124
101.016	102.005	140.398
106.742	102.322	140.834
112.972	102.742	141.412
118.986	102.778	141.462
125.297	102.894	141.622
132.087	103.265	142.132
138.898	103.389	142.303
145.744	103.518	142.48
152.686	103.47	142.414
160.338	103.641	142.65
168.413	103.86	142.951
175.921	103.516	142.478
183.66	103.173	142.006
193.194	103.544	142.516
203.176	103.871	142.966
183.729	89.27	122.87
181.545	84.029	115.656
182.783	80.501	110.8
187.983	78.86	108.541
-156.941	77.9	115.491
-157.767	82.089	121.702
-149.745	81.75	121.2
-155.501	88.873	131.76
-151.287	90.622	134.353
-145.943	91.738	136.007
-140.141	92.518	137.164
-133.256	92.328	136.882
-126.909	92.277	136.806
-120.372	92.169	136.646
-114.164	91.811	136.115
-108.6	92.078	136.511
-103.695	92.628	137.326
-98.051	92.504	137.143
-92.822	92.625	137.322
-88.023	92.878	137.697
-82.883	92.769	137.536
-77.664	92.474	137.099
-72.897	92.505	137.144
-68.385	92.821	137.612
-64.087	93.131	138.072
-59.596	93.139	138.084
-55.056	93.022	137.911
-50.744	93.085	138.004
-46.22	92.803	137.586
-42.247	93.235	138.226
-38.208	93.592	138.755
-33.831	93.375	138.435
-29.755	93.468	138.571
-25.032	90.944	134.83
-17.054	90.972	134.871
-13.402	92.958	137.816
-9.522	93.765	139.013
-5.63	93.822	139.096
-1.514	94.052	139.438
2.391	94.284	139.782
6.503	94.532	140.149
10.375	94.437	140.009
14.56	94.545	140.169
18.518	94.314	139.827
22.637	94.555	140.183
26.793	94.597	140.245
31.043	94.815	140.569
34.969	94.658	140.336
39.343	94.823	140.58
43.669	94.85	140.62
47.835	94.844	140.612
52.243	94.538	140.159
56.995	95.166	141.09
61.357	95.073	140.951
66.44	95.77	141.985
70.649	95.156	141.075
75.691	95.345	141.355
80.536	95.488	141.567
85.787	95.692	141.87
91.019	95.723	141.916
95.826	95.257	141.224
101.14	95.299	141.287
107.051	95.741	141.942
112.889	95.771	141.986
119.036	96.063	142.42
125.218	95.989	142.31
131.471	96.081	142.446
139.112	96.817	143.537
145.776	96.719	143.392
152.763	96.82	143.542
160.495	96.982	143.782
167.872	96.732	143.411
175.602	96.496	143.062
184.496	96.787	143.492
194.328	97.095	143.95
202.485	96.546	143.135
182.429	82.793	122.746
183.712	79.274	117.528
191.377	78.648	116.6
202.264	79.105	117.278
-152.21	71.557	114.516
-157.85	77.705	124.354
-155.683	80.411	128.685
-156.584	84.622	135.424
-149.845	85.106	136.197
-142.885	85.114	136.212
-137.341	85.876	137.43
-130.838	85.907	137.48
-124.15	85.545	136.901
-118.071	85.528	136.873
-111.751	85.215	136.373
-106.77	85.787	137.287
-101.705	86.094	137.779
-95.98	85.863	137.41
-91.197	86.239	138.011
-86.288	86.509	138.443
-81.253	86.36	138.204
-76.28	86.134	137.842
-71.395	85.856	137.398
-67.346	86.626	138.631
-62.848	86.549	138.508
-58.151	86.271	138.063
-53.856	86.549	138.507
-49.683	86.707	138.76
-45.828	87.109	139.403
-41.482	86.953	139.154
-37.378	86.985	139.205
-33.24	86.942	139.136
-29.247	86.927	139.112
-25.276	87.182	139.521
-21.18	87.087	139.369
-17.246	87.411	139.886
-13.158	87.078	139.355
-9.307	87.271	139.663
-5.481	87.269	139.66
-1.481	87.208	139.562
2.425	87.268	139.658
6.436	87.41	139.885
10.426	87.966	140.774
14.339	87.957	140.761
18.244	87.834	140.563
22.157	87.888	140.65
26.162	87.686	140.326
30.368	87.897	140.664
34.599	88.268	141.259
38.671	88.214	141.172
42.857	88.312	141.329
47.136	88.29	141.294
51.482	88.286	141.286
55.978	88.576	141.752
60.234	88.296	141.303
65.083	88.975	142.389
69.24	88.376	141.431
74.2	88.704	141.956
79.183	88.718	141.979
84.319	89.132	142.64
89.059	88.759	142.044
94.396	88.979	142.396
99.481	88.83	142.157
104.876	88.778	142.074
110.583	89.009	142.444
116.579	89.052	142.512
121.769	88.51	141.645
128.372	88.855	142.198
135.558	89.455	143.157
142.312	89.478	143.194
149.465	89.672	143.505
157.192	89.915	143.895
165.249	90.137	144.25
173.316	90.107	144.201
181.253	89.911	143.888
189.816	89.777	143.674
198.955	89.847	143.786
210.017	90.424	144.709
220.18	90.392	144.658
225.402	87.982	140.801
197.156	72.986	116.802
