0	0	0
-195	34	59
-187	35	61
-184	37	65
-182	40	68
-181	42	72
-178	44	76
-176	46	79
-174	48	83
-175	51	88
-172	53	91
-170	55	95
-169	57	99
-168	60	104
-168	63	109
-165	65	112
-161	66	115
-160	69	120
-159	72	125
-158	75	130
-156	78	134
-154	80	139
-152	83	143
-168	96	167
-161	97	167
-153	97	167
-145	96	166
-139	96	167
-132	96	167
-126	97	167
-119	96	167
-114	97	169
-107	97	168
-101	97	167
-95	96	167
-90	96	167
-84	96	167
-79	97	168
-74	97	167
-68	96	167
-64	96	167
-58	96	167
-54	97	168
-49	97	168
-44	97	169
-40	98	169
-35	97	169
-30	97	169
-26	97	169
-21	98	169
-16	97	168
-12	98	169
-7	98	169
-3	98	169
2	98	169
6	98	170
11	98	170
16	98	170
20	98	170
25	98	170
29	98	170
34	98	170
39	98	170
44	98	170
48	98	169
53	99	171
58	98	170
63	98	170
68	98	170
26	30	51
29	26	45
30	26	44
32	25	44
33	26	44
35	25	44
36	25	44
39	26	44
40	25	44
42	26	44
44	25	44
46	26	44
49	26	45
51	26	45
54	26	45
25	10	18
24	9	16
24	9	15
25	9	16
25	9	15
26	9	15
27	8	14
27	8	14
-202	34	58
-193	35	60
-186	36	62
-186	39	67
-181	40	69
-180	42	73
-177	44	77
-174	46	80
-172	48	84
-173	51	88
-172	54	93
-170	56	96
-169	58	101
-168	61	105
-166	63	109
-164	65	113
-161	68	117
-160	70	122
-158	72	126
-157	75	131
-154	78	135
-154	81	141
-155	86	149
-167	97	167
-158	96	167
-151	96	167
-144	97	167
-137	97	167
-130	97	167
-124	97	168
-118	97	167
-111	97	167
-105	97	167
-99	96	167
-94	96	167
-88	97	168
-83	96	167
-78	97	167
-73	97	168
-67	97	167
-62	97	167
-57	96	167
-52	97	168
-48	97	168
-43	97	169
-38	97	168
-33	98	169
-29	98	169
-24	98	169
-19	98	169
-15	97	169
-10	98	169
-6	98	169
-1	98	169
4	98	169
8	98	169
13	98	169
17	98	170
22	98	170
27	98	170
31	99	171
36	98	170
41	98	170
45	98	170
50	98	170
55	98	170
60	98	170
65	98	170
71	99	171
26	31	54
26	29	50
29	26	44
30	25	44
32	26	44
34	25	44
36	26	44
37	26	44
39	26	44
41	26	44
43	26	44
45	26	44
47	26	44
49	26	45
52	26	45
54	26	44
24	10	17
24	9	16
24	9	16
25	9	15
26	9	15
27	9	15
27	8	15
-202	39	55
-193	40	57
-186	41	59
-186	44	63
-181	46	66
-180	49	69
-177	51	73
-175	53	76
-173	56	80
-173	59	84
-172	61	88
-170	64	91
-168	67	95
-168	70	100
-167	73	104
-162	74	106
-162	78	111
-160	81	115
-159	84	120
-157	87	124
-154	89	128
-154	94	134
-151	96	137
-167	111	158
-160	112	160
-152	111	159
-144	111	158
-137	111	158
-130	111	158
-124	111	159
-118	112	159
-112	111	159
-106	111	159
-100	111	159
-94	111	159
-89	111	159
-83	111	159
-78	111	159
-73	111	159
-67	111	158
-62	111	159
-57	111	159
-52	111	158
-48	112	159
-43	112	160
-38	112	160
-34	112	160
-29	112	160
-24	112	160
-20	112	160
-15	112	160
-11	113	161
-6	112	160
-1	112	161
3	112	160
8	113	161
12	113	161
17	113	161
22	113	161
26	113	161
31	113	162
36	113	162
40	113	161
45	112	160
50	113	161
55	113	161
60	113	161
65	113	162
70	113	162
26	36	52
26	34	48
29	29	42
31	29	42
32	29	42
34	29	42
35	29	42
37	29	42
39	29	42
41	29	42
43	29	42
45	29	42
47	30	42
49	30	42
52	30	42
54	29	42
24	11	16
24	11	15
24	10	14
25	10	14
26	10	14
27	10	14
27	10	14
-200	40	57
-187	40	57
-185	43	61
-184	45	65
-181	47	68
-179	50	71
-176	52	74
-173	54	77
-176	58	83
-172	60	86
-171	63	90
-168	65	93
-169	69	98
-167	72	102
-165	74	106
-161	79	113
-158	82	117
-157	85	122
-156	89	127
-154	92	131
-152	95	135
-170	111	158
-162	111	159
-155	111	159
-147	111	158
-139	110	158
-132	110	157
-126	111	158
-120	111	159
-114	111	159
-108	111	158
-101	110	157
-96	111	159
-90	111	159
-85	111	158
-80	111	159
-75	111	159
-69	111	158
-64	111	158
-59	111	158
-54	111	159
-49	111	159
-44	112	160
-40	112	160
-35	112	160
-30	112	160
-25	112	160
-21	112	160
-16	112	160
-11	112	161
-7	112	160
-2	113	161
2	113	161
7	113	161
12	113	161
16	113	161
21	113	161
25	113	161
30	113	162
35	113	162
40	113	161
44	112	160
49	113	161
54	113	161
59	113	161
64	113	161
70	113	162
75	114	163
26	34	48
29	30	42
30	29	42
32	29	42
33	29	42
35	29	42
37	29	42
39	29	42
41	29	42
43	29	42
45	29	42
47	29	42
49	30	42
52	30	42
54	30	42
24	11	16
24	11	15
24	10	14
25	10	14
26	10	14
27	10	14
27	10	14
-200	44	53
-188	45	53
-185	47	56
-185	50	60
-181	53	63
-178	55	66
-176	58	69
-174	61	72
-171	63	75
-172	67	79
-172	70	84
-169	72	86
-169	76	91
-167	79	94
-165	82	98
-162	84	101
-163	89	106
-159	91	109
-158	95	113
-156	98	117
-155	103	122
-153	106	126
-167	120	143
-165	125	149
-158	125	149
-150	125	149
-143	125	149
-136	125	149
-129	125	149
-123	125	149
-117	125	149
-111	126	150
-105	125	149
-98	124	148
-93	125	149
-87	125	149
-82	125	149
-77	125	149
-71	125	149
-66	125	149
-61	125	149
-56	125	149
-51	125	149
-47	125	149
-42	126	150
-37	126	150
-32	126	150
-28	126	150
-23	126	150
-18	126	150
-14	127	151
-9	126	150
-5	126	150
0	126	151
5	127	151
9	127	151
14	127	151
18	127	151
23	127	151
28	127	151
32	127	151
37	127	151
42	127	151
47	127	151
52	127	151
56	127	151
61	127	151
67	128	152
72	127	152
26	40	48
26	37	44
29	33	39
31	33	39
32	33	39
34	33	39
36	33	39
38	33	39
40	33	39
42	33	40
44	33	39
46	33	39
48	33	40
50	33	40
52	33	39
55	33	39
24	12	15
24	12	14
24	11	13
25	11	13
26	11	13
27	11	13
27	11	13
-203	43	51
-194	44	53
-186	46	55
-185	49	58
-182	51	61
-179	54	64
-178	57	67
-176	59	71
-172	61	73
-175	66	78
-172	68	81
-170	71	84
-168	74	88
-167	77	92
-167	81	96
-163	83	99
-161	86	103
-160	90	107
-158	92	110
-157	96	115
-155	100	119
-153	103	123
-151	107	127
-170	125	149
-162	125	149
-154	125	149
-146	125	149
-139	125	149
-132	124	148
-126	125	149
-119	125	149
-114	126	150
-107	125	149
-102	125	149
-95	125	149
-90	125	148
-85	125	149
-79	125	149
-74	126	150
-69	125	149
-63	125	149
-59	126	150
-53	125	149
-48	125	149
-44	126	150
-39	126	150
-34	126	151
-30	126	150
-25	126	150
-20	126	150
-16	126	150
-11	126	150
-6	126	150
-2	126	150
3	127	151
7	126	150
12	127	151
16	127	151
21	127	151
26	127	152
30	127	151
35	127	151
40	127	151
45	127	151
50	127	152
54	127	151
59	127	152
65	127	151
70	127	152
75	127	152
26	38	45
29	33	40
30	33	39
32	33	39
33	33	39
35	33	39
37	33	39
39	33	39
41	33	40
43	33	39
45	33	39
47	33	40
49	33	40
52	33	40
54	33	40
24	13	15
24	12	14
24	11	14
25	11	14
25	11	13
26	11	13
27	10	12
-202	47	47
-194	48	48
-186	50	50
-186	53	53
-182	56	56
-180	59	59
-177	61	61
-175	64	64
-172	67	67
-171	70	70
-172	74	74
-171	78	78
-168	81	81
-168	85	85
-166	88	88
-163	91	91
-162	94	94
-160	98	98
-158	101	101
-157	105	105
-155	109	109
-154	113	113
-152	117	117
-170	136	136
-165	139	139
-157	138	138
-138	128	128
-141	138	138
-135	138	138
-128	138	138
-122	138	138
-116	138	138
-110	139	139
-104	139	139
-98	138	138
-92	138	138
-87	138	138
-81	138	138
-76	138	138
-71	138	138
-65	137	137
-61	138	138
-56	139	139
-51	138	138
-46	139	139
-41	139	139
-37	139	139
-32	139	139
-27	138	138
-23	139	139
-18	139	139
-13	139	139
-9	139	139
-4	139	139
0	139	139
5	139	139
9	140	140
14	140	140
19	140	140
23	140	140
28	140	140
33	140	140
37	140	140
42	140	140
47	140	140
52	140	140
57	140	140
62	140	140
67	140	140
72	140	140
26	44	44
26	41	41
29	36	36
31	36	36
32	36	36
34	36	36
36	36	36
38	37	37
40	37	37
42	37	37
43	36	36
46	37	37
48	37	37
50	37	37
52	37	37
55	37	37
24	14	14
24	13	13
24	13	13
25	13	13
25	12	12
27	12	12
27	11	11
-196	48	48
-187	49	49
-184	52	52
-182	55	55
-181	58	58
-178	61	61
-176	64	64
-172	66	66
-171	69	69
-172	74	74
-172	77	77
-169	80	80
-169	84	84
-168	88	88
-164	90	90
-161	93	93
-161	97	97
-159	100	100
-157	104	104
-155	108	108
-154	112	112
-153	116	116
-151	121	121
-167	139	139
-158	138	138
-137	126	126
-143	138	138
-136	138	138
-129	138	138
-123	138	138
-117	138	138
-111	138	138
-105	138	138
-99	138	138
-93	138	138
-88	139	139
-82	138	138
-77	138	138
-71	138	138
-66	138	138
-61	138	138
-56	139	139
-51	138	138
-47	139	139
-42	139	139
-37	139	139
-32	139	139
-28	139	139
-23	139	139
-19	139	139
-14	139	139
-9	139	139
-5	140	140
0	140	140
4	139	139
9	140	140
14	140	140
18	141	141
23	140	140
27	140	140
32	140	140
37	140	140
42	140	140
47	140	140
51	140	140
56	140	140
61	140	140
67	140	140
72	140	140
26	44	44
26	41	41
29	36	36
31	36	36
33	36	36
34	37	37
36	36	36
38	37	37
40	37	37
42	37	37
43	36	36
46	37	37
48	37	37
50	37	37
52	37	37
55	37	37
24	14	14
24	13	13
24	13	13
25	12	12
26	12	12
27	12	12
27	11	11
-198	51	43
-190	52	44
-186	55	46
-186	59	49
-182	61	51
-180	64	54
-176	67	56
-174	70	59
-172	73	62
-170	77	64
-171	81	68
-171	85	71
-168	88	74
-168	92	78
-166	96	80
-163	99	83
-163	104	87
-157	105	88
-159	111	93
-157	114	96
-155	118	99
-152	122	102
-151	127	107
-148	130	109
-164	151	126
-139	134	113
-138	140	117
-142	150	126
-135	151	127
-129	151	127
-122	151	127
-116	151	126
-110	152	127
-105	152	127
-99	151	127
-93	151	127
-87	151	127
-82	151	127
-76	151	127
-71	151	127
-66	151	127
-61	151	126
-56	151	127
-51	152	127
-46	151	126
-41	151	127
-37	152	127
-32	152	127
-27	152	127
-23	152	128
-18	152	128
-13	153	128
-9	153	128
-4	152	128
1	152	128
5	153	128
10	153	128
14	153	128
19	153	128
24	153	128
28	152	128
33	153	128
38	153	128
43	153	129
47	153	129
53	154	129
57	153	128
63	154	129
67	153	128
73	153	129
78	154	129
26	45	38
30	40	34
31	40	33
33	40	33
34	40	33
36	40	33
38	40	34
40	40	34
42	40	33
43	40	33
46	40	34
48	40	34
50	40	34
53	40	34
55	40	34
24	15	13
24	14	12
24	14	11
25	14	11
25	13	11
26	13	11
27	12	10
-201	51	43
-192	52	44
-186	55	46
-186	58	49
-182	61	51
-179	64	54
-176	67	56
-174	70	58
-172	73	61
-169	76	64
-171	81	68
-171	85	71
-167	87	73
-168	92	77
-166	96	80
-163	98	83
-163	103	87
-159	105	88
-159	110	93
-157	114	96
-154	118	99
-152	122	102
-151	127	106
-148	130	109
-164	151	126
-139	135	113
-138	140	118
-142	151	126
-134	150	126
-128	151	127
-122	152	127
-116	152	127
-110	152	127
-103	151	126
-98	152	127
-92	151	127
-86	151	127
-81	151	127
-75	151	126
-71	152	127
-65	151	127
-61	151	127
-55	151	127
-51	152	127
-45	151	126
-41	152	127
-36	152	127
-31	152	127
-27	152	128
-22	152	128
-17	152	128
-13	153	128
-8	153	128
-3	152	128
1	152	128
6	153	128
11	153	128
15	153	128
19	153	128
24	153	128
29	152	128
33	152	128
38	152	128
43	153	129
48	153	129
53	153	129
58	153	128
63	153	128
68	154	129
74	154	129
26	48	40
27	45	38
30	40	33
31	40	33
33	40	33
35	40	33
36	40	33
38	40	33
40	40	33
42	40	33
44	40	33
46	40	33
48	40	34
51	40	34
53	40	34
24	15	12
24	14	12
24	13	11
25	13	11
25	13	11
26	13	11
27	12	10
-198	53	37
-187	54	38
-185	58	40
-185	62	43
-180	64	45
-180	68	48
-178	71	50
-174	74	52
-172	77	54
-169	80	56
-167	83	58
-169	89	62
-169	93	65
-166	96	67
-163	99	69
-162	103	72
-161	108	75
-158	111	77
-159	116	81
-157	120	84
-157	125	88
-155	130	91
-151	132	93
-149	137	96
-147	141	99
-144	144	101
-137	145	102
-137	152	106
-142	165	116
-136	165	116
-130	166	116
-123	166	116
-117	166	116
-111	166	116
-105	166	116
-99	167	117
-94	166	116
-88	167	117
-82	166	116
-77	166	116
-72	166	116
-66	167	117
-61	165	116
-56	167	117
-51	166	116
-46	167	117
-42	167	117
-37	167	117
-32	166	116
-27	167	117
-22	167	117
-18	167	117
-13	167	117
-8	167	117
-4	167	117
1	167	117
6	168	117
10	168	117
15	167	117
20	168	118
24	167	117
29	168	118
34	169	118
39	168	118
44	168	118
49	168	118
54	168	118
59	169	119
64	169	118
69	168	118
74	169	118
80	169	118
26	48	34
28	48	33
30	44	31
31	43	30
33	44	31
35	44	31
37	44	31
38	43	30
40	44	31
42	43	30
44	44	31
46	44	31
48	44	31
51	44	31
53	44	31
56	44	31
24	16	12
24	15	11
24	15	10
24	14	10
25	14	10
25	14	10
26	13	9
27	13	9
27	12	9
-197	54	38
-186	55	39
-184	59	41
-182	62	43
-180	65	46
-180	70	49
-178	73	51
-173	75	52
-171	78	55
-168	81	57
-167	85	59
-169	90	63
-167	94	66
-165	97	68
-164	101	71
-162	105	73
-160	108	76
-159	113	79
-161	120	84
-157	123	86
-157	128	89
-153	131	92
-150	134	94
-149	140	98
-146	143	100
-141	144	101
-134	145	101
-135	152	107
-140	166	116
-133	166	116
-126	165	116
-120	166	116
-114	165	116
-108	166	117
-102	167	117
-96	166	116
-91	167	117
-85	166	116
-80	167	117
-74	166	116
-69	167	117
-64	166	116
-59	167	117
-54	166	117
-49	167	117
-44	167	117
-39	166	117
-34	167	117
-30	166	117
-25	166	116
-20	166	117
-16	167	117
-11	167	117
-6	167	117
-2	167	117
3	167	117
8	167	117
13	168	117
17	167	117
22	168	118
27	167	117
31	168	118
36	168	118
41	168	118
46	168	118
51	168	118
56	168	118
61	169	118
66	168	118
71	168	118
77	170	119
27	47	33
31	44	30
32	43	30
34	43	30
36	44	30
38	44	31
39	44	31
41	44	31
43	44	31
45	44	31
47	44	31
49	44	31
52	44	31
54	44	31
25	17	12
24	16	11
24	15	11
24	14	10
24	14	10
25	14	10
26	13	9
26	13	9
28	13	9
-198	53	30
-186	54	31
-185	58	33
-182	61	35
-180	65	37
-181	69	40
-177	72	42
-175	76	44
-172	79	45
-170	82	48
-168	86	50
-162	88	51
-160	91	53
-158	94	54
-154	97	56
-161	106	61
-161	111	64
-157	113	66
-156	119	68
-155	123	71
-153	128	74
-153	133	77
-151	138	79
-149	142	82
-145	145	84
-143	150	87
-169	185	107
-167	192	111
-159	192	111
-152	193	111
-144	192	111
-137	193	111
-130	193	111
-123	193	112
-117	194	112
-110	194	112
-103	193	111
-97	193	112
-91	194	112
-85	194	112
-79	193	112
-74	195	112
-67	193	111
-62	194	112
-56	194	112
-51	195	112
-45	195	113
-40	196	113
-34	195	112
-29	195	113
-24	195	113
-19	196	113
-13	196	113
-8	195	112
-3	195	113
2	196	113
8	195	112
13	196	113
18	196	113
23	196	113
29	196	113
34	195	113
40	196	113
45	196	113
50	196	113
56	196	113
61	196	113
67	196	113
73	196	113
79	196	113
85	196	113
90	195	113
31	50	29
34	51	29
36	51	29
38	51	29
40	51	29
42	51	29
44	51	29
46	51	29
48	51	29
50	51	29
53	51	30
55	51	30
58	51	30
26	19	11
25	17	10
24	16	9
24	15	8
24	14	8
24	13	8
25	13	8
26	13	7
26	13	7
27	12	7
-197	52	30
-186	53	31
-185	57	33
-184	61	35
-180	64	37
-181	68	40
-178	72	41
-175	75	43
-172	78	45
-171	82	48
-169	86	49
-163	87	50
-160	90	52
-158	94	54
-155	97	56
-161	105	61
-161	110	64
-157	113	65
-155	117	68
-155	123	71
-153	127	73
-153	133	77
-151	138	79
-149	142	82
-145	145	84
-143	150	86
-142	156	90
-167	192	111
-160	194	112
-152	193	111
-144	192	111
-137	193	111
-130	193	111
-123	193	112
-117	194	112
-110	194	112
-103	193	111
-97	193	112
-91	194	112
-85	193	111
-79	193	112
-74	195	112
-67	193	111
-62	194	112
-56	194	112
-51	195	112
-45	195	113
-40	196	113
-35	195	112
-29	195	113
-24	195	113
-19	196	113
-13	195	112
-8	194	112
-3	195	113
3	195	112
8	195	112
13	196	113
19	196	113
23	196	113
29	195	113
34	195	113
40	197	113
45	196	113
50	195	113
56	195	112
62	196	113
67	195	113
73	196	113
79	196	113
85	195	113
91	196	113
27	47	27
32	50	29
34	51	29
36	51	29
38	51	29
40	51	29
42	51	29
44	51	29
46	51	29
48	51	29
50	51	29
53	51	30
56	51	30
58	51	29
27	20	12
26	19	11
25	17	10
24	15	9
24	15	8
24	14	8
24	13	8
25	13	8
26	13	7
26	13	7
27	12	7
-196	50	23
-187	52	24
-185	56	26
-184	60	28
-180	63	29
-180	68	32
-178	71	33
-174	74	35
-172	78	36
-170	82	38
-167	85	39
-165	88	41
-162	91	43
-159	94	44
-155	97	45
-158	104	48
-157	108	50
-155	111	52
-156	118	55
-153	121	57
-153	127	59
-150	130	61
-148	135	63
-147	141	66
-145	145	68
-142	148	69
-179	196	91
-181	208	97
-178	214	100
-174	220	102
-168	222	104
-159	221	103
-150	220	103
-144	222	104
-137	224	104
-129	224	104
-122	224	104
-115	223	104
-108	223	104
-101	223	104
-94	224	104
-88	223	104
-81	224	104
-75	224	105
-69	226	105
-63	226	106
-57	226	105
-51	226	105
-45	226	105
-39	227	106
-33	225	105
-27	226	105
-21	226	105
-15	226	105
-9	225	105
-3	226	105
3	226	105
8	226	105
14	226	105
20	225	105
26	226	105
31	225	105
37	226	106
43	226	106
49	227	106
55	226	105
62	227	106
68	226	106
74	226	105
80	225	105
86	225	105
93	226	106
34	73	34
36	73	34
39	74	35
39	59	27
41	59	27
44	59	28
45	59	27
48	59	27
51	59	28
53	59	27
55	59	28
58	59	28
61	59	28
28	23	11
27	21	10
26	19	9
25	17	8
24	15	7
24	15	7
24	14	6
24	13	6
25	13	6
26	13	6
27	13	6
27	13	6
-204	49	23
-195	51	24
-186	53	25
-184	57	27
-183	61	28
-180	64	30
-180	69	32
-177	72	34
-174	76	35
-172	79	37
-168	82	38
-167	86	40
-164	89	42
-162	93	43
-156	94	44
-154	98	46
-157	105	49
-156	109	51
-154	113	53
-155	119	56
-152	123	57
-151	128	60
-148	131	61
-147	136	64
-147	143	67
-143	145	68
-142	151	70
-184	204	95
-179	209	98
-175	214	100
-174	223	104
-164	221	103
-156	223	104
-147	221	103
-141	223	104
-134	224	105
-127	224	104
-120	225	105
-112	223	104
-105	223	104
-98	223	104
-92	223	104
-85	224	104
-79	224	105
-73	225	105
-67	225	105
-60	225	105
-54	225	105
-49	227	106
-42	226	105
-36	226	106
-30	225	105
-25	227	106
-19	226	105
-13	226	105
-7	226	105
-1	226	105
5	226	105
10	226	105
16	227	106
22	226	105
28	227	106
34	226	105
40	226	105
45	226	105
52	227	106
58	227	106
64	227	106
70	226	105
76	225	105
82	225	105
89	226	105
35	73	34
37	73	34
40	59	27
42	59	27
45	59	28
47	59	27
49	59	28
51	59	28
54	59	27
56	59	27
59	59	28
61	59	27
27	22	10
26	20	9
26	18	9
25	17	8
24	15	7
24	14	7
24	14	6
24	13	6
25	13	6
26	13	6
27	12	6
27	12	6
-203	45	16
-194	48	17
-188	51	18
-185	54	20
-183	58	21
-181	62	23
-179	66	24
-177	70	25
-174	73	27
-172	76	28
-169	80	29
-166	83	30
-164	87	32
-161	90	33
-157	92	34
-154	96	35
-155	101	37
-155	107	39
-154	110	40
-153	116	42
-151	120	44
-149	124	45
-147	128	46
-146	133	48
-143	137	50
-143	143	52
-140	146	53
-178	195	71
-179	205	75
-139	168	61
-174	219	80
-169	225	82
-166	232	84
-162	237	86
-160	247	90
-156	254	93
-152	262	95
-149	271	99
-143	275	100
-135	277	101
-125	274	100
-118	275	100
-110	275	100
-102	275	100
-95	275	100
-87	274	100
-80	275	100
-73	276	100
-65	273	99
-57	270	98
-50	269	98
-43	268	97
-37	276	100
-30	278	101
-23	276	100
-16	276	101
-9	276	100
-2	276	100
5	278	101
11	276	100
18	278	101
25	276	101
32	277	101
39	277	101
46	279	101
53	278	101
60	278	101
67	277	101
74	277	101
82	277	101
89	278	101
97	278	101
105	278	101
112	278	101
34	75	27
36	74	27
38	73	27
42	72	26
44	70	26
48	70	25
49	68	25
53	67	24
54	65	24
58	63	23
61	63	23
30	27	10
29	24	9
28	22	8
27	20	7
26	18	7
25	17	6
24	15	6
24	14	5
24	13	5
24	13	5
25	12	4
26	12	4
26	12	4
27	12	4
-203	45	16
-194	47	17
-188	51	18
-185	54	20
-184	58	21
-181	62	22
-179	66	24
-177	70	25
-174	73	27
-172	77	28
-169	80	29
-166	83	30
-164	87	32
-161	90	33
-157	92	34
-154	96	35
-154	101	37
-155	107	39
-153	111	40
-153	116	42
-151	120	44
-149	124	45
-147	128	47
-145	133	48
-143	137	50
-142	143	52
-139	147	53
-181	198	72
-180	206	75
-139	169	61
-173	219	80
-169	225	82
-166	232	84
-163	239	87
-158	245	89
-156	255	93
-152	262	95
-149	271	99
-143	277	101
-133	274	100
-125	274	100
-117	275	100
-110	276	100
-102	275	100
-94	275	100
-87	275	100
-79	275	100
-72	276	100
-64	273	99
-56	270	98
-49	266	97
-42	270	98
-37	279	102
-30	279	102
-23	278	101
-15	277	101
-8	276	100
-2	276	101
5	276	101
12	276	100
19	276	100
26	275	100
33	280	102
40	277	101
47	278	101
54	278	101
61	277	101
68	277	101
76	277	101
83	276	101
91	277	101
98	278	101
106	278	101
114	277	101
35	75	27
36	74	27
38	73	27
39	69	25
42	72	26
44	70	26
48	69	25
49	68	25
53	66	24
55	65	24
59	63	23
30	26	9
28	22	8
27	20	7
26	18	6
25	16	6
24	15	5
24	14	5
24	13	5
25	13	5
25	13	5
26	12	4
27	12	4
27	11	4
-200	42	11
-191	45	12
-189	49	13
-186	53	14
-185	57	15
-180	60	16
-180	65	17
-177	68	18
-174	72	19
-171	75	20
-169	79	21
-166	82	22
-163	86	23
-161	89	24
-156	91	24
-156	96	26
-152	99	26
-155	106	28
-154	110	30
-152	114	31
-150	118	32
-150	124	33
-147	127	34
-148	134	36
-146	138	37
-141	141	38
-183	199	53
-173	217	58
-169	223	60
-166	231	62
-163	238	64
-160	246	66
-156	251	67
-154	262	70
-149	268	72
-144	274	74
-141	285	76
-136	293	79
-102	235	63
-125	306	82
-113	298	80
-104	293	79
-94	287	77
-77	281	75
-60	270	72
-53	267	72
-45	261	70
-40	271	73
-34	281	75
-29	295	79
-23	311	83
-16	321	86
-9	343	92
0	304	82
7	297	80
14	300	80
21	296	79
35	293	79
49	347	93
58	346	93
65	341	91
62	285	76
69	285	76
76	282	76
90	306	82
79	243	65
85	243	65
92	243	65
98	242	65
35	76	20
36	74	20
38	73	19
40	69	18
43	70	19
44	69	18
48	67	18
50	66	18
53	64	17
57	63	17
33	31	8
30	27	7
29	24	7
28	23	6
28	21	6
26	19	5
26	17	5
25	15	4
24	15	4
24	14	4
24	13	3
25	12	3
25	12	3
26	12	3
27	11	3
27	11	3
28	11	3
-199	43	12
-190	46	12
-187	50	13
-185	53	14
-182	57	15
-179	61	16
-179	66	18
-177	69	19
-175	73	20
-171	76	20
-168	80	21
-166	83	22
-163	87	23
-160	90	24
-156	92	25
-156	97	26
-152	100	27
-154	107	29
-153	111	30
-152	115	31
-151	120	32
-148	124	33
-145	127	34
-146	135	36
-144	139	37
-140	142	38
-183	192	52
-182	200	54
-172	219	59
-168	224	60
-165	232	62
-163	241	65
-160	248	67
-155	254	68
-151	261	70
-147	270	72
-144	278	74
-139	285	76
-136	296	79
-100	235	63
-109	293	79
-99	288	77
-92	289	77
-82	281	75
-57	268	72
-50	264	71
-43	263	70
-38	274	73
-32	284	76
-21	312	84
2	301	81
17	297	80
23	292	78
39	304	82
52	343	92
60	341	91
68	337	90
65	284	76
72	283	76
79	282	75
76	248	67
81	244	65
88	244	65
94	242	65
101	244	65
35	74	20
37	73	20
38	72	19
42	71	19
43	69	19
44	67	18
47	68	18
48	66	18
53	65	18
54	64	17
57	62	17
34	33	9
32	30	8
29	24	6
28	22	6
27	20	5
27	19	5
25	17	4
24	15	4
24	14	4
24	13	4
24	13	3
25	12	3
26	12	3
27	12	3
27	11	3
28	11	3
-205	38	7
-196	41	7
-191	45	8
-188	49	9
-184	53	9
-182	56	10
-180	60	11
-180	65	11
-177	68	12
-174	73	13
-171	76	13
-168	79	14
-165	83	15
-163	86	15
-160	89	16
-154	91	16
-154	96	17
-151	99	17
-156	107	19
-154	111	20
-151	115	20
-151	120	21
-147	123	22
-144	126	22
-146	134	24
-144	138	24
-140	141	25
-139	146	26
-135	149	26
-133	154	27
-131	159	28
-129	165	29
-126	169	30
-165	231	41
-162	238	42
-158	244	43
-156	253	45
-151	258	46
-146	265	47
-143	274	48
-139	282	50
-136	293	52
-101	234	41
-124	305	54
-166	433	76
-154	433	76
-142	430	76
-131	432	76
-120	432	76
-109	432	76
-60	268	47
-51	259	46
-45	258	45
-40	267	47
-35	277	49
-29	288	51
-24	302	53
-17	314	55
-10	303	53
-2	299	53
5	297	52
12	301	53
18	282	50
24	279	49
31	277	49
79	280	49
86	281	50
94	282	50
101	282	50
110	284	50
114	274	48
35	74	13
36	72	13
37	71	12
41	70	12
42	67	12
44	67	12
46	67	12
47	65	11
49	64	11
52	62	11
54	61	11
57	62	11
32	30	5
31	27	5
29	24	4
29	23	4
27	20	4
27	19	3
25	17	3
25	15	3
24	14	3
24	14	2
24	13	2
24	12	2
25	12	2
26	11	2
27	11	2
27	10	2
28	10	2
-199	40	7
-193	43	8
-191	47	8
-186	51	9
-186	56	10
-181	59	10
-179	63	11
-177	67	12
-175	71	12
-171	74	13
-169	77	14
-166	81	14
-164	85	15
-162	88	16
-155	90	16
-155	94	17
-151	97	17
-153	103	18
-155	109	19
-152	112	20
-151	117	21
-149	122	21
-147	126	22
-147	132	23
-145	137	24
-141	139	25
-142	147	26
-137	148	26
-134	152	27
-132	157	28
-130	162	29
-127	166	29
-166	227	40
-163	234	41
-160	241	42
-156	249	44
-154	258	45
-148	262	46
-145	272	48
-141	279	49
-138	290	51
-131	293	52
-123	315	56
-159	434	77
-147	433	76
-136	433	76
-125	436	77
-113	429	76
-99	416	73
-55	263	46
-47	259	46
-42	263	46
-37	274	48
-31	283	50
-26	298	52
-20	312	55
-12	311	55
-5	301	53
2	297	52
9	299	53
16	287	51
22	280	49
29	278	49
77	281	50
84	282	50
92	281	50
99	281	50
107	283	50
114	280	49
35	75	13
36	73	13
37	71	13
39	70	12
39	66	12
42	68	12
43	67	12
45	66	12
47	65	11
48	64	11
50	63	11
52	62	11
54	62	11
58	60	11
31	28	5
28	22	4
27	21	4
27	19	3
26	17	3
25	16	3
24	14	3
24	14	2
24	13	2
24	12	2
25	11	2
26	11	2
26	11	2
27	11	2
28	10	2
-210	35	3
-198	38	3
-193	42	4
-191	46	4
-185	50	4
-186	55	5
-180	57	5
-180	62	5
-178	66	6
-174	69	6
-171	73	6
-169	77	7
-166	80	7
-164	84	7
-162	88	8
-155	89	8
-155	93	8
-150	95	8
-154	103	9
-154	108	9
-151	112	10
-151	117	10
-148	120	11
-146	125	11
-141	126	11
-145	136	12
-142	139	12
-143	146	13
-137	147	13
-135	152	13
-132	155	14
-129	160	14
-127	165	14
-122	166	15
-157	223	20
-159	237	21
-155	244	21
-167	291	25
-158	292	26
-152	296	26
-137	283	25
-131	289	25
-123	308	27
-166	440	39
-162	464	41
-155	478	42
-146	491	43
-138	506	44
-125	503	44
-57	259	23
-49	255	22
-44	259	23
-39	267	23
-34	279	24
-28	288	25
-23	300	26
-16	315	28
-9	326	29
-2	326	28
6	342	30
15	354	31
21	317	28
36	327	29
53	336	29
61	332	29
68	330	29
71	308	27
79	308	27
89	316	28
92	299	26
98	294	26
105	292	26
110	284	25
115	280	24
35	76	7
36	73	6
38	72	6
39	70	6
39	66	6
42	67	6
43	66	6
46	67	6
47	65	6
48	63	6
50	64	6
52	62	5
53	61	5
57	60	5
33	31	3
31	28	2
29	24	2
29	23	2
28	21	2
27	19	2
26	17	2
25	16	1
24	14	1
24	13	1
24	12	1
24	12	1
25	11	1
26	11	1
26	11	1
27	10	1
28	10	1
29	10	1
-202	37	3
-194	40	3
-191	44	4
-189	48	4
-184	52	5
-183	56	5
-180	60	5
-178	64	6
-177	68	6
-174	72	6
-172	75	7
-168	79	7
-165	82	7
-162	85	7
-157	87	8
-154	90	8
-154	95	8
-150	98	9
-155	106	9
-153	110	10
-151	114	10
-150	119	10
-147	123	11
-143	125	11
-146	133	12
-143	137	12
-140	140	12
-138	145	13
-136	150	13
-132	153	13
-130	158	14
-128	163	14
-124	166	14
-156	217	19
-154	225	20
-158	243	21
-154	250	22
-170	290	25
-162	292	26
-153	293	26
-133	287	25
-100	230	20
-124	303	26
-171	445	39
-163	454	40
-157	475	42
-149	488	43
-141	504	44
-129	506	44
-59	261	23
-52	258	23
-45	255	22
-40	263	23
-35	274	24
-30	283	25
-24	298	26
-18	310	27
-11	325	28
-4	326	28
4	338	30
12	354	31
19	315	28
35	328	29
51	333	29
59	333	29
66	329	29
70	308	27
77	307	27
88	317	28
90	297	26
96	293	26
104	293	26
109	285	25
113	278	24
36	73	6
38	72	6
39	70	6
41	70	6
42	68	6
43	66	6
46	67	6
47	65	6
48	63	6
50	64	6
52	62	5
53	61	5
57	60	5
32	28	2
29	23	2
27	21	2
27	19	2
26	17	2
25	16	1
24	14	1
24	13	1
24	12	1
24	12	1
25	11	1
26	11	1
26	11	1
27	10	1
28	10	1
29	10	1
-213	28	0
-202	32	0
-195	35	0
-193	40	0
-191	44	0
-186	48	0
-185	52	0
-181	56	0
-180	60	0
-178	64	0
-175	67	0
-172	71	0
-169	75	0
-167	78	0
-165	82	0
-87	53	0
-152	110	0
-152	116	0
-149	119	0
-147	123	0
-140	123	0
-138	127	0
-140	135	0
-142	143	0
-137	145	0
-135	149	0
-132	154	0
-129	158	0
-127	161	0
-164	218	0
-160	223	0
-155	228	0
-155	240	0
-165	283	0
-158	286	0
-151	290	0
-137	278	0
-133	286	0
-124	302	0
-169	440	0
-162	453	0
-158	475	0
-149	485	0
-140	498	0
-133	518	0
-58	257	0
-51	254	0
-45	251	0
-40	259	0
-35	269	0
-30	280	0
-24	290	0
-18	303	0
-12	316	0
-5	335	0
3	350	0
11	348	0
19	344	0
27	342	0
34	338	0
42	335	0
49	329	0
57	327	0
63	322	0
71	320	0
77	315	0
84	311	0
91	307	0
98	305	0
105	301	0
111	298	0
118	296	0
125	292	0
36	74	0
37	72	0
38	70	0
40	69	0
39	64	0
42	65	0
43	64	0
45	63	0
46	62	0
48	62	0
51	63	0
52	60	0
54	60	0
58	58	0
31	27	0
29	24	0
29	22	0
28	20	0
26	18	0
26	17	0
25	15	0
24	14	0
24	12	0
24	12	0
24	12	0
25	11	0
26	11	0
26	11	0
27	10	0
28	10	0
29	9	0
30	9	0
-206	30	0
-195	34	0
-193	38	0
-191	42	0
-189	46	0
-186	50	0
-183	54	0
-180	58	0
-179	62	0
-177	66	0
-174	70	0
-171	73	0
-168	77	0
-164	80	0
-87	52	0
-86	54	0
-152	113	0
-150	117	0
-148	121	0
-143	123	0
-138	125	0
-142	134	0
-140	139	0
-138	142	0
-135	147	0
-134	152	0
-130	156	0
-128	160	0
-165	215	0
-160	219	0
-157	226	0
-155	235	0
-153	244	0
-168	282	0
-161	284	0
-153	287	0
-146	289	0
-135	284	0
-101	226	0
-123	294	0
-172	435	0
-165	448	0
-158	463	0
-153	483	0
-143	493	0
-61	261	0
-53	254	0
-47	251	0
-41	256	0
-37	264	0
-32	275	0
-26	285	0
-20	300	0
-14	312	0
-7	329	0
0	347	0
9	349	0
17	345	0
24	342	0
32	339	0
40	336	0
47	333	0
54	327	0
62	324	0
69	320	0
76	317	0
83	314	0
89	308	0
96	306	0
103	302	0
110	300	0
117	297	0
123	293	0
36	72	0
38	70	0
39	69	0
39	64	0
42	66	0
43	64	0
44	62	0
46	63	0
48	62	0
49	61	0
52	61	0
53	60	0
56	60	0
57	58	0
33	31	0
31	27	0
30	25	0
29	23	0
28	21	0
27	19	0
26	17	0
25	16	0
24	14	0
24	13	0
24	12	0
24	12	0
25	11	0
25	11	0
26	10	0
27	10	0
28	10	0
28	10	0
29	9	0
-208	26	-2
-198	30	-3
-195	34	-3
-193	39	-3
-190	43	-4
-188	47	-4
-184	50	-4
-182	54	-5
-181	59	-5
-177	62	-5
-175	66	-6
-172	70	-6
-170	73	-6
-167	77	-7
-164	80	-7
-90	48	-4
-89	50	-4
-86	51	-4
-84	53	-5
-83	55	-5
-84	58	-5
-150	117	-10
-146	120	-11
-142	122	-11
-145	131	-11
-141	134	-12
-142	141	-12
-137	143	-12
-135	147	-13
-132	151	-13
-131	156	-14
-127	159	-14
-167	218	-19
-163	223	-20
-161	231	-20
-156	236	-21
-154	245	-21
-167	280	-25
-159	281	-25
-152	283	-25
-134	282	-25
-100	225	-20
-123	293	-26
-169	428	-37
-163	441	-39
-156	455	-40
-152	479	-42
-142	488	-43
-61	256	-22
-53	253	-22
-47	250	-22
-41	254	-22
-36	262	-23
-31	271	-24
-26	283	-25
-20	289	-25
-13	293	-26
-7	320	-28
0	338	-30
8	346	-30
16	341	-30
24	340	-30
31	334	-29
39	331	-29
46	328	-29
54	326	-29
61	321	-28
68	316	-28
75	314	-27
81	308	-27
89	308	-27
95	302	-26
102	301	-26
109	297	-26
116	294	-26
123	292	-26
36	72	-6
37	70	-6
39	68	-6
39	64	-6
42	66	-6
43	64	-6
44	62	-5
45	61	-5
47	61	-5
48	59	-5
50	58	-5
53	59	-5
55	59	-5
57	58	-5
34	32	-3
32	28	-2
30	25	-2
29	23	-2
28	21	-2
27	19	-2
26	17	-2
26	16	-1
25	15	-1
24	13	-1
24	12	-1
24	12	-1
24	11	-1
25	10	-1
26	10	-1
26	10	-1
27	10	-1
28	9	-1
29	9	-1
30	9	-1
31	8	-1
-204	29	-3
-198	32	-3
-195	37	-3
-192	41	-4
-191	45	-4
-185	49	-4
-185	53	-5
-179	56	-5
-180	61	-5
-177	65	-6
-174	69	-6
-171	72	-6
-168	75	-7
-165	79	-7
-161	81	-7
-90	50	-4
-87	50	-4
-85	52	-5
-84	54	-5
-83	57	-5
-85	60	-5
-147	119	-10
-143	121	-11
-141	125	-11
-142	132	-12
-139	136	-12
-139	141	-12
-136	145	-13
-134	150	-13
-131	154	-13
-128	158	-14
-165	212	-19
-164	222	-19
-161	228	-20
-157	234	-21
-153	240	-21
-169	279	-24
-163	283	-25
-153	282	-25
-146	284	-25
-135	279	-24
-102	224	-20
-120	301	-26
-165	440	-38
-158	452	-40
-152	471	-41
-145	487	-43
-138	506	-44
-130	526	-46
-55	254	-22
-48	251	-22
-42	252	-22
-38	261	-23
-33	270	-24
-28	282	-25
-22	292	-26
-15	293	-26
-8	307	-27
-1	336	-29
7	346	-30
15	342	-30
23	341	-30
30	337	-30
38	334	-29
45	330	-29
52	323	-28
60	321	-28
67	319	-28
74	314	-28
80	309	-27
87	306	-27
94	301	-26
101	301	-26
108	298	-26
115	294	-26
122	293	-26
129	289	-25
36	72	-6
37	70	-6
39	68	-6
38	64	-6
41	66	-6
42	64	-6
44	62	-5
45	61	-5
47	61	-5
49	61	-5
49	58	-5
52	59	-5
55	60	-5
57	58	-5
34	32	-3
32	29	-2
30	25	-2
29	23	-2
28	21	-2
27	19	-2
27	17	-2
26	16	-1
25	15	-1
24	13	-1
24	12	-1
24	12	-1
24	11	-1
25	10	-1
26	10	-1
26	10	-1
27	10	-1
28	9	-1
29	9	-1
30	9	-1
31	8	-1
-205	21	-4
-198	25	-4
-195	29	-5
-192	34	-6
-191	38	-7
-188	42	-7
-185	46	-8
-185	50	-9
-182	54	-10
-179	58	-10
-176	61	-11
-172	65	-11
-169	68	-12
-166	71	-13
-163	75	-13
-100	49	-9
-91	48	-8
-87	49	-9
-85	50	-9
-83	51	-9
-84	55	-10
-84	57	-10
-150	117	-21
-148	121	-21
-146	124	-22
-144	129	-23
-141	132	-23
-142	139	-25
-136	140	-25
-135	145	-26
-132	149	-26
-130	154	-27
-127	158	-28
-135	175	-31
-130	177	-31
-126	182	-32
-121	183	-32
-119	190	-33
-118	198	-35
-152	267	-47
-151	281	-49
-133	279	-49
-99	221	-39
-123	291	-51
-169	425	-75
-163	439	-77
-157	455	-80
-150	472	-83
-141	483	-85
-133	496	-87
-60	253	-45
-53	250	-44
-46	246	-43
-41	251	-44
-36	261	-46
-30	259	-46
-23	258	-45
-17	260	-46
-12	266	-47
-5	263	-46
1	269	-47
8	275	-48
14	271	-48
21	281	-50
32	332	-59
39	327	-58
47	323	-57
54	320	-56
61	317	-56
68	312	-55
75	309	-54
82	305	-54
89	302	-53
95	299	-53
38	105	-19
41	99	-18
43	97	-17
35	73	-13
36	70	-12
37	68	-12
38	67	-12
38	63	-11
41	64	-11
42	63	-11
43	61	-11
45	60	-11
47	61	-11
49	60	-11
51	59	-10
53	58	-10
54	58	-10
56	57	-10
34	31	-6
30	25	-4
30	23	-4
28	21	-4
27	19	-3
27	17	-3
26	16	-3
25	14	-3
24	13	-2
24	12	-2
24	11	-2
24	11	-2
25	10	-2
26	10	-2
26	10	-2
27	10	-2
28	9	-2
30	8	-1
31	8	-1
-207	21	-4
-198	25	-4
-195	29	-5
-194	33	-6
-191	37	-7
-189	42	-7
-186	46	-8
-185	50	-9
-182	54	-9
-179	57	-10
-176	61	-11
-173	65	-11
-169	68	-12
-166	71	-12
-163	74	-13
-91	48	-8
-87	49	-9
-86	50	-9
-83	51	-9
-84	55	-10
-84	57	-10
-151	116	-21
-148	120	-21
-147	125	-22
-145	129	-23
-141	132	-23
-142	139	-25
-137	140	-25
-135	145	-26
-132	149	-26
-130	154	-27
-127	157	-28
-135	175	-31
-130	177	-31
-127	181	-32
-121	183	-32
-119	190	-33
-118	198	-35
-152	267	-47
-151	281	-49
-133	279	-49
-100	222	-39
-123	291	-51
-169	425	-75
-163	441	-78
-158	458	-81
-150	471	-83
-141	483	-85
-135	505	-89
-60	253	-45
-53	250	-44
-46	246	-43
-41	252	-44
-36	261	-46
-30	259	-46
-23	258	-45
-17	261	-46
-11	264	-47
-5	263	-46
1	269	-47
8	273	-48
14	272	-48
22	288	-51
32	331	-58
40	327	-58
47	323	-57
54	318	-56
62	317	-56
69	312	-55
76	308	-54
82	305	-54
89	299	-53
95	296	-52
38	105	-19
44	98	-17
35	73	-13
36	70	-12
37	68	-12
39	67	-12
39	63	-11
41	64	-11
43	63	-11
44	61	-11
46	62	-11
47	60	-11
49	59	-10
51	59	-10
53	58	-10
55	58	-10
56	57	-10
34	31	-5
30	25	-4
29	22	-4
28	20	-4
27	19	-3
26	17	-3
26	15	-3
25	14	-2
24	13	-2
24	12	-2
24	12	-2
24	10	-2
25	10	-2
26	10	-2
26	10	-2
27	9	-2
28	9	-2
31	8	-1
32	8	-1
-208	17	-4
-199	20	-5
-198	25	-7
-195	29	-8
-192	33	-9
-192	38	-10
-190	42	-11
-186	45	-12
-185	50	-13
-182	53	-14
-181	57	-15
-177	61	-16
-175	65	-17
-172	68	-18
-169	71	-19
-166	75	-20
-91	47	-13
-87	47	-13
-84	49	-13
-82	50	-13
-82	53	-14
-82	56	-15
-150	115	-31
-149	119	-32
-147	123	-33
-144	127	-34
-141	130	-35
-142	137	-37
-136	138	-37
-29	33	-9
-28	34	-9
-28	36	-10
-28	37	-10
-27	38	-10
-26	39	-10
-26	40	-11
-25	41	-11
-113	207	-55
-137	265	-71
-133	274	-73
-99	218	-58
-123	287	-77
-170	421	-113
-162	430	-115
-158	450	-121
-150	465	-125
-142	478	-128
-134	495	-133
-60	250	-67
-53	246	-66
-46	243	-65
-41	248	-66
-34	245	-66
-28	241	-64
-21	237	-63
-16	235	-63
-10	232	-62
-4	228	-61
2	226	-61
7	223	-60
12	221	-59
18	219	-59
22	217	-58
27	213	-57
32	210	-56
37	207	-55
42	206	-55
46	202	-54
51	200	-54
55	198	-53
60	196	-52
64	193	-52
40	100	-27
41	96	-26
43	95	-25
35	71	-19
36	69	-18
38	67	-18
39	66	-18
39	62	-17
42	64	-17
43	62	-17
43	60	-16
46	61	-16
47	59	-16
50	59	-16
51	58	-16
53	57	-15
55	57	-15
57	56	-15
30	25	-7
29	22	-6
28	20	-5
27	18	-5
26	17	-4
26	15	-4
26	14	-4
24	13	-3
24	12	-3
24	11	-3
24	11	-3
25	11	-3
25	10	-3
26	9	-2
27	9	-2
28	9	-2
28	8	-2
29	8	-2
30	8	-2
31	7	-2
32	7	-2
34	6	-2
-205	18	-5
-199	22	-6
-197	27	-7
-194	30	-8
-191	35	-9
-193	39	-11
-191	44	-12
-186	47	-13
-186	51	-14
-181	55	-15
-180	59	-16
-177	63	-17
-174	66	-18
-171	69	-19
-168	73	-19
-164	76	-20
-96	48	-13
-89	47	-13
-85	48	-13
-83	49	-13
-82	51	-14
-82	54	-14
-83	57	-15
-149	116	-31
-147	120	-32
-146	125	-33
-144	129	-34
-140	132	-35
-139	137	-37
-29	34	-9
-29	35	-9
-28	36	-10
-27	37	-10
-27	38	-10
-26	39	-11
-26	41	-11
-137	258	-69
-136	272	-73
-102	218	-58
-122	294	-79
-167	430	-115
-159	440	-118
-155	461	-124
-146	472	-126
-137	486	-130
-130	507	-136
-56	248	-67
-49	245	-66
-43	244	-65
-38	250	-67
-30	243	-65
-24	241	-65
-18	237	-63
-12	231	-62
-6	229	-61
-1	226	-61
5	225	-60
10	220	-59
16	219	-59
20	217	-58
26	215	-58
30	211	-57
35	209	-56
40	207	-55
44	202	-54
49	201	-54
53	198	-53
58	196	-53
63	195	-52
67	192	-51
39	101	-27
41	98	-26
42	95	-25
35	72	-19
36	69	-19
37	68	-18
38	66	-18
37	61	-16
40	62	-16
42	62	-17
44	62	-17
45	59	-16
47	60	-16
49	59	-16
49	57	-15
52	57	-15
55	58	-16
56	57	-15
32	28	-7
30	25	-7
28	20	-5
28	19	-5
27	18	-5
26	16	-4
25	14	-4
24	13	-4
24	12	-3
24	11	-3
24	11	-3
25	11	-3
25	10	-3
26	10	-3
27	9	-2
27	9	-2
28	9	-2
29	8	-2
30	8	-2
31	7	-2
32	7	-2
33	6	-2
-214	11	-4
-203	15	-5
-201	19	-7
-199	23	-8
-198	27	-10
-196	32	-11
-194	35	-13
-191	39	-14
-189	43	-16
-185	47	-17
-186	51	-19
-181	54	-20
-180	58	-21
-177	62	-23
-174	65	-24
-170	68	-25
-168	72	-26
-36	18	-7
-34	18	-7
-34	19	-7
-34	20	-7
-33	21	-8
-33	22	-8
-33	23	-8
-33	24	-9
-32	25	-9
-32	26	-9
-32	26	-10
-31	27	-10
-31	28	-10
-31	29	-11
-30	30	-11
-30	31	-11
-30	32	-12
-29	33	-12
-28	34	-13
-28	35	-13
-27	37	-13
-27	38	-14
-26	39	-14
-26	40	-14
-136	251	-91
-137	266	-97
-131	271	-99
-122	287	-105
-57	245	-89
-49	241	-88
-43	241	-88
-37	244	-89
-34	259	-94
-28	267	-97
-22	281	-102
-16	292	-106
-6	223	-81
-1	222	-81
5	220	-80
10	217	-79
16	214	-78
20	212	-77
26	211	-77
30	207	-75
35	204	-74
40	202	-74
17	61	-22
26	59	-22
28	59	-21
34	61	-22
36	61	-22
37	59	-22
40	61	-22
42	60	-22
43	59	-21
45	58	-21
48	56	-21
56	55	-20
32	27	-10
31	25	-9
29	22	-8
28	20	-7
27	19	-7
27	17	-6
26	16	-6
25	14	-5
24	13	-5
24	12	-4
24	11	-4
24	10	-4
24	10	-4
25	10	-4
26	9	-3
27	9	-3
27	9	-3
28	8	-3
29	8	-3
30	8	-3
31	7	-3
32	7	-2
33	6	-2
35	6	-2
35	5	-2
-214	10	-4
-203	15	-5
-201	19	-7
-199	23	-8
-198	27	-10
-196	32	-11
-193	36	-13
-191	40	-14
-189	44	-16
-185	47	-17
-184	51	-19
-181	55	-20
-179	59	-21
-177	62	-23
-174	65	-24
-169	68	-25
-167	72	-26
-36	18	-7
-34	19	-7
-34	20	-7
-34	20	-7
-33	21	-8
-34	22	-8
-33	23	-8
-33	24	-9
-32	25	-9
-32	25	-9
-32	27	-10
-31	28	-10
-31	29	-10
-30	29	-11
-30	30	-11
-29	31	-11
-29	33	-12
-29	33	-12
-28	34	-13
-28	36	-13
-27	36	-13
-27	38	-14
-26	39	-14
-26	40	-15
-136	254	-92
-136	268	-97
-103	216	-79
-123	293	-107
-55	245	-89
-48	240	-87
-42	241	-88
-36	244	-89
-32	262	-95
-27	270	-98
-21	284	-103
-10	223	-81
-5	223	-81
1	222	-81
6	220	-80
12	218	-79
17	214	-78
22	212	-77
27	211	-77
32	209	-76
36	204	-74
41	202	-74
23	59	-22
27	59	-21
35	61	-22
36	61	-22
39	61	-22
40	60	-22
45	63	-23
44	59	-21
48	62	-22
56	57	-21
57	56	-20
33	29	-10
31	26	-9
30	24	-9
29	21	-8
28	20	-7
27	18	-7
26	16	-6
26	15	-5
25	14	-5
24	12	-5
24	11	-4
24	11	-4
24	10	-4
25	10	-4
25	10	-4
26	9	-3
27	9	-3
27	9	-3
28	8	-3
29	8	-3
30	7	-3
31	7	-2
32	7	-2
33	6	-2
35	6	-2
36	5	-2
-225	7	-3
-203	11	-5
-203	15	-7
-201	19	-9
-199	23	-11
-197	27	-13
-196	31	-15
-193	35	-16
-191	39	-18
-189	43	-20
-38	12	-6
-37	13	-6
-37	14	-6
-36	14	-7
-36	15	-7
-36	16	-8
-35	17	-8
-35	18	-8
-35	19	-9
-34	19	-9
-34	20	-9
-34	21	-10
-33	22	-10
-33	23	-11
-33	24	-11
-32	24	-11
-32	25	-12
-32	26	-12
-31	27	-12
-31	28	-13
-31	29	-13
-30	30	-14
-30	31	-14
-30	32	-15
-29	33	-15
-28	34	-16
-28	35	-16
-28	36	-17
-28	38	-18
-27	38	-18
-26	40	-18
-109	197	-92
-136	260	-121
-133	270	-126
-96	278	-130
-80	278	-130
-72	276	-129
-57	242	-113
-49	238	-111
-43	237	-110
-37	242	-113
-33	255	-119
-26	252	-117
-19	256	-119
-13	256	-119
-6	255	-119
0	256	-119
7	239	-111
13	235	-110
20	262	-122
7	39	-18
9	41	-19
11	40	-19
12	40	-19
13	40	-19
14	40	-19
15	40	-19
16	40	-18
17	39	-18
20	41	-19
22	40	-19
23	40	-19
25	40	-19
26	41	-19
27	40	-19
29	40	-19
30	40	-19
32	40	-19
34	41	-19
35	40	-19
37	41	-19
38	40	-19
41	41	-19
33	28	-13
31	25	-12
29	22	-10
29	21	-10
28	19	-9
27	17	-8
26	16	-7
25	15	-7
25	13	-6
24	12	-5
24	11	-5
24	11	-5
24	10	-5
25	10	-5
25	9	-4
26	9	-4
27	9	-4
27	8	-4
28	8	-4
29	8	-4
30	7	-3
31	7	-3
32	6	-3
33	6	-3
34	6	-3
35	5	-2
36	4	-2
38	4	-2
-198	5	-2
-218	9	-4
-203	13	-6
-202	17	-8
-202	22	-10
-199	26	-12
-197	30	-14
-195	34	-16
-192	37	-17
-190	41	-19
-186	45	-21
-39	12	-6
-37	13	-6
-36	13	-6
-36	14	-7
-36	15	-7
-36	16	-7
-35	16	-8
-35	17	-8
-35	18	-8
-34	19	-9
-34	20	-9
-34	20	-10
-34	21	-10
-33	22	-10
-33	23	-11
-32	24	-11
-32	25	-12
-32	26	-12
-32	27	-12
-31	28	-13
-31	29	-13
-30	29	-14
-30	30	-14
-30	31	-15
-29	32	-15
-29	34	-16
-28	35	-16
-28	36	-17
-27	37	-17
-27	38	-18
-26	39	-18
-26	40	-19
-110	194	-91
-138	257	-120
-135	268	-125
-101	215	-100
-116	280	-130
-106	276	-129
-82	272	-127
-76	278	-130
-60	244	-114
-52	240	-112
-45	236	-110
-40	244	-114
-35	253	-118
-27	246	-115
-22	259	-121
-15	255	-119
-9	255	-119
-2	254	-118
4	254	-118
10	233	-108
18	256	-119
24	262	-122
7	40	-19
8	40	-18
9	40	-18
10	41	-19
11	40	-19
12	40	-19
13	40	-19
14	40	-19
15	40	-19
17	40	-18
18	39	-18
19	40	-19
22	40	-19
23	40	-19
24	40	-19
26	41	-19
27	41	-19
30	40	-19
31	40	-19
33	40	-19
34	40	-19
36	41	-19
40	41	-19
43	41	-19
34	29	-14
32	26	-12
30	23	-11
30	22	-10
28	19	-9
27	18	-8
27	16	-8
26	15	-7
25	14	-6
24	12	-6
24	11	-5
24	11	-5
24	10	-5
24	9	-4
25	9	-4
26	9	-4
26	9	-4
27	8	-4
28	8	-4
29	8	-4
30	7	-3
30	7	-3
31	6	-3
33	6	-3
34	6	-3
35	5	-2
36	5	-2
37	4	-2
40	3	-2
-193	0	0
-188	4	-2
-222	9	-5
-203	12	-7
-203	16	-9
-201	20	-12
-198	24	-14
-197	28	-16
-196	32	-18
-40	9	-5
-38	10	-6
-38	10	-6
-38	11	-6
-37	12	-7
-37	13	-7
-37	13	-8
-37	14	-8
-36	15	-9
-36	16	-9
-35	17	-10
-35	17	-10
-35	18	-10
-35	19	-11
-34	20	-11
-34	21	-12
-34	21	-12
-34	22	-13
-33	23	-13
-33	24	-14
-32	25	-14
-32	26	-15
-32	26	-15
-31	27	-16
-31	28	-16
-30	29	-17
-31	30	-18
-30	31	-18
-29	32	-19
-29	33	-19
-28	34	-20
-28	35	-20
-28	37	-21
-27	38	-22
-27	39	-22
-26	40	-23
-110	194	-112
-110	206	-119
-103	206	-119
-97	206	-119
-90	205	-119
-84	205	-119
-78	205	-118
-72	207	-120
-66	206	-119
-60	207	-120
-54	205	-118
-49	207	-119
-43	206	-119
-37	206	-119
-29	194	-112
-23	189	-109
-18	190	-110
-13	184	-106
-8	191	-110
-3	194	-112
2	29	-17
3	29	-17
4	29	-17
5	29	-17
6	29	-17
6	29	-17
7	29	-17
8	29	-17
9	29	-17
10	29	-17
11	29	-17
11	29	-17
12	29	-17
13	29	-17
14	29	-17
15	29	-17
16	29	-17
17	29	-17
17	29	-17
19	29	-17
20	29	-17
21	30	-17
22	29	-17
23	29	-17
24	29	-17
25	29	-17
26	29	-17
27	29	-17
29	30	-17
29	27	-15
32	27	-16
32	26	-15
30	22	-13
29	21	-12
28	19	-11
27	17	-10
26	16	-9
26	15	-8
25	13	-8
24	12	-7
24	11	-6
24	10	-6
24	10	-6
24	9	-5
25	9	-5
25	9	-5
26	9	-5
27	8	-5
27	8	-5
28	8	-4
29	7	-4
30	7	-4
31	7	-4
32	6	-3
34	6	-3
34	5	-3
35	5	-3
36	4	-2
38	4	-2
-196	-1	1
-189	3	-2
-220	7	-4
-204	11	-6
-204	15	-9
-201	19	-11
-199	23	-13
-198	27	-16
-196	31	-18
-193	35	-20
-38	9	-5
-38	10	-6
-38	11	-6
-37	12	-7
-37	13	-7
-37	13	-8
-37	14	-8
-36	15	-9
-36	16	-9
-35	16	-9
-36	17	-10
-35	18	-10
-35	19	-11
-35	20	-11
-34	21	-12
-34	21	-12
-34	22	-13
-33	23	-13
-33	24	-14
-32	25	-14
-32	25	-15
-32	26	-15
-31	27	-16
-31	28	-16
-30	29	-17
-30	30	-17
-30	31	-18
-30	32	-19
-29	33	-19
-28	34	-20
-28	36	-21
-28	36	-21
-27	38	-22
-27	39	-22
-26	40	-23
-111	195	-113
-110	206	-119
-104	206	-119
-97	206	-119
-90	205	-118
-84	205	-118
-78	206	-119
-72	207	-120
-66	206	-119
-60	207	-120
-54	205	-118
-48	206	-119
-42	206	-119
-37	205	-119
-29	194	-112
-23	189	-109
-18	190	-110
-12	184	-106
-8	191	-111
-3	194	-112
2	29	-17
3	29	-17
4	29	-17
5	29	-17
6	29	-17
6	29	-17
7	29	-17
8	29	-17
9	29	-17
10	29	-17
10	29	-17
11	29	-17
12	29	-17
13	29	-17
14	29	-17
15	29	-17
16	29	-17
17	29	-17
18	29	-17
19	29	-17
20	29	-17
21	29	-17
22	29	-17
23	29	-17
24	29	-17
25	29	-17
27	29	-17
28	29	-17
30	30	-17
29	27	-15
32	27	-16
31	24	-14
30	23	-13
28	20	-12
28	19	-11
27	17	-10
26	16	-9
26	14	-8
25	13	-8
24	12	-7
24	11	-6
24	10	-6
24	10	-6
24	10	-5
25	9	-5
26	9	-5
26	9	-5
27	8	-5
28	8	-5
28	8	-4
29	7	-4
30	7	-4
31	6	-4
32	6	-3
34	6	-3
34	5	-3
36	5	-3
37	4	-2
38	4	-2
38	3	-2
40	3	-2
41	2	-1
43	2	-1
-167	-7	5
-191	-4	3
-187	-1	0
-188	3	-2
-219	7	-5
-203	11	-7
-203	15	-10
-202	18	-13
-200	22	-15
-200	26	-18
-197	30	-21
-196	33	-23
-39	9	-6
-38	10	-7
-38	10	-7
-38	11	-8
-38	12	-8
-37	13	-9
-37	13	-9
-37	14	-10
-36	15	-10
-37	16	-11
-36	17	-12
-36	17	-12
-36	18	-13
-35	19	-13
-35	19	-14
-34	20	-14
-34	21	-15
-34	22	-15
-33	22	-16
-33	24	-16
-33	25	-17
-32	25	-17
-32	26	-18
-32	27	-19
-31	28	-20
-31	29	-20
-31	30	-21
-30	31	-22
-30	32	-22
-29	33	-23
-29	34	-24
-28	35	-24
-28	36	-25
-27	37	-26
-27	39	-27
-27	40	-28
-88	153	-107
-83	154	-108
-78	155	-108
-73	154	-108
-68	154	-108
-63	154	-108
-58	154	-108
-53	154	-108
-48	154	-108
-44	153	-107
-39	154	-108
-35	154	-108
-30	154	-108
-26	154	-108
0	21	-15
0	21	-15
1	21	-15
1	21	-15
2	21	-15
2	21	-15
3	21	-15
4	21	-15
4	21	-15
5	21	-15
6	21	-15
6	21	-15
7	21	-15
7	21	-15
8	21	-15
9	21	-15
9	21	-15
10	21	-15
11	21	-15
11	21	-15
12	21	-15
13	21	-15
14	21	-15
14	21	-15
15	21	-15
16	21	-15
17	21	-15
17	21	-15
18	21	-15
19	22	-15
20	22	-15
21	22	-15
22	22	-15
24	22	-15
25	22	-15
26	22	-15
27	22	-15
29	22	-15
29	21	-15
29	20	-14
27	18	-13
27	17	-12
26	15	-11
26	14	-10
25	13	-9
24	12	-8
24	11	-8
24	10	-7
24	10	-7
24	9	-6
25	9	-6
25	9	-6
26	9	-6
27	8	-6
28	8	-5
29	8	-5
29	7	-5
30	7	-5
30	6	-5
32	6	-4
33	6	-4
33	5	-4
35	5	-3
36	4	-3
37	4	-3
-188	-6	4
-188	-2	1
-188	2	-1
-207	6	-4
-204	9	-7
-203	13	-9
-203	17	-12
-201	21	-15
-199	24	-17
-197	28	-20
-195	32	-22
-39	9	-6
-39	9	-7
-38	10	-7
-38	11	-8
-38	12	-8
-37	12	-9
-37	13	-9
-37	14	-10
-36	15	-10
-36	15	-11
-36	16	-11
-36	17	-12
-35	18	-12
-35	19	-13
-35	19	-14
-35	20	-14
-35	21	-15
-34	22	-15
-33	22	-16
-33	23	-16
-33	24	-17
-33	25	-17
-32	25	-18
-32	27	-19
-32	28	-19
-31	29	-20
-31	30	-21
-30	31	-21
-30	32	-22
-29	32	-23
-29	34	-24
-29	35	-25
-28	36	-25
-28	37	-26
-27	38	-27
-27	40	-28
-89	153	-107
-84	154	-108
-78	153	-107
-73	153	-107
-69	154	-108
-64	154	-108
-59	154	-108
-54	155	-108
-49	154	-108
-45	154	-108
-40	154	-108
-35	154	-108
-31	154	-107
-26	153	-107
-1	22	-15
0	21	-15
0	21	-15
1	21	-15
2	21	-15
3	21	-15
3	21	-15
4	21	-15
4	21	-15
5	21	-15
5	21	-15
6	21	-15
7	21	-15
7	21	-15
8	21	-15
8	21	-15
9	21	-15
10	21	-15
10	21	-15
11	21	-15
12	21	-15
12	21	-15
13	22	-15
14	21	-15
15	21	-15
15	22	-15
16	21	-15
17	21	-15
18	21	-15
19	22	-15
20	22	-15
21	22	-15
22	22	-15
24	22	-15
25	22	-15
26	22	-15
27	22	-15
29	22	-15
29	22	-15
28	20	-14
28	18	-13
27	17	-12
26	15	-11
25	14	-10
25	13	-9
24	12	-8
24	11	-8
24	10	-7
24	10	-7
24	9	-6
25	9	-6
25	9	-6
26	9	-6
27	8	-6
28	8	-6
29	8	-5
29	7	-5
30	7	-5
30	6	-4
32	6	-4
33	5	-4
33	5	-4
35	5	-3
36	4	-3
37	4	-3
38	3	-2
40	3	-2
41	2	-2
42	1	-1
-170	-10	9
-161	-7	6
-188	-5	4
-187	-2	1
-187	2	-1
-212	5	-5
-208	9	-8
-202	13	-11
-204	16	-14
-201	20	-16
-199	23	-19
-197	26	-22
-196	30	-25
-40	8	-7
-39	9	-7
-38	10	-8
-38	10	-9
-38	11	-9
-38	12	-10
-38	12	-10
-37	13	-11
-37	14	-12
-37	15	-12
-37	15	-13
-36	16	-13
-36	17	-14
-36	18	-15
-35	18	-15
-35	19	-16
-35	20	-17
-34	20	-17
-34	21	-18
-34	22	-18
-34	23	-19
-33	25	-21
-32	25	-21
-32	26	-22
-32	27	-23
-31	28	-23
-31	29	-24
-30	30	-25
-30	31	-26
-30	32	-27
-29	33	-28
-29	34	-29
-28	35	-30
-28	36	-31
-28	38	-32
-26	38	-32
-24	37	-31
-22	37	-31
-21	36	-31
-19	36	-31
-18	37	-31
-17	36	-31
-15	36	-30
-14	36	-30
-13	36	-30
-12	36	-30
-10	35	-30
-9	35	-30
-8	35	-30
-2	17	-15
-2	17	-15
-1	17	-15
0	17	-15
0	17	-14
1	17	-15
2	17	-14
2	17	-14
2	17	-15
3	17	-14
4	17	-14
4	17	-14
4	17	-14
5	17	-14
5	17	-14
6	17	-15
6	17	-15
7	17	-15
8	17	-15
8	17	-15
9	17	-15
10	17	-14
10	17	-15
11	17	-14
11	17	-15
12	18	-15
12	18	-15
13	18	-15
14	18	-15
15	17	-15
15	17	-15
16	18	-15
17	18	-15
17	18	-15
18	18	-15
20	18	-15
21	18	-15
22	18	-15
23	18	-15
24	18	-15
25	18	-15
26	18	-15
27	18	-15
27	17	-14
27	16	-13
26	14	-12
25	13	-11
25	12	-10
24	11	-9
24	11	-9
24	10	-8
24	9	-8
24	9	-7
25	9	-7
26	8	-7
26	8	-7
27	8	-7
28	8	-7
28	7	-6
29	7	-6
30	7	-6
31	6	-5
32	6	-5
32	5	-4
34	5	-4
35	5	-4
35	4	-4
36	4	-3
37	3	-3
-167	-10	8
-161	-6	5
-188	-4	4
-187	-1	1
-188	2	-2
-216	6	-5
-203	10	-8
-202	13	-11
-203	17	-14
-201	20	-17
-198	24	-20
-197	27	-23
-195	31	-26
-40	9	-7
-39	9	-8
-38	10	-8
-38	10	-9
-38	11	-9
-38	12	-10
-38	13	-11
-37	13	-11
-37	14	-12
-37	15	-12
-37	16	-13
-36	16	-14
-36	17	-14
-36	18	-15
-35	18	-15
-35	19	-16
-34	20	-17
-34	20	-17
-34	21	-18
-34	22	-19
-33	23	-19
-34	24	-20
-33	25	-21
-32	25	-21
-32	26	-22
-32	27	-23
-31	28	-24
-31	29	-25
-31	30	-25
-30	31	-26
-30	32	-27
-29	33	-28
-29	35	-29
-28	36	-30
-28	37	-31
-27	38	-32
-25	37	-31
-23	37	-31
-22	36	-31
-20	36	-31
-19	36	-31
-18	37	-31
-16	36	-31
-15	37	-31
-14	36	-30
-12	36	-30
-11	36	-30
-10	36	-30
-9	35	-30
-1	17	-15
-1	17	-15
0	17	-14
0	17	-14
1	17	-14
1	17	-15
2	17	-15
2	17	-14
3	17	-14
3	17	-15
4	17	-14
4	17	-15
5	17	-14
5	17	-14
6	17	-14
6	17	-14
7	17	-15
7	17	-15
8	17	-15
9	17	-15
9	17	-15
9	17	-15
10	17	-15
11	17	-15
11	17	-15
12	18	-15
13	18	-15
13	18	-15
14	17	-15
15	17	-15
15	18	-15
17	18	-15
17	18	-15
18	18	-15
20	18	-15
21	18	-15
23	18	-15
23	18	-15
25	18	-15
26	18	-15
27	18	-15
27	18	-15
27	16	-14
26	15	-13
25	14	-12
25	13	-11
24	12	-10
24	11	-9
24	10	-9
24	10	-8
24	9	-8
25	9	-8
25	8	-7
26	8	-7
27	8	-7
27	8	-7
28	7	-6
29	7	-6
29	7	-6
30	6	-5
31	6	-5
32	6	-5
34	5	-5
34	5	-4
35	4	-4
36	4	-3
37	4	-3
39	2	-2
41	2	-2
42	1	-1
43	1	-1
-162	-13	13
-162	-11	11
-159	-8	8
-173	-6	6
-188	-4	4
-187	-1	1
-188	3	-3
-216	6	-6
-203	9	-9
-202	13	-13
-203	16	-16
-200	19	-19
-200	22	-22
-197	25	-25
-198	29	-29
-195	32	-32
-39	9	-9
-39	9	-9
-39	10	-10
-38	11	-11
-38	11	-11
-38	12	-12
-38	12	-12
-37	13	-13
-37	14	-14
-37	15	-15
-37	15	-15
-37	16	-16
-36	16	-16
-36	17	-17
-35	18	-18
-35	19	-19
-35	19	-19
-35	20	-20
-34	21	-21
-34	21	-21
-34	22	-22
-33	23	-23
-33	24	-24
-33	25	-25
-32	26	-26
-32	27	-27
-31	27	-27
-32	29	-29
-31	30	-30
-30	31	-31
-29	31	-31
-27	30	-30
-26	30	-30
-25	31	-31
-24	31	-31
-22	31	-31
-21	31	-31
-21	32	-32
-19	32	-32
-18	32	-32
-17	33	-33
-16	33	-33
-15	33	-33
-14	33	-33
-13	33	-33
-3	14	-14
-3	14	-14
-2	14	-14
-2	14	-14
-1	14	-14
-1	14	-14
0	14	-14
0	14	-14
1	14	-14
1	14	-14
1	14	-14
2	14	-14
2	14	-14
3	14	-14
3	14	-14
4	14	-14
4	14	-14
5	14	-14
5	14	-14
6	14	-14
6	14	-14
7	14	-14
7	14	-14
8	14	-14
8	14	-14
9	14	-14
9	14	-14
10	14	-14
10	14	-14
11	14	-14
12	14	-14
12	14	-14
13	14	-14
13	14	-14
14	15	-15
15	14	-14
16	14	-14
17	14	-14
17	14	-14
18	14	-14
19	14	-14
20	14	-14
20	14	-14
21	14	-14
23	14	-14
23	15	-15
24	14	-14
26	14	-14
26	14	-14
25	13	-13
25	12	-12
24	11	-11
24	10	-10
24	10	-10
24	9	-9
24	9	-9
25	9	-9
25	8	-8
26	8	-8
26	8	-8
27	7	-7
28	7	-7
29	7	-7
30	7	-7
30	6	-6
31	6	-6
32	5	-5
33	5	-5
33	5	-5
35	4	-4
36	4	-4
36	3	-3
37	3	-3
-162	-13	13
-162	-11	11
-160	-8	8
-173	-6	6
-189	-3	3
-187	0	0
-187	3	-3
-218	6	-6
-203	9	-9
-202	13	-13
-203	16	-16
-201	19	-19
-200	23	-23
-198	26	-26
-197	29	-29
-195	32	-32
-39	9	-9
-39	9	-9
-38	10	-10
-39	11	-11
-38	11	-11
-38	12	-12
-38	13	-13
-37	13	-13
-37	14	-14
-37	14	-14
-37	15	-15
-36	16	-16
-36	16	-16
-36	17	-17
-36	18	-18
-35	19	-19
-35	19	-19
-35	20	-20
-34	21	-21
-34	22	-22
-33	23	-23
-33	23	-23
-33	24	-24
-33	25	-25
-32	26	-26
-32	27	-27
-32	28	-28
-31	29	-29
-31	30	-30
-30	30	-30
-29	30	-30
-27	30	-30
-26	30	-30
-25	31	-31
-23	31	-31
-22	31	-31
-21	31	-31
-21	32	-32
-19	32	-32
-18	32	-32
-16	33	-33
-15	33	-33
-14	33	-33
-12	33	-33
-3	14	-14
-3	14	-14
-2	14	-14
-2	14	-14
-1	14	-14
-1	14	-14
0	14	-14
0	14	-14
1	14	-14
1	14	-14
2	14	-14
2	14	-14
2	14	-14
3	14	-14
3	14	-14
4	14	-14
4	14	-14
5	14	-14
5	14	-14
6	14	-14
6	14	-14
7	14	-14
7	14	-14
8	14	-14
8	14	-14
9	14	-14
9	14	-14
10	14	-14
10	14	-14
11	14	-14
12	14	-14
12	14	-14
13	14	-14
13	14	-14
14	14	-14
16	14	-14
16	14	-14
17	14	-14
17	14	-14
18	14	-14
19	14	-14
20	14	-14
21	14	-14
22	14	-14
23	14	-14
24	14	-14
24	15	-15
26	15	-15
25	13	-13
25	13	-13
24	12	-12
24	11	-11
24	10	-10
24	10	-10
24	9	-9
24	8	-8
25	9	-9
26	8	-8
26	8	-8
27	8	-8
28	8	-8
28	7	-7
29	7	-7
30	7	-7
30	6	-6
31	6	-6
32	5	-5
33	5	-5
34	5	-5
35	4	-4
37	4	-4
37	3	-3
38	3	-3
