0	0	0
-203	33	65
-193	34	66
-186	36	69
-186	38	74
-182	40	77
-180	42	81
-178	44	85
-176	46	89
-174	48	93
-174	51	98
-172	53	103
-171	56	107
-168	57	111
-169	61	117
-168	63	123
-164	65	126
-161	67	129
-161	70	135
-158	72	139
-157	75	145
-155	78	150
-155	81	157
-151	83	161
-168	97	187
-161	97	188
-152	96	186
-145	96	186
-138	96	186
-131	96	186
-125	97	187
-119	97	187
-113	97	187
-107	97	187
-100	96	186
-95	97	187
-89	96	186
-84	96	186
-79	97	187
-73	97	186
-68	97	187
-63	97	187
-58	97	187
-53	97	187
-49	97	188
-44	97	188
-39	97	188
-35	97	188
-30	98	189
-25	98	189
-21	98	189
-16	98	189
-11	97	188
-7	98	189
-2	98	189
2	98	189
7	98	189
11	98	189
16	98	190
21	98	190
25	99	190
30	99	191
35	99	190
39	98	190
44	98	190
49	98	189
54	99	190
58	98	190
64	98	190
69	98	190
26	30	57
29	26	50
30	25	49
32	25	49
33	25	49
35	25	49
37	26	49
39	26	50
40	26	49
42	26	50
44	25	49
46	26	49
48	26	49
51	26	50
53	26	50
25	10	20
24	9	18
24	9	17
25	9	17
25	9	17
26	9	17
27	8	16
27	8	16
-201	35	67
-188	35	68
-185	37	71
-184	39	76
-181	41	80
-178	43	83
-176	45	87
-173	47	91
-173	50	96
-173	52	101
-172	55	105
-169	57	109
-169	60	115
-167	62	120
-166	65	125
-163	69	134
-159	71	137
-157	74	143
-155	77	148
-154	80	154
-153	82	159
-171	96	186
-164	97	188
-156	97	187
-148	96	186
-141	97	187
-134	96	186
-128	96	186
-121	97	187
-116	97	188
-109	97	187
-103	97	187
-97	97	187
-91	97	187
-86	96	186
-80	97	187
-75	97	187
-70	97	187
-65	97	187
-60	97	187
-55	97	187
-50	97	188
-46	97	188
-41	97	188
-36	98	188
-32	98	189
-27	98	189
-22	98	189
-18	98	189
-13	97	188
-8	98	190
-4	98	189
1	98	189
5	98	190
10	98	190
15	98	189
19	98	190
24	99	190
28	98	190
33	99	191
38	99	190
42	98	189
47	98	190
52	99	190
57	98	190
62	98	190
68	99	191
72	98	190
26	30	58
26	27	52
30	26	49
31	26	49
33	25	49
35	26	49
36	25	49
38	26	49
40	26	50
42	26	50
44	26	49
46	26	50
48	26	50
51	26	50
53	26	50
24	9	18
24	9	17
25	9	17
25	9	17
26	8	16
27	8	16
28	8	16
-193	40	68
-186	41	70
-186	44	75
-183	46	79
-180	48	83
-178	51	87
-175	53	90
-173	55	94
-175	59	101
-171	61	104
-170	63	109
-168	66	114
-169	70	119
-168	73	125
-163	74	127
-162	77	132
-161	80	138
-158	83	142
-157	86	148
-156	90	154
-155	93	160
-151	95	163
-169	111	191
-161	111	191
-154	111	191
-147	111	191
-139	111	191
-132	111	191
-126	111	190
-119	111	191
-114	112	192
-107	111	191
-102	112	192
-96	111	191
-90	111	191
-84	111	190
-79	111	191
-74	111	191
-69	111	191
-64	111	191
-59	111	191
-54	111	191
-49	112	192
-44	112	192
-40	112	191
-35	112	192
-30	112	192
-26	112	192
-21	112	193
-16	112	193
-12	112	192
-7	112	192
-3	113	193
2	112	192
7	113	194
11	113	194
16	113	194
20	113	193
25	113	193
30	113	195
34	113	194
39	113	194
44	113	193
48	112	193
54	113	194
58	113	194
64	113	194
69	113	194
74	113	194
26	34	58
29	30	51
30	29	50
31	29	50
33	29	50
35	29	50
37	29	50
38	29	51
40	29	51
42	29	50
44	29	50
46	29	51
48	29	50
51	30	51
53	30	51
25	12	20
24	11	19
24	10	18
25	10	18
25	10	17
26	10	17
26	10	16
27	9	16
-201	39	67
-190	40	68
-185	42	72
-186	45	77
-181	47	80
-179	49	84
-177	51	88
-175	54	92
-172	56	96
-173	59	102
-172	62	107
-169	64	110
-169	67	116
-168	70	121
-167	74	126
-161	75	128
-163	79	136
-159	81	139
-158	84	145
-156	87	149
-154	90	155
-153	94	161
-171	110	188
-166	111	191
-158	111	191
-150	111	190
-142	111	190
-136	111	191
-129	111	191
-123	112	192
-117	112	192
-111	112	192
-104	111	190
-99	111	191
-93	112	192
-87	111	190
-82	111	191
-77	112	191
-71	111	191
-66	111	191
-61	111	191
-56	111	190
-51	111	191
-47	112	192
-42	112	192
-37	112	192
-32	112	192
-28	112	192
-23	112	192
-18	112	192
-14	112	192
-9	112	192
-5	113	193
0	113	194
5	113	194
9	113	194
14	113	194
18	113	194
23	113	194
28	113	193
32	113	194
37	113	194
42	113	194
47	113	193
52	113	194
56	113	194
61	112	193
67	113	194
72	113	194
26	36	62
29	29	50
31	29	51
32	29	50
34	29	50
36	29	50
38	29	50
40	29	51
41	29	51
44	29	51
46	29	50
48	30	51
50	30	51
52	30	51
55	30	51
24	11	19
24	11	18
25	10	17
26	10	17
26	10	16
28	10	16
-197	44	68
-187	45	70
-185	48	74
-182	50	78
-181	53	82
-178	56	86
-176	58	90
-174	61	94
-171	63	98
-172	67	104
-171	70	109
-169	73	113
-169	77	119
-167	80	123
-166	83	128
-163	85	132
-161	88	137
-159	91	142
-157	95	147
-156	98	152
-154	102	158
-153	106	164
-171	124	192
-165	125	194
-157	125	194
-149	125	194
-142	125	193
-135	125	194
-129	125	194
-122	125	194
-116	125	194
-110	125	194
-104	126	195
-97	125	193
-92	125	194
-87	125	194
-81	125	194
-76	125	194
-71	125	194
-66	125	194
-61	125	194
-56	125	194
-51	125	194
-46	125	194
-41	126	195
-37	126	195
-32	126	195
-27	126	195
-23	126	195
-18	126	195
-13	126	195
-9	126	196
-4	126	196
0	127	196
5	127	196
10	126	196
14	127	196
19	127	197
23	127	197
28	127	197
33	127	197
37	127	196
42	126	196
47	127	198
52	127	197
57	127	197
62	127	197
67	127	197
72	128	198
26	40	62
27	38	58
29	33	51
31	33	51
33	33	51
34	33	51
36	33	51
38	33	51
40	33	51
42	33	52
44	33	51
46	33	51
48	33	51
50	33	51
53	33	52
55	33	52
24	12	19
24	12	18
24	11	18
25	11	17
26	11	17
27	11	17
27	11	16
-199	43	67
-189	44	69
-185	47	72
-186	50	78
-182	52	81
-179	55	85
-177	58	89
-174	60	93
-171	62	96
-173	66	103
-171	69	107
-169	72	111
-168	75	116
-168	79	122
-166	82	126
-162	84	130
-163	88	137
-159	91	141
-158	94	146
-156	98	151
-154	101	156
-154	105	163
-151	108	168
-168	126	195
-160	126	195
-152	126	195
-144	125	193
-137	125	193
-130	125	193
-124	125	194
-117	125	194
-112	126	195
-106	126	195
-100	125	194
-94	125	194
-88	125	194
-83	125	193
-78	125	194
-72	125	194
-67	125	194
-62	125	194
-57	125	194
-52	125	194
-47	125	194
-43	126	195
-38	126	195
-33	126	196
-28	126	195
-24	126	195
-19	126	195
-15	126	195
-10	126	195
-5	126	196
-1	127	196
4	126	196
9	126	196
13	126	196
18	127	197
22	127	197
27	128	198
32	127	197
36	127	196
41	126	196
46	126	196
51	127	197
56	127	196
61	127	197
66	128	198
71	127	197
26	40	63
26	38	59
29	33	51
31	33	51
32	33	51
34	33	51
36	33	51
38	33	51
39	33	51
41	33	51
43	33	51
45	33	51
48	33	52
50	33	52
52	33	52
55	33	51
24	13	19
24	12	19
24	11	18
25	11	18
26	11	17
27	11	17
27	10	16
-197	48	68
-187	49	70
-184	52	74
-182	55	78
-181	58	82
-178	61	86
-176	64	90
-173	66	94
-171	69	98
-172	74	104
-172	77	109
-169	80	113
-168	84	118
-167	87	123
-164	90	127
-161	93	131
-162	97	138
-159	100	142
-157	104	147
-156	108	153
-154	112	158
-153	116	164
-150	120	169
-167	138	196
-159	139	196
-139	127	180
-143	138	195
-136	137	194
-130	138	195
-123	138	195
-118	138	196
-112	139	197
-105	138	195
-99	138	195
-94	138	195
-88	139	196
-82	138	195
-77	138	195
-72	138	196
-67	138	195
-62	138	196
-57	139	196
-52	138	195
-47	138	195
-43	139	196
-38	139	197
-33	139	197
-28	139	196
-24	139	197
-19	139	196
-15	139	197
-10	140	198
-6	139	197
-1	139	197
4	140	198
8	140	198
13	140	198
18	140	199
22	140	198
27	140	198
31	140	198
36	140	198
41	139	197
46	141	199
51	140	198
55	140	197
60	140	198
66	140	198
70	140	198
77	142	201
26	42	59
29	37	52
31	36	51
32	36	52
34	36	52
35	36	51
37	36	51
39	37	52
41	37	52
43	37	52
45	36	51
47	37	52
49	37	52
52	37	52
54	37	52
24	14	20
24	13	19
24	13	18
25	12	18
25	12	17
26	12	17
26	11	16
-201	48	67
-190	48	68
-185	51	72
-186	54	77
-181	57	80
-180	60	85
-176	62	88
-175	65	93
-172	68	97
-174	73	103
-171	75	106
-169	78	111
-168	82	116
-168	86	121
-166	89	126
-163	92	130
-163	96	136
-160	99	140
-159	104	146
-157	107	151
-155	110	156
-153	114	161
-151	118	167
-169	138	196
-161	138	196
-145	131	185
-145	137	194
-138	137	194
-132	138	195
-125	138	195
-120	139	196
-113	138	196
-107	138	196
-101	138	195
-95	138	195
-90	138	195
-84	139	196
-79	138	195
-74	138	196
-68	138	195
-63	138	195
-59	139	196
-53	138	196
-48	138	195
-44	139	196
-39	139	197
-34	139	197
-30	139	197
-25	139	197
-20	139	197
-16	139	197
-11	139	197
-6	139	197
-2	140	197
3	140	198
7	140	198
12	140	198
17	140	199
21	140	198
26	140	198
30	140	198
35	140	198
40	139	197
45	141	199
50	140	198
54	140	198
59	139	197
64	141	199
69	140	198
75	141	199
26	42	60
29	37	52
30	36	52
32	36	51
33	36	51
35	36	51
37	36	52
39	37	52
41	36	52
43	37	52
45	36	52
47	37	52
49	36	52
51	37	52
54	37	52
25	14	20
24	13	19
24	13	18
25	13	18
25	12	17
26	12	17
26	11	16
27	11	16
-201	50	65
-193	52	68
-186	54	71
-186	58	76
-182	61	79
-180	64	83
-177	67	87
-175	70	91
-172	72	94
-170	76	98
-172	80	105
-171	84	110
-168	87	113
-168	91	119
-169	96	125
-163	98	128
-162	102	132
-161	106	138
-158	109	142
-157	114	148
-155	117	153
-154	122	159
-152	126	164
-150	130	169
-166	151	196
-157	150	195
-138	139	181
-142	150	195
-135	150	194
-129	150	195
-124	151	197
-116	150	195
-111	151	196
-104	150	195
-99	151	196
-93	151	196
-87	150	195
-82	150	195
-77	150	195
-72	151	196
-67	150	195
-61	150	195
-57	150	196
-51	150	195
-47	150	195
-42	150	196
-37	151	196
-33	151	196
-28	151	196
-23	151	197
-19	151	197
-14	151	197
-9	152	197
-5	151	197
0	152	197
4	152	197
9	152	197
13	152	197
18	152	198
22	153	198
27	152	198
32	152	197
36	152	198
41	152	198
46	152	198
51	152	198
56	153	198
61	153	198
66	152	198
71	153	199
76	152	198
26	45	59
29	39	51
31	39	51
32	39	51
34	39	51
36	40	51
37	40	51
39	40	52
41	40	52
43	40	52
45	40	51
47	40	51
50	40	52
52	40	52
54	40	52
24	15	20
24	14	18
24	14	18
25	14	18
25	13	17
26	13	17
26	12	16
-202	50	66
-194	52	68
-186	54	70
-185	58	75
-183	61	79
-180	64	83
-177	67	87
-175	70	91
-172	72	94
-170	76	98
-171	80	104
-171	84	110
-168	87	113
-168	91	119
-166	95	123
-163	98	127
-160	106	137
-158	109	142
-157	114	148
-155	117	153
-153	121	158
-152	126	164
-150	130	169
-166	151	196
-157	150	195
-138	139	180
-142	150	194
-135	149	194
-129	150	195
-124	151	196
-117	150	195
-111	151	196
-105	150	195
-99	151	196
-94	151	196
-88	150	196
-82	150	195
-77	150	195
-72	151	196
-67	150	195
-62	150	196
-56	150	196
-51	150	195
-47	150	195
-42	150	196
-37	151	196
-33	151	197
-28	150	196
-23	151	197
-19	151	197
-14	151	196
-10	152	197
-5	151	197
0	151	196
4	151	197
9	152	197
13	152	197
18	152	197
23	153	198
27	152	198
32	152	197
37	152	198
42	152	198
46	152	198
51	152	198
56	152	198
61	153	198
66	152	198
72	153	199
77	152	198
26	45	58
29	39	51
31	39	51
32	39	51
34	39	51
36	39	51
37	40	51
39	40	52
41	40	52
43	40	52
45	40	51
47	40	52
50	40	52
52	40	52
54	40	52
24	15	20
24	14	18
24	14	18
25	13	17
25	13	17
26	13	17
26	12	16
-199	53	64
-189	55	66
-185	57	69
-185	61	74
-180	64	77
-181	68	82
-178	71	85
-174	74	88
-173	77	93
-169	80	96
-167	83	100
-170	89	107
-169	93	111
-166	96	115
-166	100	120
-163	103	124
-162	108	130
-160	111	134
-160	116	140
-158	120	145
-158	126	151
-155	130	156
-151	132	159
-150	137	164
-147	141	169
-145	145	174
-138	145	174
-131	145	174
-143	165	198
-136	164	198
-129	164	197
-123	165	198
-117	165	199
-111	165	199
-105	165	199
-99	165	199
-94	166	200
-88	165	199
-83	166	199
-78	166	199
-72	165	198
-67	166	199
-62	165	199
-57	166	199
-52	166	199
-47	166	200
-42	166	199
-37	166	200
-32	166	199
-28	166	200
-23	165	199
-18	166	199
-14	166	200
-9	166	199
-4	166	199
0	166	199
5	167	201
9	166	199
14	167	201
19	167	201
23	167	201
28	167	200
33	168	201
38	167	201
43	168	202
47	168	201
52	168	201
57	168	202
63	168	202
68	168	202
73	167	201
78	168	203
27	51	61
33	55	66
30	44	52
31	43	52
32	43	52
35	43	52
36	43	52
38	44	52
40	43	52
41	43	52
43	43	52
45	44	52
48	44	52
50	44	52
52	43	52
54	43	52
25	17	21
24	16	19
24	15	18
24	14	17
25	14	17
25	14	16
26	13	16
27	13	16
27	13	15
-199	53	64
-189	55	66
-185	57	69
-185	61	74
-180	64	77
-181	68	82
-178	71	86
-174	73	88
-172	77	92
-169	80	96
-168	83	100
-170	89	107
-169	93	111
-166	96	115
-166	100	121
-163	103	124
-162	108	129
-160	111	134
-160	117	140
-157	120	145
-158	126	152
-155	130	156
-151	132	159
-150	137	165
-148	142	170
-144	144	174
-138	145	175
-131	145	174
-142	164	198
-136	165	199
-129	165	198
-122	165	198
-116	165	199
-110	165	199
-104	165	199
-98	165	199
-93	166	199
-87	166	199
-81	165	198
-76	165	199
-71	166	200
-66	165	198
-61	166	199
-56	166	199
-51	166	200
-46	166	199
-41	165	198
-36	166	200
-32	165	199
-27	166	200
-22	166	200
-18	165	198
-13	167	200
-8	166	199
-4	166	200
1	166	199
6	166	199
10	166	200
15	167	201
19	166	200
24	167	201
29	166	200
34	167	201
38	167	201
44	168	202
48	167	201
53	167	201
58	167	201
64	168	202
68	168	202
74	168	201
79	168	202
26	48	58
30	44	53
31	43	52
33	43	52
35	43	52
36	43	52
38	43	52
40	43	52
42	43	52
44	43	52
46	44	52
48	44	52
50	44	53
52	43	52
55	44	53
24	17	20
24	15	18
24	15	18
24	14	17
25	14	17
25	14	16
26	13	16
27	13	15
28	13	15
-200	50	56
-192	53	59
-185	55	61
-185	59	66
-181	62	69
-179	66	73
-179	70	78
-177	74	82
-174	77	86
-172	80	89
-169	83	93
-166	86	96
-162	89	99
-159	92	103
-158	96	107
-162	103	115
-162	108	121
-159	111	124
-156	115	128
-157	121	135
-155	125	140
-153	129	144
-152	134	149
-151	139	155
-148	143	160
-144	146	163
-142	151	169
-169	187	209
-163	190	212
-155	190	212
-148	190	212
-140	190	212
-134	192	214
-127	191	213
-121	192	215
-114	191	213
-107	191	213
-101	191	213
-94	191	213
-89	191	213
-83	192	214
-77	191	214
-71	191	213
-66	193	215
-60	192	214
-55	192	214
-49	192	214
-44	193	215
-39	193	216
-34	193	215
-28	194	216
-23	193	215
-18	193	215
-13	193	215
-7	193	216
-2	192	215
3	193	215
8	193	215
13	193	215
18	193	215
23	193	216
29	194	217
34	194	217
39	194	216
45	194	216
50	194	216
56	194	216
61	193	216
67	194	217
73	194	216
78	194	216
83	193	215
90	193	216
27	47	53
31	50	55
34	50	56
36	50	56
37	50	56
39	50	56
41	50	56
43	51	56
46	51	56
47	50	56
50	51	56
53	51	57
55	50	56
57	51	57
26	19	21
24	17	19
24	16	17
24	15	17
24	14	16
24	14	15
25	13	15
26	13	14
26	13	14
27	13	14
-198	51	57
-191	54	60
-184	56	63
-186	61	68
-181	63	71
-181	67	75
-178	71	79
-177	75	83
-174	78	87
-171	81	90
-169	84	94
-164	87	97
-161	89	100
-159	93	104
-157	97	108
-162	104	116
-162	110	122
-158	112	125
-157	116	130
-157	123	137
-155	126	140
-153	131	146
-151	135	151
-150	140	157
-146	144	160
-143	148	165
-142	153	171
-169	190	212
-161	191	213
-153	191	212
-146	191	213
-139	191	213
-132	192	214
-125	192	214
-119	192	214
-112	192	214
-105	192	214
-99	191	213
-93	192	214
-87	191	213
-81	192	214
-75	191	213
-69	192	214
-64	192	214
-58	192	215
-53	192	215
-47	192	214
-42	193	215
-37	192	214
-32	194	216
-26	193	215
-21	194	216
-16	194	216
-10	192	215
-5	193	215
0	192	215
5	193	215
10	194	216
16	193	215
20	192	215
26	194	216
31	194	216
36	194	216
42	194	216
47	194	217
52	193	215
58	194	216
64	194	216
69	194	216
75	194	217
81	193	216
86	193	215
27	50	55
31	50	56
33	50	56
35	50	56
36	50	56
38	50	56
40	50	56
42	50	56
44	50	56
46	50	56
49	50	56
51	51	56
54	51	57
56	50	56
58	51	56
27	20	23
25	18	20
24	16	18
24	15	17
24	14	16
24	14	15
25	14	15
25	13	15
26	13	14
27	13	14
-200	49	51
-193	52	54
-186	54	56
-185	58	61
-182	62	64
-179	65	68
-179	69	72
-177	73	76
-175	77	80
-170	79	82
-169	83	86
-167	87	90
-165	90	93
-162	93	97
-157	95	99
-154	98	102
-158	106	109
-156	110	114
-157	115	120
-154	119	124
-154	124	129
-150	127	132
-149	132	137
-149	139	144
-147	143	148
-144	146	152
-141	151	157
-184	205	212
-182	212	220
-176	216	224
-171	220	228
-162	220	228
-154	220	228
-146	220	228
-139	219	227
-132	220	228
-124	220	228
-117	220	228
-110	220	228
-104	220	229
-97	221	229
-91	220	229
-85	222	230
-79	222	231
-72	222	230
-66	223	231
-60	223	231
-54	224	232
-49	224	232
-42	223	231
-36	223	231
-31	223	231
-25	223	232
-19	223	231
-13	223	231
-8	222	230
-2	223	231
4	223	231
10	222	230
15	223	231
21	222	231
27	223	231
32	223	231
38	224	232
44	223	231
50	224	232
56	224	232
62	224	232
68	225	233
74	224	233
80	223	231
86	223	231
93	222	230
99	223	231
106	223	231
39	58	60
41	58	60
43	58	60
46	58	61
48	58	60
50	58	60
52	58	60
55	58	60
58	59	61
61	59	61
28	22	23
27	20	21
26	19	19
25	17	17
24	15	16
24	14	15
24	14	14
24	13	14
25	13	14
26	13	13
-198	50	52
-189	52	54
-185	55	57
-186	60	62
-181	63	65
-180	67	70
-178	71	73
-176	74	77
-174	78	81
-171	81	84
-168	84	88
-165	87	90
-163	91	94
-159	93	97
-156	97	100
-158	103	106
-157	107	111
-156	111	115
-156	117	121
-154	121	125
-152	125	130
-150	129	134
-148	134	139
-149	141	146
-147	146	151
-142	148	153
-142	155	160
-183	208	216
-179	213	221
-176	220	228
-166	219	227
-159	219	227
-151	219	227
-144	221	229
-136	220	228
-128	219	227
-122	221	229
-114	220	228
-108	221	229
-100	219	227
-94	221	229
-88	221	229
-82	222	230
-75	221	229
-70	223	231
-63	222	230
-57	223	231
-52	223	231
-45	223	231
-40	223	231
-34	222	230
-28	222	230
-22	222	230
-16	223	231
-10	223	231
-5	223	231
1	222	230
7	223	231
12	222	230
18	223	231
24	223	231
29	223	231
35	223	231
41	223	232
47	222	231
53	224	232
59	223	232
65	225	233
71	223	231
77	224	232
84	223	231
90	222	230
97	223	231
103	223	232
110	222	230
40	58	60
42	58	60
45	58	61
47	58	60
49	58	60
51	58	61
54	58	60
57	58	61
59	58	61
62	59	61
28	23	24
27	21	22
26	20	20
25	18	18
24	16	16
24	15	15
24	14	15
24	14	14
25	13	14
26	13	13
27	13	13
27	12	13
28	12	13
-207	45	43
-196	47	45
-190	50	48
-185	53	51
-186	58	56
-180	61	58
-180	65	63
-177	68	66
-175	72	70
-172	75	73
-171	79	77
-168	82	80
-165	85	82
-162	89	86
-160	92	89
-155	94	91
-157	100	97
-154	103	100
-155	109	105
-153	113	109
-152	117	113
-150	122	117
-148	126	122
-147	131	126
-145	135	130
-145	142	137
-142	145	139
-139	149	144
-182	203	196
-178	208	201
-175	215	207
-173	222	215
-168	227	219
-165	234	225
-163	243	234
-159	249	241
-157	259	250
-152	265	256
-144	267	258
-137	268	259
-129	269	260
-121	269	260
-113	268	259
-106	268	259
-98	269	259
-91	269	260
-84	270	260
-78	272	262
-70	269	259
-63	269	259
-56	269	260
-49	269	259
-42	269	259
-36	271	261
-29	270	260
-22	271	261
-16	270	260
-9	271	261
-2	269	260
4	269	260
11	270	260
18	270	261
24	269	260
31	270	261
37	270	260
44	272	262
51	271	261
58	271	262
64	270	260
71	269	259
79	272	262
86	272	263
93	270	261
100	271	261
108	271	261
34	75	72
36	74	71
37	73	71
40	69	66
48	68	66
52	67	65
54	66	63
58	65	63
59	63	61
31	28	27
29	25	24
29	23	23
27	21	20
26	19	19
25	17	17
25	16	15
24	15	14
24	14	13
24	13	13
25	13	13
25	12	12
26	12	12
27	12	11
27	11	11
-198	46	45
-193	50	48
-186	52	51
-185	57	55
-181	60	58
-180	64	61
-179	68	65
-177	72	69
-174	75	72
-171	79	76
-168	82	79
-166	85	82
-163	88	85
-161	92	88
-156	94	90
-157	100	96
-155	103	99
-155	108	104
-153	112	108
-152	117	113
-151	121	117
-149	125	121
-146	129	124
-145	134	130
-145	140	135
-141	143	138
-139	148	142
-183	202	195
-180	208	201
-176	214	206
-173	220	212
-169	226	218
-167	234	226
-163	242	233
-160	249	240
-156	256	247
-152	264	255
-146	267	258
-138	268	258
-131	270	260
-123	270	261
-115	270	260
-107	269	260
-99	269	259
-92	269	259
-86	271	261
-77	268	258
-71	269	259
-63	268	259
-57	269	260
-50	268	258
-43	270	260
-36	271	262
-30	271	261
-23	270	261
-16	270	260
-10	271	261
-3	269	260
4	269	259
10	271	261
17	271	261
24	270	260
30	272	262
37	272	262
44	271	261
51	271	262
57	271	262
64	270	260
71	269	259
79	272	263
86	272	263
93	270	261
100	271	262
108	271	261
34	75	72
36	74	72
38	74	71
39	68	66
47	70	67
49	68	66
52	67	65
54	66	64
58	65	62
60	63	61
31	28	27
29	25	24
28	23	22
27	21	20
26	19	18
25	17	17
24	16	15
24	15	14
24	14	13
24	13	13
25	13	13
25	12	12
26	12	12
27	12	11
28	11	11
-204	40	36
-194	43	39
-192	47	42
-185	50	45
-186	55	49
-180	58	52
-180	62	56
-178	66	59
-175	70	62
-172	73	65
-170	76	68
-168	80	72
-165	84	75
-161	86	77
-157	88	79
-154	92	82
-155	97	87
-152	100	90
-155	107	96
-153	111	100
-151	115	103
-150	120	107
-146	122	110
-146	128	115
-146	134	120
-144	138	124
-140	141	127
-138	145	130
-136	150	135
-172	217	195
-168	222	199
-166	230	206
-161	236	211
-160	246	220
-155	252	226
-151	257	230
-147	266	238
-143	272	244
-140	283	253
-136	291	261
-101	232	208
-132	371	333
-123	372	333
-113	372	333
-104	372	334
-94	372	333
-59	262	235
-52	259	232
-45	257	231
-40	266	238
-35	275	247
-30	289	259
-24	301	270
-17	312	279
-9	301	270
-2	301	270
5	298	267
12	297	266
19	290	260
25	289	259
41	302	271
47	289	259
51	275	246
57	269	242
63	266	238
70	268	240
76	264	237
75	241	216
81	239	214
89	243	218
95	243	218
101	241	216
35	73	65
36	72	64
38	71	63
41	69	62
43	68	61
48	65	58
50	64	58
53	63	56
57	61	55
35	34	31
31	27	24
29	25	22
28	22	20
27	20	18
26	18	17
26	17	15
24	15	14
24	14	13
24	13	12
24	12	11
24	12	11
25	12	11
26	11	10
26	11	10
27	11	10
28	10	9
-203	40	36
-195	43	39
-191	47	42
-185	50	45
-186	55	49
-181	58	52
-180	62	56
-178	66	59
-176	70	62
-172	73	65
-170	76	69
-168	80	72
-165	84	75
-161	86	77
-157	89	79
-155	92	83
-155	97	87
-152	101	90
-155	108	97
-153	111	100
-151	115	103
-150	120	107
-146	123	110
-147	129	116
-146	134	120
-143	138	124
-140	141	127
-138	146	131
-136	150	135
-171	217	195
-167	223	200
-164	230	206
-161	237	212
-158	244	219
-155	252	226
-151	259	232
-147	267	239
-142	274	245
-139	284	254
-135	292	262
-100	233	209
-140	369	331
-131	373	335
-121	370	332
-112	373	334
-102	373	334
-92	372	334
-57	261	234
-50	259	232
-44	259	232
-39	270	242
-34	278	249
-28	290	260
-22	306	274
-15	314	281
-7	301	270
0	299	268
7	296	266
14	296	266
21	292	261
34	287	257
42	292	262
48	286	257
53	273	245
59	269	241
72	267	240
79	267	240
77	239	214
84	241	216
92	246	220
98	243	218
35	73	65
37	71	64
38	70	63
40	69	62
42	69	62
43	68	61
44	65	58
47	66	59
48	64	58
50	63	57
52	64	57
53	62	56
57	60	54
34	33	30
29	24	21
28	22	19
28	20	18
26	18	16
25	17	15
24	15	13
24	13	12
24	13	12
24	12	11
25	12	11
26	12	10
27	12	11
27	11	10
28	10	9
-204	39	33
-195	42	35
-190	46	38
-187	50	42
-184	54	45
-181	58	48
-181	62	52
-178	66	55
-175	69	58
-173	73	61
-171	77	64
-169	81	67
-165	84	70
-162	87	72
-158	89	74
-154	92	76
-155	98	81
-151	100	83
-155	108	90
-153	112	93
-151	116	96
-151	121	100
-147	124	103
-143	126	105
-146	135	112
-144	140	116
-141	142	118
-138	147	122
-135	150	125
-133	155	129
-131	160	133
-129	165	137
-164	219	182
-165	232	193
-161	237	197
-157	244	203
-155	254	211
-151	260	217
-147	267	222
-143	276	229
-139	283	235
-135	294	244
-101	235	196
-126	309	257
-158	414	345
-147	415	345
-136	415	345
-124	413	343
-114	413	344
-103	413	343
-59	264	219
-52	261	217
-44	258	214
-40	267	222
-35	279	232
-30	291	242
-23	302	251
-17	315	262
-9	305	254
-2	301	250
5	299	249
12	301	251
19	293	244
25	288	239
32	287	239
37	276	229
43	271	226
49	268	223
98	271	226
106	273	227
110	267	222
35	74	61
36	72	60
38	72	60
42	68	57
44	67	56
47	65	54
49	64	54
52	62	52
54	61	51
56	61	51
58	61	51
33	31	26
31	28	23
30	25	21
28	22	18
27	21	17
27	19	16
26	17	14
25	16	13
24	14	12
24	13	11
24	13	11
25	12	10
26	11	10
26	11	9
27	11	9
28	11	9
-209	38	32
-197	41	34
-191	44	37
-189	49	40
-186	52	43
-184	57	47
-180	60	50
-179	64	53
-177	68	57
-175	72	60
-171	75	63
-169	79	66
-166	82	68
-163	86	71
-161	89	74
-155	91	76
-155	96	80
-151	98	82
-155	105	88
-154	110	92
-152	114	95
-150	119	99
-148	123	102
-146	126	105
-147	134	111
-145	138	115
-141	141	117
-141	148	123
-136	149	124
-134	154	128
-132	158	132
-130	164	136
-128	170	141
-165	228	190
-162	236	196
-159	243	202
-157	252	210
-152	258	215
-147	264	219
-145	275	229
-140	280	233
-137	291	242
-102	232	193
-122	315	262
-150	414	345
-140	416	346
-128	414	344
-118	415	345
-106	412	343
-61	266	221
-54	264	219
-47	259	216
-42	266	221
-37	275	229
-31	287	239
-25	298	248
-19	313	261
-12	311	259
-4	299	249
3	297	247
10	301	250
17	297	247
23	292	243
30	287	239
38	293	244
42	274	228
48	271	225
97	273	227
103	272	226
109	267	222
35	75	62
36	73	60
37	71	59
39	70	59
42	68	57
44	67	56
45	66	55
47	65	54
49	64	54
52	63	52
54	62	52
55	60	50
58	60	50
33	32	26
30	27	23
30	25	21
28	21	17
27	19	16
26	17	14
25	16	13
24	14	12
24	13	11
24	13	11
24	12	10
25	12	10
26	12	10
26	11	9
27	11	9
28	10	9
-211	34	26
-199	37	28
-193	40	31
-191	44	34
-187	48	37
-184	52	40
-182	56	43
-179	60	46
-177	64	49
-175	68	52
-172	71	55
-171	75	58
-168	79	61
-164	82	63
-162	85	66
-157	87	67
-154	90	70
-152	94	72
-150	98	75
-155	106	82
-152	110	85
-152	115	88
-150	119	92
-147	122	94
-142	124	95
-145	133	102
-142	136	105
-140	140	108
-138	145	112
-136	150	115
-133	154	118
-130	157	121
-128	163	125
-127	169	130
-160	223	171
-156	227	175
-158	242	186
-154	248	191
-168	285	219
-161	288	222
-156	294	226
-146	293	225
-134	286	220
-101	231	177
-122	295	227
-174	445	342
-165	454	349
-157	465	358
-144	501	386
-62	266	204
-53	258	198
-47	256	197
-41	260	200
-37	269	207
-32	280	216
-26	291	224
-20	306	235
-14	317	244
-6	327	251
1	331	254
9	339	261
16	315	242
24	329	253
39	324	249
46	319	245
53	316	243
63	328	253
66	308	237
74	307	236
80	302	232
88	301	232
93	296	228
100	293	225
106	287	221
112	285	219
118	279	215
35	74	57
37	72	56
38	71	55
40	70	54
39	65	50
42	67	51
43	65	50
45	64	49
47	63	49
48	63	48
50	62	48
52	62	47
54	61	47
58	59	46
31	27	21
29	24	19
28	22	17
27	20	16
26	18	14
26	17	13
25	15	12
24	14	11
24	13	10
24	12	9
24	12	9
25	11	9
26	11	9
26	11	8
27	10	8
28	10	8
29	10	8
-201	36	28
-193	39	30
-191	43	33
-189	48	37
-184	51	39
-183	55	43
-181	59	45
-180	64	49
-177	67	52
-174	71	54
-171	74	57
-169	78	60
-165	81	62
-162	84	65
-159	88	67
-154	90	69
-154	94	73
-150	97	75
-155	105	81
-153	109	84
-151	113	87
-151	118	91
-148	121	93
-143	123	95
-146	132	101
-144	137	105
-140	140	107
-139	144	111
-137	149	115
-134	153	117
-131	157	121
-129	161	124
-127	168	129
-160	220	170
-158	228	175
-157	239	183
-155	247	190
-171	287	221
-164	290	223
-156	292	225
-148	293	225
-136	285	220
-102	230	177
-166	450	346
-160	469	360
-145	498	383
-137	517	397
-55	259	199
-47	256	197
-42	260	200
-37	269	207
-32	280	215
-27	291	224
-21	305	234
-14	317	244
-7	327	251
1	326	251
8	341	262
15	314	241
38	322	248
45	319	245
52	316	243
63	331	255
65	306	235
73	305	235
80	302	233
87	301	232
93	296	228
100	293	225
106	289	222
114	290	223
36	75	58
37	73	56
38	71	55
40	70	54
40	67	51
42	67	51
43	65	50
45	64	49
47	64	49
48	63	48
50	62	48
52	62	47
54	61	47
58	60	46
33	30	23
31	27	21
29	24	19
28	22	17
27	20	16
26	19	14
26	17	13
25	16	12
24	14	11
24	13	10
24	12	9
24	12	9
25	12	9
26	11	8
26	11	8
27	10	8
28	10	8
29	10	7
-203	31	22
-196	35	25
-193	39	27
-191	43	30
-188	47	33
-185	51	36
-182	55	39
-181	59	42
-178	63	44
-176	67	47
-174	70	50
-172	74	52
-168	78	55
-164	80	57
-89	50	35
-153	108	77
-152	113	80
-150	117	83
-148	122	86
-143	123	87
-138	125	88
-142	134	95
-141	139	98
-138	143	101
-136	148	104
-134	152	108
-131	156	110
-129	161	114
-162	211	149
-160	219	155
-155	222	157
-155	233	165
-154	245	173
-169	282	199
-162	284	201
-155	289	204
-147	290	205
-135	283	200
-102	227	160
-122	308	218
-165	443	314
-157	456	322
-152	477	337
-145	493	349
-137	509	360
-129	529	374
-55	257	181
-48	254	179
-42	254	179
-37	263	186
-32	272	192
-27	285	201
-22	298	211
-15	309	219
-9	324	229
-1	343	242
7	349	247
15	347	245
23	343	243
30	339	240
37	338	239
45	333	235
52	330	233
59	327	231
66	321	227
73	319	225
81	316	224
87	311	220
94	307	217
101	304	215
106	297	210
114	298	211
120	292	206
127	292	206
36	73	51
37	71	50
38	69	49
38	65	46
40	64	45
42	65	46
44	64	45
44	61	43
47	62	44
49	61	43
52	62	44
52	60	42
54	59	42
57	59	42
32	29	21
31	27	19
30	24	17
28	22	15
28	20	14
26	18	12
26	16	12
25	15	10
24	13	10
24	13	9
24	12	8
24	11	8
25	11	8
26	11	8
26	10	7
27	10	7
28	9	7
29	9	7
30	9	6
-214	29	20
-202	32	23
-196	36	25
-192	40	28
-190	44	31
-186	48	34
-186	53	37
-181	56	40
-180	60	43
-178	64	45
-175	68	48
-172	71	50
-169	75	53
-166	78	55
-163	82	58
-87	53	37
-86	55	39
-152	111	78
-152	116	82
-149	119	84
-147	123	87
-140	123	87
-137	126	89
-140	135	96
-141	143	101
-137	145	103
-135	150	106
-133	154	109
-129	158	111
-127	162	115
-163	218	154
-157	221	156
-155	228	161
-155	241	170
-150	245	174
-165	284	201
-158	287	203
-151	290	205
-137	279	197
-133	287	203
-123	303	214
-170	444	314
-162	454	321
-157	473	335
-149	486	344
-142	507	358
-131	511	362
-58	258	182
-51	252	178
-44	252	178
-40	259	183
-35	269	191
-30	280	198
-24	291	206
-18	303	214
-12	318	225
-5	336	238
3	349	247
11	347	245
19	344	243
27	341	241
34	338	239
43	337	238
49	330	234
57	325	230
64	326	230
71	320	226
78	317	224
85	311	220
92	309	218
99	307	217
105	302	213
112	300	212
117	293	207
125	293	207
36	74	52
37	72	51
38	70	49
40	69	49
39	64	45
42	65	46
43	64	45
47	66	47
47	62	44
48	62	44
51	63	44
52	60	43
54	60	42
58	58	41
33	30	21
31	27	19
30	25	18
28	22	16
28	20	14
26	18	13
26	17	12
25	15	11
24	14	10
24	13	9
24	12	9
24	12	8
25	11	8
25	11	8
26	11	8
27	10	7
28	10	7
29	9	7
30	9	6
-211	26	17
-199	29	19
-195	33	22
-193	38	24
-191	42	27
-188	46	30
-184	50	32
-182	54	35
-181	58	37
-178	62	40
-176	65	42
-174	69	45
-171	73	47
-168	77	49
-165	80	51
-92	49	31
-88	49	32
-86	50	33
-84	52	34
-84	55	35
-84	58	37
-150	116	75
-147	120	77
-143	122	79
-144	129	83
-142	133	86
-141	138	89
-138	142	91
-135	145	94
-133	150	96
-131	155	100
-128	158	102
-166	213	138
-164	222	143
-162	229	148
-158	235	152
-154	241	155
-168	276	178
-162	282	182
-155	284	183
-146	283	183
-136	280	181
-102	224	144
-122	303	196
-166	439	283
-159	453	292
-152	467	301
-145	485	313
-136	497	321
-128	513	331
-56	254	164
-49	252	162
-43	251	162
-38	260	168
-34	269	174
-28	280	181
-23	290	187
-16	290	187
-9	294	190
-3	334	215
5	350	226
13	344	222
21	340	220
29	338	218
36	336	217
43	327	211
51	326	210
58	321	207
65	320	206
72	315	203
79	311	201
86	308	199
92	305	197
99	302	195
106	300	193
113	296	191
120	293	189
126	290	187
36	72	46
37	70	45
38	69	45
39	68	44
39	64	41
42	64	42
43	63	41
44	61	39
46	62	40
48	61	39
51	62	40
52	60	39
53	59	38
57	57	37
33	30	19
31	27	17
29	22	14
28	20	13
27	18	12
26	17	11
25	15	10
24	14	9
24	13	8
24	12	8
24	11	7
25	11	7
25	11	7
26	10	7
27	10	6
28	10	6
28	9	6
29	9	6
31	8	5
31	8	5
-207	26	17
-198	30	19
-195	34	22
-192	39	25
-190	43	28
-187	47	30
-184	51	33
-182	55	35
-181	59	38
-178	62	40
-175	66	43
-172	70	45
-170	73	47
-167	77	49
-165	80	52
-91	48	31
-88	49	32
-85	51	33
-84	53	34
-84	55	35
-84	58	38
-150	117	75
-147	120	78
-142	122	79
-145	131	84
-141	133	86
-142	140	90
-137	142	92
-135	147	95
-133	151	97
-130	155	100
-127	159	102
-166	216	140
-164	224	144
-160	229	148
-156	236	152
-152	242	156
-168	280	181
-160	282	182
-152	283	183
-139	274	177
-134	281	181
-100	223	144
-123	291	188
-170	429	277
-164	442	285
-158	458	296
-152	476	307
-143	489	315
-136	506	326
-61	257	166
-54	253	163
-47	252	162
-41	252	163
-37	261	169
-32	271	175
-26	283	182
-21	291	188
-14	291	188
-7	307	198
0	339	219
8	346	223
15	342	221
23	340	219
31	338	218
38	334	215
45	329	212
53	326	210
60	320	207
67	319	206
73	313	202
81	311	201
87	307	198
93	301	194
101	300	194
107	295	190
114	293	189
121	292	188
127	287	185
36	72	46
37	70	45
38	69	44
38	64	41
40	64	41
42	64	41
44	63	41
45	61	39
47	61	39
49	61	39
52	62	40
52	59	38
55	60	38
32	29	18
29	24	15
29	22	14
28	19	13
26	18	12
26	16	11
25	15	9
24	13	8
24	13	8
24	12	8
24	11	7
25	11	7
25	11	7
26	10	7
27	10	6
28	9	6
28	9	6
30	9	6
30	8	5
-208	21	12
-198	25	14
-195	29	17
-193	33	19
-191	38	22
-189	42	24
-187	46	27
-184	50	29
-182	54	31
-179	57	33
-176	61	35
-174	65	38
-169	67	39
-166	71	41
-164	74	43
-90	47	27
-87	48	28
-86	50	29
-84	52	30
-84	54	32
-85	58	34
-148	114	66
-147	119	69
-144	122	71
-143	127	74
-141	131	76
-144	139	81
-137	140	81
-135	144	84
-132	148	86
-130	153	89
-127	157	91
-167	215	125
-132	178	104
-126	180	105
-121	191	111
-166	274	160
-161	279	163
-153	280	163
-145	283	165
-134	277	161
-100	221	129
-123	288	168
-170	423	246
-165	439	255
-158	452	263
-153	473	275
-143	481	280
-136	500	291
-126	509	296
-54	250	146
-48	247	144
-42	249	145
-37	257	150
-32	267	156
-25	257	149
-19	263	153
-13	266	155
-7	269	156
0	269	157
6	273	159
12	269	157
20	278	162
30	332	193
37	328	191
45	326	190
52	322	187
59	318	185
66	311	181
73	311	181
80	307	179
87	304	177
94	301	175
38	100	58
40	99	58
43	99	57
45	98	57
36	71	41
37	69	40
38	67	39
40	66	39
40	63	37
42	63	37
44	62	36
47	64	37
47	61	35
48	60	35
50	59	35
52	59	34
54	58	34
33	29	17
31	26	15
30	23	14
28	21	12
27	19	11
27	18	10
26	16	9
25	15	9
24	14	8
24	12	7
24	12	7
24	11	6
25	11	6
25	10	6
26	10	6
27	10	6
28	9	5
28	9	5
29	8	5
30	8	5
31	7	4
-204	23	13
-197	27	15
-194	31	18
-192	35	20
-190	39	23
-188	43	25
-186	47	28
-185	52	30
-181	55	32
-177	59	34
-175	62	36
-172	66	38
-168	69	40
-165	72	42
-163	76	44
-93	47	27
-88	48	28
-87	50	29
-84	51	30
-85	53	31
-83	55	32
-148	112	65
-148	117	68
-146	120	70
-143	125	73
-141	129	75
-140	134	78
-140	139	81
-136	143	83
-134	147	85
-131	151	88
-129	155	90
-151	199	116
-129	180	105
-125	183	107
-122	188	109
-165	279	162
-156	278	162
-148	281	164
-138	276	161
-106	227	132
-122	295	172
-167	429	250
-161	444	258
-156	463	270
-148	477	278
-139	489	285
-130	504	294
-58	252	147
-51	249	145
-44	245	143
-39	253	148
-34	263	153
-27	256	149
-22	262	153
-16	264	154
-9	267	156
-3	269	157
3	271	158
10	272	158
16	274	160
23	286	167
34	331	193
42	326	190
49	321	187
56	318	185
64	316	184
70	310	181
77	308	179
84	305	178
91	302	176
97	297	173
38	102	59
40	100	58
42	99	58
44	98	57
35	71	42
36	70	41
38	68	40
39	67	39
39	63	37
42	64	38
43	62	36
44	60	35
47	62	36
48	60	35
51	62	36
51	59	34
53	58	34
55	57	33
57	56	33
33	30	18
32	27	16
31	25	14
29	22	13
28	20	12
27	18	11
26	17	10
25	15	9
25	14	8
24	13	7
24	12	7
24	11	7
24	11	6
25	10	6
26	10	6
26	10	6
27	9	5
28	9	5
-205	18	9
-199	22	11
-196	26	14
-194	30	16
-192	35	18
-193	39	20
-190	43	22
-185	46	24
-186	51	26
-181	54	28
-180	58	30
-178	62	32
-174	65	34
-171	69	35
-168	72	37
-164	75	39
-93	46	24
-88	46	24
-85	48	25
-83	49	25
-82	51	26
-83	54	28
-84	58	30
-149	115	60
-148	119	62
-31	29	15
-30	30	15
-30	31	16
-30	32	16
-29	32	17
-29	34	17
-28	34	18
-28	36	18
-27	37	19
-27	38	20
-26	39	20
-26	40	21
-25	41	21
-137	268	139
-132	275	143
-123	291	151
-167	419	217
-162	435	225
-157	454	235
-149	469	243
-140	481	249
-133	499	258
-59	249	129
-52	245	127
-45	243	126
-40	249	129
-33	243	126
-27	240	124
-20	237	123
-15	236	122
-9	231	119
-3	226	117
2	226	117
8	224	116
13	220	114
18	218	113
23	216	112
28	213	110
33	210	109
37	207	107
42	205	106
47	202	105
51	200	103
56	198	103
60	195	101
65	194	100
40	100	52
41	96	50
44	95	49
35	70	36
36	69	36
38	67	35
39	66	34
39	62	32
42	64	33
43	62	32
44	60	31
46	61	31
48	59	31
50	59	31
52	59	30
53	57	30
56	58	30
57	56	29
33	29	15
31	26	14
30	24	12
29	22	11
28	20	10
27	18	9
26	16	8
26	15	8
25	14	7
24	12	6
24	12	6
24	11	6
24	11	5
25	10	5
25	10	5
26	9	5
27	9	5
28	9	5
28	8	4
29	8	4
30	7	4
31	7	4
32	7	4
34	7	3
-214	15	8
-203	19	10
-198	23	12
-196	27	14
-193	32	16
-192	36	19
-191	40	21
-189	44	23
-185	48	25
-183	52	27
-181	56	29
-180	60	31
-177	63	33
-174	67	35
-171	71	37
-169	74	38
-165	77	40
-91	46	24
-87	47	24
-85	48	25
-83	50	26
-83	52	27
-83	55	28
-151	113	58
-148	116	60
-30	29	15
-30	30	15
-30	31	16
-29	32	17
-29	33	17
-28	34	18
-28	35	18
-28	36	19
-27	37	19
-27	38	20
-26	39	20
-25	41	21
-138	263	136
-135	273	141
-102	219	113
-122	296	153
-165	430	222
-159	443	229
-154	464	240
-145	475	246
-138	493	255
-128	506	262
-55	246	128
-48	246	127
-42	244	126
-37	249	129
-30	243	126
-23	239	124
-17	236	122
-11	232	120
-6	230	119
0	225	117
5	225	116
11	221	114
16	219	113
21	216	112
26	215	111
31	211	109
36	208	108
40	204	106
45	203	105
49	201	104
54	199	103
58	196	101
63	194	101
68	194	100
39	101	52
41	98	50
43	95	49
35	72	37
36	69	36
37	68	35
38	66	34
38	61	32
40	61	32
42	62	32
44	61	32
46	61	32
47	59	31
49	59	31
50	57	30
52	57	30
55	58	30
56	56	29
33	29	15
30	25	13
28	21	11
28	19	10
26	17	9
26	16	8
25	14	7
24	13	7
24	12	6
24	12	6
24	11	5
24	10	5
25	10	5
26	10	5
27	10	5
27	9	5
28	9	5
29	8	4
30	8	4
31	7	4
32	7	4
33	7	3
-207	13	6
-201	17	8
-201	21	10
-199	26	11
-198	30	13
-196	34	15
-192	38	17
-190	42	19
-186	45	20
-184	49	22
-181	53	24
-180	57	25
-177	60	27
-174	63	28
-37	16	7
-35	17	8
-35	17	8
-34	18	8
-34	19	9
-34	20	9
-34	21	9
-33	22	10
-33	22	10
-33	23	11
-32	25	11
-32	25	11
-32	26	12
-31	27	12
-31	28	13
-31	29	13
-30	30	13
-30	31	14
-29	32	14
-29	33	15
-28	34	15
-28	35	16
-28	36	16
-27	37	17
-27	38	17
-26	39	18
-26	41	18
-109	196	88
-139	263	118
-134	268	121
-101	216	97
-123	281	126
-61	249	112
-53	242	109
-46	240	108
-41	244	110
-35	245	110
-31	264	119
-26	274	123
-20	284	128
-9	223	100
-4	223	100
2	221	99
7	219	99
13	216	97
18	214	96
23	212	95
28	211	95
32	207	93
37	204	92
42	202	91
24	60	27
27	64	29
28	62	28
29	61	27
33	61	28
38	66	30
39	65	29
39	61	28
40	60	27
44	63	28
44	59	26
48	62	28
48	56	25
54	57	26
57	55	25
34	30	13
31	26	12
30	24	11
30	22	10
28	20	9
27	18	8
26	16	7
26	15	7
25	14	6
24	13	6
24	11	5
24	11	5
24	10	5
25	10	4
25	9	4
26	9	4
27	9	4
27	9	4
28	8	4
29	8	4
30	8	3
31	7	3
32	7	3
33	6	3
35	6	3
35	5	2
-214	11	5
-204	15	7
-200	19	9
-199	23	11
-198	28	12
-195	32	14
-194	36	16
-192	40	18
-189	44	20
-185	47	21
-183	51	23
-180	55	25
-180	59	26
-177	62	28
-37	16	7
-35	16	7
-35	17	8
-35	18	8
-34	19	8
-34	20	9
-34	20	9
-33	21	10
-33	22	10
-33	23	10
-33	24	11
-32	25	11
-32	26	12
-31	27	12
-31	27	12
-31	29	13
-31	30	13
-30	31	14
-30	31	14
-29	32	15
-28	33	15
-28	35	16
-28	35	16
-27	37	16
-27	38	17
-26	39	17
-26	40	18
-137	255	114
-135	267	120
-102	216	97
-121	290	130
-55	243	109
-48	240	108
-42	241	109
-36	243	109
-32	261	117
-27	268	121
-21	282	127
-11	225	101
-5	223	100
1	221	99
6	219	99
11	216	97
17	214	96
21	212	95
26	211	95
31	207	93
36	204	92
41	203	91
24	60	27
28	64	29
29	62	28
33	61	28
37	66	30
39	65	29
39	61	28
40	60	27
44	63	28
46	63	28
51	60	27
57	55	25
33	29	13
30	24	11
30	22	10
28	20	9
27	18	8
26	16	7
26	15	7
25	14	6
24	13	6
24	11	5
24	11	5
24	10	5
25	10	5
25	9	4
26	10	4
27	9	4
27	9	4
28	8	4
29	8	4
30	8	3
31	7	3
32	7	3
33	6	3
35	6	3
35	5	2
-228	8	3
-203	11	4
-202	16	6
-201	20	7
-199	24	9
-198	28	11
-196	32	12
-192	36	14
-191	40	15
-39	11	4
-37	11	4
-37	12	5
-37	13	5
-36	14	5
-36	15	5
-36	15	6
-35	16	6
-35	17	6
-35	18	7
-34	18	7
-34	19	7
-34	20	8
-34	21	8
-34	22	8
-33	23	9
-33	23	9
-32	24	9
-32	25	10
-32	26	10
-31	27	10
-31	28	11
-31	29	11
-30	30	11
-30	31	12
-29	32	12
-29	33	12
-28	34	13
-28	35	13
-27	36	14
-27	37	14
-26	38	14
-26	39	15
-137	248	94
-136	261	99
-132	271	102
-123	287	108
-114	285	107
-107	287	108
-94	275	104
-84	267	101
-74	285	108
-56	241	91
-48	237	90
-42	237	90
-36	239	90
-32	254	96
-25	250	94
-19	262	99
-12	262	99
-6	262	99
1	258	97
7	254	96
13	241	91
21	261	99
28	265	100
8	41	16
9	41	16
10	41	16
11	41	15
12	41	15
13	42	16
15	41	16
17	42	16
18	41	16
19	41	16
20	41	16
24	42	16
26	42	16
27	42	16
31	42	16
32	41	16
35	42	16
36	41	16
38	42	16
40	42	16
41	42	16
33	28	10
31	25	9
30	22	8
28	20	8
28	19	7
27	17	7
26	16	6
26	15	6
25	13	5
24	12	4
24	11	4
24	11	4
24	10	4
25	10	4
25	9	4
26	9	3
27	9	3
27	8	3
28	8	3
29	8	3
30	7	3
31	7	3
32	6	2
33	6	2
34	6	2
35	5	2
36	4	2
-225	5	2
-213	10	4
-202	14	5
-203	18	7
-200	22	8
-199	26	10
-198	30	11
-195	34	13
-193	38	14
-38	11	4
-37	12	4
-37	13	5
-37	13	5
-36	14	5
-36	15	6
-36	16	6
-35	17	6
-35	17	7
-35	18	7
-34	19	7
-34	20	7
-34	20	8
-33	21	8
-33	22	8
-33	23	9
-33	24	9
-32	25	9
-32	26	10
-31	27	10
-31	28	10
-31	29	11
-30	29	11
-30	30	11
-29	31	12
-29	32	12
-29	33	13
-28	35	13
-28	36	13
-27	37	14
-27	38	14
-27	39	15
-26	40	15
-109	195	73
-137	257	97
-135	269	101
-99	212	80
-123	278	105
-118	287	108
-101	285	107
-83	280	106
-77	287	108
-58	242	91
-51	239	90
-44	236	89
-39	243	92
-33	246	93
-27	246	93
-21	259	98
-15	263	99
-8	262	99
-1	259	98
5	255	96
12	253	95
19	260	98
25	264	100
8	41	16
9	41	16
10	41	15
12	41	15
13	41	15
14	42	16
16	42	16
17	42	16
19	41	16
20	41	16
23	42	16
24	42	16
25	42	16
27	42	16
28	42	16
31	42	16
32	42	16
34	42	16
36	42	16
38	42	16
39	42	16
41	42	16
46	43	16
33	29	11
32	26	10
30	23	9
29	21	8
28	20	7
27	18	7
26	16	6
26	15	6
25	14	5
24	12	5
24	11	4
24	11	4
24	10	4
25	10	4
26	9	3
26	9	3
27	9	3
28	8	3
29	8	3
30	7	3
31	7	3
32	7	3
33	6	2
34	6	2
35	5	2
36	4	2
38	4	1
39	3	1
-197	0	0
-193	4	1
-221	8	2
-203	12	4
-202	16	5
-201	20	6
-199	24	7
-197	28	8
-196	32	9
-39	9	3
-38	10	3
-38	10	3
-38	11	3
-37	12	4
-37	13	4
-37	13	4
-36	14	4
-36	15	4
-36	16	5
-36	16	5
-35	17	5
-35	18	5
-35	19	6
-35	20	6
-34	20	6
-34	21	6
-33	22	7
-33	23	7
-33	24	7
-33	25	7
-32	25	8
-31	26	8
-31	27	8
-31	28	8
-30	29	9
-30	30	9
-29	31	9
-29	32	10
-29	33	10
-28	34	10
-28	35	11
-27	36	11
-27	37	11
-26	38	11
-110	193	58
-114	212	63
-108	213	64
-100	210	63
-94	212	63
-88	213	64
-82	213	64
-75	212	63
-69	212	63
-63	212	63
-57	212	63
-51	212	63
-45	213	64
-39	214	64
-30	196	58
-24	192	57
-19	191	57
-14	190	57
-9	192	57
-4	196	59
1	206	62
3	30	9
4	30	9
5	30	9
6	30	9
7	30	9
7	30	9
8	30	9
9	30	9
10	30	9
11	30	9
11	30	9
12	30	9
13	30	9
14	30	9
15	30	9
16	30	9
17	30	9
18	30	9
19	30	9
20	30	9
21	30	9
22	30	9
23	31	9
25	30	9
26	31	9
27	31	9
29	31	9
30	31	9
31	30	9
32	26	8
30	23	7
29	21	6
28	19	6
27	18	5
27	16	5
26	15	4
25	14	4
25	13	4
24	11	3
24	11	3
24	10	3
24	10	3
25	10	3
25	9	3
26	9	3
27	8	2
27	8	2
28	8	2
29	7	2
31	7	2
31	7	2
32	6	2
33	6	2
34	5	2
35	5	1
36	4	1
38	4	1
-195	1	0
-213	5	1
-216	9	3
-202	13	4
-203	17	5
-201	21	6
-199	25	7
-197	29	9
-196	32	10
-39	9	3
-38	10	3
-38	11	3
-38	11	3
-37	12	4
-37	13	4
-37	13	4
-36	14	4
-36	15	5
-36	16	5
-35	16	5
-35	17	5
-35	18	5
-34	19	6
-34	20	6
-34	20	6
-33	21	6
-33	22	7
-33	23	7
-32	24	7
-32	25	7
-32	25	8
-32	27	8
-31	27	8
-30	28	8
-30	29	9
-30	30	9
-30	31	9
-29	32	10
-29	33	10
-28	34	10
-28	35	11
-27	36	11
-27	38	11
-26	39	12
-119	211	63
-112	211	63
-105	212	63
-99	213	64
-92	212	63
-86	213	64
-79	213	64
-73	212	63
-67	214	64
-61	212	63
-55	213	64
-49	212	63
-43	213	64
-37	213	64
-28	192	57
-23	193	58
-17	191	57
-12	191	57
-7	194	58
-2	206	61
3	30	9
3	30	9
4	30	9
5	30	9
6	30	9
7	30	9
8	30	9
8	30	9
9	30	9
10	30	9
11	30	9
12	30	9
13	30	9
14	30	9
15	30	9
16	30	9
16	30	9
17	30	9
19	30	9
20	30	9
21	30	9
22	30	9
23	30	9
24	30	9
25	30	9
27	31	9
28	31	9
29	31	9
30	31	9
28	27	8
33	27	8
31	24	7
31	23	7
29	21	6
28	19	6
27	17	5
26	15	5
26	14	4
25	13	4
24	12	4
24	11	3
24	11	3
24	10	3
24	9	3
25	9	3
26	9	3
26	8	3
27	8	2
28	8	2
29	8	2
30	7	2
30	7	2
31	6	2
32	6	2
34	6	2
35	5	2
36	5	1
37	4	1
38	3	1
40	2	1
41	2	0
-196	-4	-1
-188	0	0
-188	3	1
-220	8	2
-203	11	2
-202	15	3
-201	19	4
-199	22	5
-197	26	6
-196	30	6
-40	9	2
-39	9	2
-38	10	2
-38	10	2
-38	11	2
-37	12	3
-37	13	3
-37	14	3
-36	14	3
-36	15	3
-36	16	3
-36	16	3
-36	17	4
-35	18	4
-35	19	4
-35	20	4
-34	20	4
-34	21	4
-33	22	5
-33	23	5
-33	23	5
-33	24	5
-33	25	5
-31	26	5
-31	26	6
-31	28	6
-31	29	6
-30	30	6
-30	31	6
-29	31	7
-29	32	7
-28	33	7
-28	35	7
-27	35	8
-27	37	8
-26	38	8
-96	167	35
-90	166	35
-85	168	36
-80	168	36
-74	168	36
-68	167	35
-63	168	36
-58	166	35
-53	167	35
-47	166	35
-43	166	35
-38	166	35
-33	167	35
-28	167	35
-23	167	35
-19	167	35
0	23	5
1	23	5
1	23	5
2	23	5
3	23	5
4	23	5
4	23	5
5	23	5
6	23	5
6	23	5
7	23	5
8	23	5
9	23	5
9	23	5
9	23	5
10	23	5
11	23	5
12	23	5
13	23	5
13	23	5
14	23	5
15	24	5
16	24	5
17	23	5
17	24	5
18	24	5
19	24	5
20	24	5
21	24	5
22	24	5
23	24	5
25	24	5
26	24	5
27	24	5
28	24	5
29	24	5
31	24	5
29	20	4
28	19	4
27	17	4
27	16	3
26	14	3
25	13	3
24	12	3
24	11	2
24	10	2
24	10	2
24	9	2
25	9	2
25	9	2
26	8	2
26	8	2
27	8	2
28	8	2
29	7	2
30	7	1
30	6	1
31	6	1
32	6	1
34	5	1
34	5	1
36	4	1
37	4	1
-194	-3	-1
-188	1	0
-210	4	1
-218	9	2
-202	12	3
-203	16	3
-200	20	4
-199	23	5
-197	27	6
-196	31	7
-39	9	2
-38	9	2
-38	10	2
-38	11	2
-38	11	2
-37	12	3
-37	13	3
-37	14	3
-36	14	3
-36	15	3
-36	16	3
-36	17	4
-35	18	4
-35	18	4
-35	19	4
-35	20	4
-34	20	4
-34	21	5
-33	22	5
-33	23	5
-32	24	5
-32	25	5
-31	26	6
-31	27	6
-31	28	6
-31	29	6
-30	30	6
-30	31	7
-29	32	7
-29	33	7
-28	34	7
-28	35	7
-28	36	8
-27	37	8
-26	38	8
-100	167	35
-94	168	36
-88	167	35
-82	167	35
-77	168	36
-72	168	36
-66	167	35
-61	166	35
-55	166	35
-51	166	35
-46	167	35
-41	167	35
-36	166	35
-31	167	35
-26	167	35
-21	167	35
-17	167	35
1	23	5
1	23	5
2	23	5
3	23	5
3	23	5
4	23	5
4	23	5
5	23	5
6	23	5
7	23	5
7	23	5
8	23	5
8	23	5
10	23	5
10	23	5
11	23	5
11	23	5
12	23	5
13	23	5
14	23	5
15	23	5
16	23	5
17	23	5
17	24	5
18	24	5
19	24	5
20	24	5
21	24	5
22	24	5
23	24	5
24	24	5
26	24	5
28	24	5
29	24	5
31	24	5
30	23	5
29	21	4
28	19	4
27	18	4
27	16	3
26	15	3
26	14	3
25	13	3
24	11	2
24	11	2
24	10	2
24	10	2
24	9	2
25	9	2
25	9	2
27	8	2
27	8	2
28	8	2
29	7	2
29	7	1
31	7	1
34	6	1
34	5	1
36	5	1
36	4	1
38	4	1
38	3	0
40	2	0
41	2	0
43	1	0
-191	-10	-1
-190	-6	-1
-189	-2	0
-188	1	0
-211	4	0
-222	9	1
-203	11	1
-203	15	2
-200	19	2
-199	22	3
-197	25	3
-197	29	3
-40	8	1
-39	9	1
-39	9	1
-38	10	1
-38	11	1
-38	11	1
-38	12	1
-37	13	1
-37	14	2
-37	14	2
-36	15	2
-36	16	2
-36	16	2
-36	17	2
-35	18	2
-35	19	2
-34	19	2
-34	20	2
-34	21	2
-33	21	2
-33	22	3
-33	23	3
-33	24	3
-32	25	3
-32	26	3
-32	27	3
-31	27	3
-31	28	3
-30	29	3
-30	30	3
-29	31	4
-29	32	4
-28	33	4
-28	34	4
-27	35	4
-27	37	4
-27	42	5
-25	42	5
-23	41	5
-22	42	5
-15	40	5
-13	37	4
-11	36	4
-10	36	4
-9	36	4
-7	36	4
-6	35	4
-1	18	2
0	18	2
0	18	2
1	18	2
1	18	2
1	18	2
2	18	2
3	18	2
4	18	2
4	18	2
4	18	2
5	18	2
5	18	2
6	18	2
7	18	2
7	18	2
8	18	2
8	18	2
10	18	2
11	18	2
12	18	2
13	18	2
13	18	2
14	18	2
15	19	2
16	18	2
16	18	2
17	19	2
18	19	2
19	19	2
19	19	2
22	19	2
23	19	2
23	19	2
24	19	2
26	19	2
27	19	2
28	19	2
28	18	2
27	17	2
26	15	2
26	14	2
25	13	1
25	12	1
24	11	1
24	10	1
24	10	1
24	9	1
24	8	1
25	8	1
26	8	1
26	8	1
27	8	1
28	8	1
28	7	1
29	7	1
30	6	1
33	5	1
34	5	1
35	4	0
36	4	0
37	4	0
-191	-10	-1
-191	-7	-1
-189	-3	0
-188	0	0
-196	3	0
-221	7	1
-203	11	1
-203	14	2
-201	18	2
-200	21	2
-199	25	3
-197	28	3
-40	8	1
-39	9	1
-38	9	1
-38	10	1
-38	11	1
-38	11	1
-37	12	1
-37	13	1
-37	13	2
-36	14	2
-36	15	2
-36	16	2
-36	16	2
-35	17	2
-35	18	2
-35	18	2
-34	19	2
-34	20	2
-34	21	2
-33	21	2
-34	22	3
-33	23	3
-32	24	3
-32	24	3
-32	25	3
-32	26	3
-31	27	3
-31	28	3
-30	29	3
-30	30	3
-30	31	4
-29	32	4
-29	33	4
-28	34	4
-27	35	4
-27	36	4
-27	42	5
-25	42	5
-23	42	5
-22	42	5
-15	40	5
-13	38	4
-11	36	4
-10	36	4
-9	36	4
-8	36	4
-7	36	4
-1	18	2
-1	18	2
0	18	2
1	18	2
1	18	2
2	18	2
3	18	2
2	18	2
3	18	2
4	18	2
4	18	2
5	18	2
5	18	2
6	18	2
6	18	2
7	18	2
8	18	2
8	18	2
9	18	2
11	18	2
12	18	2
12	18	2
13	18	2
14	18	2
15	19	2
15	19	2
16	19	2
17	19	2
18	18	2
19	19	2
19	19	2
22	19	2
23	19	2
24	19	2
24	19	2
26	19	2
27	19	2
28	19	2
28	18	2
27	17	2
27	15	2
26	14	2
25	13	1
24	12	1
24	11	1
24	10	1
24	10	1
24	9	1
24	9	1
25	8	1
26	8	1
26	8	1
27	8	1
28	7	1
28	7	1
29	7	1
30	6	1
31	6	1
32	6	1
33	5	1
34	5	1
35	4	1
36	4	0
37	3	0
-197	42	0
-186	44	0
-184	47	0
-182	49	0
-180	52	0
-180	56	0
-177	59	0
-175	61	0
-172	64	0
-170	67	0
-168	70	0
-163	71	0
-161	74	0
-158	77	0
-155	79	0
-162	86	0
-161	90	0
-157	92	0
-156	96	0
-156	100	0
-154	104	0
-152	107	0
-151	112	0
-149	116	0
-145	118	0
-142	121	0
-141	126	0
-168	156	0
-161	157	0
-152	157	0
-144	156	0
-137	157	0
-131	157	0
-124	158	0
-118	158	0
-112	158	0
-104	158	0
-98	158	0
-92	158	0
-86	158	0
-80	158	0
-75	159	0
-69	158	0
-63	158	0
-58	159	0
-52	159	0
-47	159	0
-41	158	0
-36	159	0
-31	159	0
-26	160	0
-20	160	0
-15	160	0
-10	159	0
-4	159	0
1	159	0
6	159	0
11	159	0
16	160	0
22	160	0
27	159	0
32	159	0
38	160	0
43	160	0
49	161	0
54	159	0
59	160	0
65	160	0
70	159	0
76	160	0
82	160	0
89	160	0
33	52	0
26	39	0
31	40	0
33	41	0
35	41	0
37	42	0
39	42	0
41	42	0
43	42	0
45	42	0
47	41	0
50	42	0
52	42	0
54	42	0
57	42	0
59	41	0
26	16	0
25	15	0
24	13	0
24	12	0
24	12	0
24	11	0
25	11	0
25	11	0
26	10	0
27	10	0
-201	41	0
-193	43	0
-185	45	0
-187	48	0
-181	50	0
-178	53	0
-180	57	0
-178	60	0
-174	62	0
-172	65	0
-170	68	0
-166	70	0
-162	72	0
-159	74	0
-157	77	0
-160	83	0
-161	87	0
-159	90	0
-157	93	0
-156	98	0
-155	101	0
-153	105	0
-151	108	0
-150	113	0
-148	117	0
-144	119	0
-142	123	0
-172	155	0
-166	157	0
-158	157	0
-150	157	0
-143	157	0
-136	157	0
-129	158	0
-122	158	0
-116	158	0
-109	158	0
-103	158	0
-96	157	0
-90	158	0
-84	158	0
-79	158	0
-73	158	0
-67	159	0
-62	159	0
-56	159	0
-50	159	0
-45	160	0
-39	158	0
-34	159	0
-29	159	0
-24	159	0
-18	160	0
-13	160	0
-8	159	0
-3	160	0
3	160	0
8	160	0
13	159	0
18	160	0
24	160	0
29	160	0
34	160	0
40	160	0
45	160	0
50	160	0
56	160	0
62	160	0
67	160	0
73	160	0
79	159	0
85	159	0
91	159	0
27	38	0
31	41	0
34	41	0
36	41	0
38	41	0
40	42	0
42	42	0
44	42	0
46	41	0
48	42	0
50	42	0
53	42	0
56	42	0
58	42	0
26	16	0
25	14	0
24	13	0
24	12	0
24	11	0
24	11	0
25	11	0
26	11	0
27	11	0
27	10	0
