0	0	0
-80	17	22
-77	17	23
-76	20	26
-75	21	28
-75	22	30
-77	25	34
-77	27	36
-77	31	42
-74	32	42
-72	34	45
-68	34	45
-65	34	46
-62	34	46
-59	34	45
-56	34	45
-53	34	45
-51	34	45
-49	34	45
-46	34	45
-44	34	45
-42	34	45
-40	34	45
-38	34	45
-36	34	45
-34	34	45
-32	33	45
-31	34	45
-29	33	45
-27	33	45
-26	33	45
-23	34	46
-22	33	45
-20	34	45
-19	33	45
-17	33	45
-16	33	45
-15	33	45
-13	33	45
-12	33	45
-11	33	45
-10	33	45
-8	33	45
-7	33	45
-6	33	45
-5	33	45
-3	33	45
-2	33	45
-1	33	45
0	33	45
1	33	45
2	33	45
4	33	45
5	33	45
6	33	45
7	33	45
8	33	45
10	33	45
11	33	45
12	33	45
13	34	45
15	33	45
16	33	45
17	33	45
19	34	45
20	33	45
21	33	45
23	34	45
27	34	46
29	34	45
30	34	45
32	34	45
33	33	45
35	34	45
37	34	45
39	34	45
40	34	46
42	34	45
44	33	45
46	34	45
49	34	45
51	34	45
53	34	45
56	34	46
58	34	46
61	34	46
64	34	46
66	34	45
70	34	46
73	34	46
89	38	51
-80	17	22
-77	17	23
-76	20	27
-75	21	28
-76	22	30
-78	26	35
-77	27	36
-78	30	41
-77	31	42
-71	34	46
-68	34	45
-64	34	46
-62	34	46
-59	34	46
-56	34	45
-53	34	45
-51	34	45
-48	34	45
-46	34	45
-44	34	45
-42	34	45
-40	34	45
-38	34	45
-36	34	45
-34	33	45
-32	34	45
-31	34	45
-29	34	45
-27	33	45
-26	34	45
-23	34	46
-21	33	45
-20	33	45
-18	34	45
-17	33	45
-16	34	45
-14	33	45
-13	33	45
-12	33	45
-11	33	45
-9	33	45
-8	33	45
-7	33	45
-6	33	45
-5	33	45
-3	33	45
-2	33	45
-1	33	45
0	33	45
2	33	45
3	33	45
4	33	45
5	33	45
6	33	45
7	33	45
9	33	45
10	33	45
11	33	45
12	33	45
14	33	45
15	33	45
16	33	45
17	33	45
19	34	45
20	34	45
21	33	45
23	33	45
27	33	45
29	34	45
30	34	45
32	34	45
33	33	45
35	34	45
37	34	45
39	34	46
41	34	45
42	34	45
45	34	45
47	34	45
49	34	45
51	34	46
53	34	46
56	34	46
59	34	46
61	34	46
64	34	46
67	34	46
71	34	46
88	37	50
-80	18	21
-78	19	22
-76	20	23
-75	22	26
-75	24	28
-76	27	31
-77	29	34
-77	34	39
-77	35	41
-72	37	43
-69	37	43
-66	37	43
-63	37	43
-60	37	43
-57	37	43
-54	37	43
-52	37	43
-49	37	43
-47	37	43
-45	37	43
-43	37	43
-41	37	43
-39	37	43
-37	37	43
-35	37	43
-33	37	43
-31	37	43
-30	37	43
-28	37	43
-26	37	43
-22	37	42
-20	37	43
-19	37	43
-18	37	43
-16	37	43
-15	37	43
-14	37	43
-12	37	43
-11	37	43
-10	37	43
-9	37	43
-7	37	43
-6	37	43
-5	37	43
-4	37	42
-3	37	43
-1	37	42
0	37	42
1	37	43
2	37	43
3	37	43
5	37	42
6	37	43
7	37	43
8	37	43
9	37	42
11	37	43
12	37	43
13	37	43
15	37	42
16	37	42
17	37	43
18	37	43
20	37	43
21	37	43
23	37	43
24	37	43
27	37	43
29	37	43
30	37	43
32	37	43
33	37	43
35	37	43
37	37	43
39	37	43
40	37	43
42	37	43
44	37	43
46	37	43
48	37	43
51	37	43
53	37	43
55	37	43
59	38	44
61	37	43
64	37	43
67	38	43
70	38	44
73	37	43
89	41	48
-80	18	21
-77	19	22
-76	21	25
-75	23	26
-76	24	28
-77	28	32
-77	29	34
-77	34	40
-72	37	43
-68	37	43
-65	37	43
-62	37	43
-59	37	43
-56	37	43
-53	37	43
-51	37	43
-48	37	43
-46	37	43
-44	37	43
-42	37	43
-40	37	43
-38	37	43
-36	37	43
-34	37	43
-33	37	43
-31	37	43
-29	37	43
-28	37	43
-26	37	43
-23	37	43
-21	37	43
-20	37	43
-19	37	43
-17	37	43
-16	37	43
-14	37	43
-13	37	43
-12	37	43
-11	37	43
-10	37	43
-8	37	43
-7	37	43
-6	37	42
-4	37	42
-3	37	42
-2	37	43
-1	37	42
0	37	42
2	37	43
3	37	42
4	37	42
5	37	42
6	37	43
7	37	43
9	37	43
10	37	43
11	37	43
12	37	43
14	37	43
15	37	43
16	37	43
18	37	43
19	37	43
20	37	43
22	37	43
23	37	43
27	37	43
29	37	43
31	37	43
32	37	43
34	37	42
36	37	43
37	37	43
39	37	43
41	37	43
43	37	43
45	37	43
47	37	43
49	37	43
52	37	43
54	37	43
57	37	43
59	37	43
62	37	43
65	37	43
68	38	44
71	38	44
92	42	49
-80	19	19
-78	20	20
-76	21	21
-75	24	24
-76	26	26
-77	31	31
-78	33	33
-77	36	36
-76	38	38
-71	41	41
-67	41	41
-64	41	41
-61	41	41
-58	40	40
-55	40	40
-53	41	41
-50	41	41
-48	41	41
-45	40	40
-43	40	40
-41	40	40
-39	40	40
-37	40	40
-35	40	40
-34	40	40
-32	40	40
-30	40	40
-28	40	40
-27	40	40
-22	40	40
-21	40	40
-19	40	40
-18	40	40
-17	40	40
-15	40	40
-14	40	40
-13	40	40
-11	40	40
-10	40	40
-9	40	40
-8	40	40
-7	40	40
-5	40	40
-4	40	40
-3	40	40
-2	40	40
-1	40	40
1	40	40
2	40	40
3	40	40
4	40	40
5	40	40
7	40	40
8	40	40
9	40	40
10	40	40
12	40	40
13	40	40
14	40	40
15	40	40
17	40	40
18	40	40
19	40	40
21	40	40
22	40	40
24	40	40
27	41	41
28	40	40
30	40	40
31	40	40
33	40	40
34	40	40
36	40	40
38	41	41
40	40	40
42	40	40
44	40	40
46	41	41
48	41	41
50	40	40
52	40	40
55	40	40
57	41	41
60	40	40
63	41	41
65	41	41
69	41	41
72	41	41
-79	20	20
-77	21	21
-76	24	24
-75	25	25
-75	27	27
-77	30	30
-77	32	32
-78	36	36
-77	38	38
-72	41	41
-68	40	40
-65	41	41
-62	41	41
-59	40	40
-56	40	40
-53	40	40
-51	41	41
-48	40	40
-46	40	40
-44	40	40
-42	40	40
-40	40	40
-38	40	40
-36	40	40
-34	40	40
-32	40	40
-30	40	40
-29	40	40
-28	40	40
-26	40	40
-23	41	41
-21	40	40
-20	40	40
-18	40	40
-17	40	40
-16	40	40
-14	40	40
-13	40	40
-12	40	40
-11	40	40
-9	40	40
-8	40	40
-7	40	40
-5	40	40
-4	40	40
-3	40	40
-2	40	40
-1	40	40
0	40	40
2	40	40
3	40	40
4	40	40
5	40	40
7	40	40
8	40	40
9	40	40
10	40	40
11	40	40
13	40	40
14	40	40
15	40	40
17	40	40
18	40	40
19	40	40
21	40	40
22	40	40
23	40	40
28	40	40
29	40	40
31	40	40
33	40	40
34	40	40
36	40	40
38	41	41
40	40	40
42	40	40
44	41	41
46	41	41
48	41	41
50	40	40
52	41	41
54	41	41
57	41	41
60	41	41
63	41	41
66	41	41
69	41	41
72	41	41
-80	20	18
-77	21	18
-75	25	22
-75	27	23
-77	31	27
-76	32	28
-77	38	33
-77	40	35
-72	44	38
-69	44	38
-66	44	38
-63	44	38
-60	44	38
-57	44	38
-54	44	38
-52	44	38
-50	44	38
-47	44	38
-45	44	38
-43	44	38
-41	44	38
-39	44	38
-37	44	38
-35	44	38
-34	44	38
-32	44	38
-30	44	38
-29	44	38
-27	44	38
-23	44	38
-21	44	38
-20	43	38
-18	44	38
-17	44	38
-16	44	38
-14	44	38
-13	44	38
-12	44	38
-10	43	38
-9	44	38
-8	44	38
-6	44	38
-5	44	38
-4	44	38
-3	44	38
-2	44	38
-1	44	38
1	44	38
2	44	38
3	43	38
4	43	37
5	44	38
7	44	38
8	43	38
9	44	38
10	44	38
12	44	38
13	43	38
14	44	38
15	44	38
17	44	38
18	44	38
19	44	38
20	44	38
22	44	38
23	44	38
28	44	38
29	44	38
31	44	38
32	44	38
34	44	38
36	44	38
38	44	38
39	44	38
41	44	38
43	44	38
45	44	38
47	44	38
49	44	38
52	44	38
54	44	38
57	44	38
59	44	38
62	44	38
64	44	38
68	45	38
71	44	38
88	46	40
-80	20	18
-77	21	18
-73	21	19
-75	25	22
-75	27	23
-77	31	27
-76	33	28
-78	35	30
-77	38	33
-77	40	35
-72	44	38
-69	44	38
-66	44	38
-63	44	38
-60	44	38
-57	44	38
-55	44	38
-52	44	38
-50	44	38
-47	44	38
-45	44	38
-43	44	38
-41	44	38
-39	44	38
-37	44	38
-35	44	38
-34	44	38
-32	44	38
-30	44	38
-29	44	38
-27	44	38
-23	44	38
-21	44	38
-20	43	38
-18	44	38
-17	44	38
-15	44	38
-14	44	38
-13	44	38
-12	44	38
-10	43	38
-9	44	38
-8	44	38
-7	44	38
-5	43	38
-4	44	38
-3	44	38
-2	44	38
0	43	37
1	44	38
2	43	38
3	44	38
4	43	37
6	43	38
7	44	38
8	44	38
9	44	38
10	44	38
12	43	38
13	44	38
14	44	38
15	44	38
17	44	38
18	44	38
19	44	38
21	44	38
22	44	38
24	44	38
27	45	38
28	44	38
29	44	38
31	44	38
33	44	38
34	44	38
36	44	38
38	44	38
40	44	38
41	44	38
43	44	38
45	44	38
48	44	38
50	44	38
52	44	38
54	44	38
57	44	38
60	44	38
62	44	38
65	44	38
68	45	38
71	45	38
87	45	39
-79	20	15
-75	21	15
-74	22	17
-76	24	18
-75	26	19
-75	28	21
-75	31	23
-76	33	25
-77	38	28
-76	39	29
-78	44	33
-77	46	34
-36	49	37
-33	50	37
-32	50	37
-29	48	36
-27	49	36
4	49	36
6	50	37
27	50	37
28	50	37
30	50	37
32	50	37
34	50	37
35	50	37
37	50	37
39	50	37
41	50	37
43	50	37
45	50	37
47	50	37
50	50	37
52	51	38
54	50	37
57	51	38
59	50	37
62	50	37
65	51	38
68	51	38
71	51	38
91	57	42
88	52	39
89	48	35
-79	20	15
-75	21	16
-76	23	17
-76	24	18
-74	26	19
-75	28	21
-75	31	23
-75	33	25
-77	38	28
-76	39	29
-78	44	33
-77	46	34
-36	49	37
-30	51	38
-27	49	36
-25	49	36
-24	49	36
5	50	37
28	50	37
29	50	37
31	50	37
33	50	37
34	50	37
36	50	37
38	50	37
40	50	37
42	50	37
44	50	37
46	50	37
48	50	37
50	51	38
53	51	37
55	51	38
58	51	38
60	51	38
63	50	37
66	51	38
69	51	38
72	51	38
88	54	40
87	51	38
88	46	34
-80	18	12
-79	20	13
-75	21	13
-75	22	14
-75	24	15
-75	26	16
-76	28	18
-75	31	20
-75	37	24
-76	40	25
-76	44	28
-77	51	32
-76	53	33
-75	55	35
-75	58	37
-77	61	39
-73	61	39
-69	61	39
-66	61	39
-63	61	39
-60	61	38
-57	61	38
-54	61	38
-52	60	38
-49	60	38
-47	60	38
-44	60	38
-42	60	38
-40	60	38
-38	60	38
-36	60	38
-34	60	38
-32	60	38
-30	60	38
-28	60	38
-26	60	38
-24	60	38
-23	60	38
-21	60	38
-19	59	38
-18	59	38
-16	60	38
-14	60	38
-13	59	38
-11	59	37
-9	59	37
-8	59	37
-6	59	38
-5	59	37
-3	59	37
-2	59	37
0	59	37
1	59	37
2	59	37
4	59	37
6	59	37
7	59	37
8	59	37
10	59	37
11	59	37
13	59	37
15	59	37
16	59	37
18	59	37
19	59	37
21	59	37
22	59	37
24	59	37
26	59	37
28	59	37
29	59	37
31	59	37
33	59	37
35	59	37
37	59	37
39	59	37
41	59	37
43	59	37
45	59	37
47	59	37
49	59	37
52	59	37
54	59	37
57	59	37
59	59	37
62	59	38
65	59	37
68	59	38
71	59	38
74	59	38
78	59	38
87	60	38
88	58	37
88	52	33
88	45	28
-81	19	12
-78	20	13
-75	21	13
-75	23	14
-75	24	15
-75	26	17
-76	30	19
-75	32	20
-76	36	23
-76	38	24
-77	43	27
-77	45	28
-76	51	33
-76	54	34
-76	56	35
-75	59	37
-76	62	39
-72	62	39
-69	62	39
-66	61	39
-62	61	39
-59	61	39
-57	61	39
-54	61	39
-51	61	39
-49	61	38
-46	61	38
-44	61	38
-42	61	38
-40	60	38
-37	60	38
-35	60	38
-33	60	38
-31	60	38
-29	60	38
-28	60	38
-26	60	38
-24	60	38
-22	60	38
-20	60	38
-19	60	38
-17	60	38
-15	60	38
-14	60	38
-12	60	38
-11	59	38
-9	59	38
-8	59	38
-6	59	38
-4	59	37
-3	59	38
-1	59	38
0	59	38
2	59	37
3	59	38
5	59	37
6	59	37
8	59	37
9	59	37
11	59	37
12	59	37
14	59	37
15	59	37
17	59	37
18	59	37
20	59	37
22	59	37
23	59	37
25	59	37
27	59	37
28	59	37
30	59	37
32	59	37
34	59	37
36	59	37
38	59	37
40	59	37
42	59	37
44	59	37
46	59	37
48	59	37
50	59	37
53	59	37
55	59	37
58	59	37
61	59	38
64	59	37
67	59	38
70	59	37
73	59	38
76	59	38
87	59	37
88	54	34
87	51	32
89	47	30
-80	18	10
-77	19	10
-75	20	11
-74	22	12
-75	24	13
-75	26	14
-75	27	15
-75	29	16
-75	31	17
-76	36	19
-76	37	20
-41	25	13
-39	25	13
-36	25	13
-34	25	13
-33	25	13
-31	24	13
-29	24	13
-27	24	13
-26	24	13
-25	24	13
-23	24	13
-22	24	13
-21	24	13
-20	24	13
-19	24	13
-20	26	14
-20	27	14
-39	59	31
-36	59	31
-35	59	31
-33	59	31
-31	59	31
-29	58	31
-27	58	31
-25	58	31
-24	58	31
-22	58	31
-20	58	31
-19	58	31
-17	58	31
-16	58	31
-14	58	31
-13	58	31
-11	58	31
-9	58	31
-8	58	31
-7	58	31
-5	58	31
-4	58	31
-2	58	31
-1	57	31
0	58	31
2	58	31
3	58	31
5	58	31
6	57	31
7	58	31
9	58	31
10	57	31
12	57	31
13	57	31
15	57	31
16	57	31
18	57	30
19	57	30
21	57	31
22	57	30
24	57	30
25	57	31
27	57	30
29	57	31
31	57	30
32	57	31
34	57	31
36	57	31
38	57	30
40	57	31
42	57	31
44	57	31
46	58	31
48	58	31
50	58	31
53	58	31
55	57	31
58	57	31
60	58	31
63	58	31
66	58	31
69	58	31
73	58	31
76	58	31
87	58	31
88	53	28
88	50	27
88	45	24
88	43	23
-78	18	10
-75	19	10
-73	21	11
-76	23	12
-75	25	13
-75	26	14
-75	28	15
-75	30	16
-75	32	17
-75	36	19
-76	41	22
-43	25	14
-40	25	13
-37	25	13
-35	25	13
-33	25	13
-31	24	13
-30	24	13
-28	24	13
-27	24	13
-25	24	13
-24	24	13
-23	24	13
-21	23	12
-20	24	13
-20	24	13
-20	25	13
-20	27	14
-37	59	31
-35	59	31
-33	59	31
-32	59	31
-30	59	31
-28	58	31
-26	58	31
-24	58	31
-22	58	31
-21	58	31
-19	58	31
-18	58	31
-16	58	31
-15	58	31
-13	58	31
-12	58	31
-10	58	31
-9	58	31
-7	58	31
-6	58	31
-4	58	31
-3	58	31
-1	58	31
0	58	31
1	58	31
3	58	31
4	58	31
6	58	31
7	58	31
8	58	31
10	57	31
11	58	31
13	58	31
14	57	31
16	58	31
17	57	31
19	57	31
20	57	31
22	57	31
23	58	31
25	57	30
27	57	30
28	57	30
30	57	31
32	57	31
33	57	31
35	58	31
37	57	31
39	57	31
41	57	30
43	57	31
45	57	30
47	58	31
50	58	31
52	57	31
54	57	31
57	57	31
59	57	31
62	58	31
65	58	31
68	58	31
71	58	31
75	58	31
78	58	31
86	58	31
88	56	30
88	51	27
88	46	24
88	43	23
-78	17	7
-75	18	8
-73	20	9
-75	22	10
-75	24	10
-75	26	11
-75	29	13
-75	31	14
-75	35	15
-77	40	18
-42	25	11
-39	24	11
-37	24	11
-34	24	10
-33	24	10
-31	24	10
-29	23	10
-28	23	10
-26	23	10
-25	23	10
-23	23	10
-22	23	10
-21	23	10
-20	23	10
-19	24	10
-20	25	11
-20	26	11
-20	28	12
-20	29	13
-20	30	13
-20	31	14
-20	33	14
-30	57	25
-28	57	25
-26	57	25
-24	57	25
-23	57	25
-21	57	25
-20	57	25
-18	56	25
-17	56	25
-15	56	25
-14	56	25
-12	56	25
-11	56	24
-10	56	24
-8	56	24
-7	56	24
-5	56	24
-4	56	25
-3	56	25
-1	56	25
0	56	25
1	56	24
3	56	25
4	56	24
5	56	24
7	56	24
8	56	24
9	56	24
11	56	24
12	56	24
13	56	24
15	56	24
16	56	24
18	56	24
19	56	24
20	55	24
22	56	24
23	56	24
25	56	24
27	56	24
28	55	24
30	56	24
32	56	24
33	55	24
35	56	24
37	55	24
38	55	24
40	55	24
42	56	24
44	55	24
47	56	24
49	56	24
51	56	24
53	56	24
56	56	24
58	56	24
35	30	13
35	29	13
35	28	12
35	27	12
36	26	11
37	25	11
87	42	18
-77	17	8
-75	19	8
-74	20	9
-75	22	10
-75	24	10
-76	26	11
-75	30	13
-77	34	15
-76	36	16
-77	41	18
-42	25	11
-39	24	10
-37	24	11
-35	24	11
-33	24	10
-30	24	10
-29	24	10
-27	24	10
-26	24	10
-25	23	10
-23	23	10
-21	23	10
-20	23	10
-20	23	10
-19	24	10
-20	25	11
-20	26	11
-20	27	12
-20	31	14
-20	33	14
-29	57	25
-28	57	25
-26	57	25
-24	57	25
-23	57	25
-21	57	25
-19	57	25
-18	57	25
-16	56	25
-15	56	25
-13	56	25
-12	56	25
-10	56	24
-9	56	24
-8	56	24
-6	56	24
-5	56	24
-4	56	25
-2	56	25
-1	56	25
0	56	24
2	56	25
3	56	25
4	56	24
6	56	24
7	56	24
8	56	24
10	56	24
11	56	24
12	56	24
14	56	24
15	56	24
16	56	24
18	56	24
19	56	24
21	56	24
22	56	24
24	56	24
25	56	24
27	56	24
28	56	24
30	56	24
32	56	24
34	56	24
35	56	24
37	56	24
39	56	24
41	56	25
43	56	24
45	56	24
47	56	24
49	56	24
52	56	24
54	56	24
57	56	24
59	56	24
35	30	13
35	29	12
35	27	12
36	27	12
37	26	11
37	25	11
87	44	19
87	42	18
-79	15	5
-77	16	6
-75	18	6
-75	20	7
-75	21	7
-75	23	8
-75	25	9
-75	29	10
-75	31	11
-77	34	12
-76	36	12
-43	24	8
-41	24	8
-38	23	8
-35	23	8
-33	23	8
-32	23	8
-30	23	8
-28	23	8
-27	23	8
-25	23	8
-24	23	8
-23	23	8
-22	23	8
-21	23	8
-20	23	8
-19	24	8
-20	25	9
-20	26	9
-20	27	9
-20	28	10
-20	29	10
-20	31	11
-20	32	11
-20	34	12
-20	35	12
-20	38	13
-20	40	14
-22	56	19
-21	56	19
-20	56	19
-18	55	19
-16	55	19
-15	55	19
-14	55	19
-12	55	19
-11	55	19
-10	55	19
-8	55	19
-7	55	19
-6	55	19
-4	55	19
-3	55	19
-2	55	19
-1	55	19
1	55	19
2	55	19
3	55	19
5	55	19
6	55	19
7	55	19
8	55	19
10	55	19
11	55	19
12	55	19
14	55	19
15	55	19
16	55	19
18	55	19
19	54	19
21	55	19
22	55	19
23	54	19
25	55	19
26	55	19
28	55	19
30	55	19
31	55	19
33	55	19
35	55	19
36	55	19
38	55	19
40	55	19
42	55	19
44	55	19
46	55	19
48	55	19
51	55	19
53	55	19
55	55	19
34	29	10
34	28	10
35	27	9
35	26	9
36	25	9
37	25	9
38	24	8
75	33	11
-78	15	5
-77	17	6
-75	18	6
-74	20	7
-76	22	8
-75	23	8
-77	26	9
-77	28	10
-75	29	10
-76	31	11
-77	34	12
-76	36	12
-43	24	8
-40	24	8
-38	24	8
-35	23	8
-33	23	8
-32	23	8
-30	23	8
-28	23	8
-26	23	8
-25	23	8
-24	23	8
-23	22	8
-22	23	8
-21	23	8
-20	23	8
-20	24	8
-20	25	9
-20	26	9
-20	27	9
-20	28	10
-20	30	10
-20	32	11
-20	33	11
-20	35	12
-20	38	13
-20	41	14
-22	56	19
-21	56	19
-19	55	19
-18	56	19
-16	56	19
-15	55	19
-13	55	19
-12	55	19
-11	55	19
-9	55	19
-8	55	19
-7	55	19
-5	55	19
-4	55	19
-3	55	19
-2	55	19
0	55	19
1	55	19
2	55	19
4	55	19
5	55	19
6	55	19
7	55	19
9	55	19
10	55	19
11	55	19
13	55	19
14	55	19
15	55	19
17	55	19
18	54	19
19	55	19
21	54	19
22	54	19
24	54	19
25	54	19
27	54	19
28	55	19
30	54	19
32	55	19
33	55	19
35	54	19
37	54	19
39	55	19
40	54	19
42	54	19
44	55	19
46	55	19
49	55	19
51	55	19
53	55	19
56	55	19
34	30	11
34	29	10
34	27	10
35	27	9
35	26	9
36	25	9
37	25	9
38	24	8
73	38	13
87	41	14
75	33	11
-81	13	4
-74	14	4
-75	16	4
-75	18	5
-74	20	5
-75	22	6
-75	24	6
-77	26	7
-76	28	7
-75	30	8
-75	32	8
-76	34	9
-76	36	9
-39	23	6
-36	23	6
-34	23	6
-32	23	6
-30	22	6
-29	22	6
-27	22	6
-26	22	6
-24	22	6
-23	22	6
-22	22	6
-20	22	6
-20	23	6
-20	24	6
-20	25	7
-20	27	7
-20	28	7
-20	29	8
-20	30	8
-20	32	8
-20	33	9
-20	35	9
-20	37	10
-19	38	10
-20	40	10
-22	54	14
-20	54	14
-19	54	14
-17	54	14
-16	54	14
-14	54	14
-13	54	14
-12	54	14
-10	54	14
-9	54	14
-8	54	14
-7	54	14
-5	54	14
-4	54	14
-3	54	14
-1	54	14
0	54	14
1	54	14
2	54	14
3	54	14
5	54	14
6	54	14
7	54	14
8	53	14
10	53	14
11	53	14
12	53	14
14	53	14
15	53	14
16	53	14
17	53	14
19	54	14
20	54	14
22	54	14
23	53	14
24	53	14
26	53	14
27	53	14
29	53	14
30	53	14
32	53	14
34	53	14
35	53	14
37	53	14
39	53	14
39	50	13
36	44	11
36	42	11
35	39	10
38	36	9
35	32	8
33	29	7
33	27	7
33	26	7
34	25	6
34	24	6
35	24	6
36	23	6
37	23	6
88	42	11
88	39	10
76	32	8
88	35	9
-82	13	3
-74	14	4
-76	16	4
-75	17	5
-74	19	5
-75	21	6
-75	23	6
-74	25	6
-76	27	7
-75	29	7
-75	31	8
-77	33	9
-76	35	9
-42	23	6
-39	23	6
-37	23	6
-34	22	6
-32	23	6
-31	23	6
-29	23	6
-28	23	6
-26	22	6
-25	22	6
-23	22	6
-22	22	6
-21	22	6
-20	22	6
-20	23	6
-20	24	6
-20	25	6
-19	26	7
-20	27	7
-20	28	7
-20	30	8
-20	31	8
-20	32	8
-20	34	9
-20	36	9
-20	38	10
-20	39	10
-20	42	11
-22	55	14
-21	55	14
-19	54	14
-18	55	14
-16	54	14
-15	54	14
-14	54	14
-12	54	14
-11	54	14
-9	54	14
-8	54	14
-7	54	14
-6	54	14
-4	54	14
-3	54	14
-2	54	14
-1	54	14
1	54	14
2	54	14
3	54	14
4	54	14
6	54	14
7	54	14
8	53	14
9	54	14
10	54	14
12	54	14
13	54	14
15	53	14
16	54	14
17	53	14
18	53	14
20	53	14
21	53	14
23	53	14
24	53	14
25	54	14
27	53	14
29	53	14
30	54	14
32	53	14
33	54	14
35	53	14
37	54	14
39	53	14
41	54	14
36	45	12
36	43	11
35	40	10
38	37	10
39	37	9
34	30	8
33	27	7
33	26	7
34	25	7
34	25	6
35	24	6
36	23	6
37	23	6
39	23	6
88	43	11
88	40	10
-83	11	2
-80	12	2
-74	13	2
-76	15	3
-75	17	3
-73	18	3
-75	21	4
-75	22	4
-76	24	4
-76	26	5
-75	28	5
-76	30	5
-76	33	6
-76	34	6
-42	23	4
-40	23	4
-36	22	4
-34	22	4
-32	22	4
-30	22	4
-29	22	4
-27	22	4
-26	22	4
-24	22	4
-23	21	4
-22	21	4
-21	22	4
-20	22	4
-19	22	4
-20	23	4
-20	25	4
-20	26	4
-20	27	5
-20	28	5
-20	29	5
-19	31	5
-20	32	6
-20	34	6
-20	35	6
-20	37	6
-20	39	7
-22	54	9
-21	53	9
-19	54	9
-18	53	9
-17	53	9
-15	54	9
-14	53	9
-12	53	9
-11	53	9
-10	53	9
-9	53	9
-7	53	9
-6	53	9
-5	53	9
-3	53	9
-2	53	9
-1	53	9
0	53	9
1	53	9
3	53	9
4	53	9
5	53	9
6	53	9
7	53	9
9	53	9
10	53	9
11	52	9
12	52	9
14	53	9
15	53	9
16	53	9
18	52	9
19	53	9
20	52	9
22	52	9
23	52	9
24	52	9
26	52	9
27	52	9
29	52	9
30	52	9
32	53	9
34	53	9
35	53	9
36	50	9
34	46	8
33	42	7
33	39	7
33	37	6
33	36	6
34	35	6
36	36	6
37	36	6
34	31	5
33	28	5
33	27	5
33	26	4
33	24	4
34	24	4
35	23	4
36	23	4
37	22	4
39	22	4
74	36	6
34	14	2
34	13	2
33	12	2
33	11	2
34	11	2
-81	12	2
-72	12	2
-73	14	2
-75	16	3
-75	18	3
-73	20	3
-75	22	4
-75	24	4
-75	28	5
-76	30	5
-76	32	6
-75	34	6
-43	23	4
-40	23	4
-37	22	4
-35	22	4
-33	22	4
-31	22	4
-29	22	4
-27	22	4
-26	22	4
-24	22	4
-23	21	4
-22	21	4
-21	22	4
-20	22	4
-20	23	4
-20	23	4
-20	24	4
-20	25	4
-20	26	5
-19	28	5
-20	29	5
-20	31	5
-20	32	5
-20	33	6
-20	35	6
-20	37	6
-20	38	7
-20	42	7
-21	54	9
-20	53	9
-18	53	9
-17	53	9
-15	53	9
-14	53	9
-13	53	9
-11	53	9
-10	53	9
-9	53	9
-8	53	9
-6	53	9
-5	53	9
-4	53	9
-2	53	9
-1	53	9
0	53	9
1	53	9
2	53	9
3	53	9
5	53	9
6	53	9
7	53	9
8	53	9
10	53	9
11	53	9
12	53	9
14	53	9
15	53	9
16	53	9
17	53	9
19	53	9
20	53	9
21	53	9
23	53	9
24	53	9
26	53	9
27	52	9
29	53	9
30	53	9
32	52	9
33	53	9
35	53	9
37	53	9
34	46	8
34	43	7
33	39	7
33	38	7
33	36	6
33	35	6
36	36	6
37	36	6
34	31	5
33	28	5
33	27	5
33	26	4
33	25	4
34	24	4
35	23	4
35	23	4
37	22	4
39	23	4
34	14	3
33	13	2
33	12	2
33	11	2
33	10	2
-83	9	1
-79	11	1
-77	13	1
-74	14	1
-75	16	1
-75	18	2
-73	19	2
-75	21	2
-75	23	2
-78	26	2
-75	27	2
-76	29	3
-75	31	3
-75	33	3
-43	23	2
-40	22	2
-37	22	2
-35	22	2
-32	22	2
-31	22	2
-29	21	2
-27	21	2
-26	21	2
-24	21	2
-23	21	2
-22	21	2
-21	21	2
-20	22	2
-20	22	2
-20	23	2
-20	24	2
-20	25	2
-20	26	2
-20	27	2
-20	28	2
-20	30	3
-20	32	3
-20	33	3
-20	36	3
-20	38	3
-21	53	5
-20	53	5
-18	53	5
-17	53	5
-16	53	5
-14	53	5
-13	52	5
-12	53	5
-10	52	5
-9	53	5
-8	52	5
-7	52	5
-5	52	5
-4	52	5
-3	52	5
-2	52	5
0	52	5
1	52	5
2	52	5
3	52	5
4	52	5
6	52	5
7	52	5
8	52	5
9	52	5
10	52	5
12	52	5
13	52	5
14	52	5
15	52	5
17	52	5
18	52	5
19	52	5
21	52	5
22	52	5
23	52	5
25	52	5
26	52	5
28	51	5
29	52	5
31	52	5
33	52	5
34	52	5
36	52	5
34	47	4
33	43	4
32	39	3
32	37	3
33	37	3
33	35	3
34	34	3
35	33	3
37	34	3
34	29	3
33	28	2
33	26	2
33	25	2
33	24	2
33	22	2
33	21	2
33	20	2
33	19	2
33	18	2
33	17	1
33	16	1
33	15	1
33	14	1
33	13	1
33	12	1
33	11	1
33	11	1
-83	9	1
-79	11	1
-74	14	1
-75	16	1
-75	18	2
-73	19	2
-75	21	2
-75	23	2
-75	27	2
-76	29	3
-76	31	3
-75	33	3
-43	22	2
-39	22	2
-37	22	2
-35	22	2
-33	22	2
-30	21	2
-29	21	2
-27	21	2
-26	21	2
-24	21	2
-23	21	2
-22	21	2
-20	21	2
-20	22	2
-19	22	2
-19	23	2
-20	24	2
-20	25	2
-20	26	2
-20	27	2
-20	29	3
-20	34	3
-20	36	3
-20	38	3
-22	53	5
-21	53	5
-19	53	5
-18	53	5
-17	53	5
-15	53	5
-14	53	5
-13	53	5
-11	52	5
-10	52	5
-9	52	5
-8	52	5
-6	52	5
-5	52	5
-4	52	5
-2	52	5
-1	52	5
0	52	5
1	52	5
2	52	5
4	52	5
5	52	5
6	52	5
7	52	5
8	52	5
9	52	5
11	52	5
12	52	5
13	52	5
14	52	5
16	52	5
17	52	5
18	52	5
20	52	5
21	52	5
22	52	5
24	52	5
25	52	5
27	52	5
28	52	5
30	52	5
32	52	5
33	52	5
35	52	5
37	52	5
33	45	4
33	41	4
32	38	3
32	37	3
33	36	3
33	35	3
34	34	3
35	34	3
35	32	3
33	28	2
33	26	2
33	25	2
33	24	2
33	23	2
33	22	2
33	21	2
33	20	2
33	19	2
33	18	2
33	17	1
33	16	1
33	15	1
33	14	1
33	13	1
33	12	1
33	11	1
33	10	1
35	10	1
-83	8	0
-79	9	0
-77	11	0
-74	12	0
-76	14	0
-75	16	0
-73	18	0
-75	19	0
-74	21	0
-74	23	0
-75	27	0
-76	31	0
-75	33	0
-41	21	0
-38	21	0
-36	21	0
-34	21	0
-32	21	0
-30	21	0
-28	21	0
-26	21	0
-25	21	0
-24	21	0
-23	21	0
-22	21	0
-20	21	0
-20	21	0
-20	22	0
-19	23	0
-20	24	0
-19	25	0
-20	26	0
-20	27	0
-20	28	0
-20	29	0
-20	31	0
-20	33	0
-20	34	0
-20	36	0
-20	37	0
-20	40	0
-23	52	0
-21	52	0
-20	52	0
-18	52	0
-17	52	0
-15	52	0
-14	52	0
-13	51	0
-11	51	0
-10	51	0
-9	51	0
-8	51	0
-6	51	0
-5	51	0
-4	51	0
-3	51	0
-2	51	0
0	51	0
1	51	0
2	51	0
3	51	0
4	51	0
6	51	0
7	51	0
8	51	0
9	51	0
10	51	0
12	51	0
13	51	0
14	51	0
15	51	0
16	51	0
18	51	0
19	51	0
20	51	0
22	51	0
23	51	0
25	51	0
26	51	0
27	51	0
29	51	0
31	51	0
32	51	0
34	51	0
35	51	0
32	44	0
31	39	0
31	37	0
32	37	0
32	35	0
33	34	0
33	34	0
34	33	0
35	32	0
34	30	0
33	27	0
33	25	0
33	24	0
34	24	0
33	22	0
33	21	0
33	20	0
33	19	0
33	18	0
33	17	0
33	16	0
33	15	0
33	14	0
33	13	0
33	12	0
33	11	0
33	10	0
-83	8	0
-79	9	0
-77	11	0
-74	12	0
-76	14	0
-75	16	0
-73	17	0
-73	19	0
-75	21	0
-74	23	0
-75	27	0
-75	29	0
-76	31	0
-75	33	0
-41	21	0
-38	21	0
-36	21	0
-34	21	0
-32	21	0
-30	21	0
-28	21	0
-27	21	0
-25	21	0
-23	21	0
-22	21	0
-21	21	0
-20	21	0
-20	21	0
-20	22	0
-19	23	0
-20	24	0
-20	25	0
-20	26	0
-20	27	0
-20	28	0
-20	30	0
-20	31	0
-20	33	0
-20	34	0
-20	36	0
-20	38	0
-20	40	0
-22	52	0
-21	52	0
-19	52	0
-18	52	0
-17	52	0
-15	52	0
-14	52	0
-13	52	0
-11	52	0
-10	52	0
-9	52	0
-8	51	0
-6	51	0
-5	51	0
-4	51	0
-3	51	0
-1	51	0
0	51	0
1	51	0
2	51	0
3	51	0
4	51	0
6	51	0
7	51	0
8	51	0
9	51	0
11	51	0
12	51	0
13	51	0
14	51	0
15	51	0
17	51	0
18	51	0
19	51	0
21	51	0
22	51	0
23	51	0
25	51	0
26	51	0
28	51	0
29	51	0
31	51	0
32	51	0
34	51	0
36	51	0
32	43	0
31	39	0
31	37	0
32	36	0
33	35	0
33	34	0
34	33	0
34	33	0
35	32	0
33	28	0
33	26	0
33	25	0
33	24	0
33	23	0
33	22	0
33	21	0
33	20	0
33	18	0
33	18	0
33	17	0
33	15	0
33	14	0
33	14	0
33	13	0
33	12	0
33	11	0
33	10	0
-85	5	0
-82	7	-1
-78	8	-1
-77	10	-1
-77	12	-1
-74	13	-1
-76	15	-1
-75	16	-1
-73	18	-2
-75	20	-2
-75	22	-2
-75	26	-2
-76	28	-2
-75	31	-3
-43	21	-2
-39	21	-2
-36	21	-2
-35	21	-2
-33	21	-2
-31	21	-2
-29	20	-2
-27	20	-2
-26	20	-2
-24	20	-2
-23	20	-2
-22	20	-2
-20	20	-2
-20	20	-2
-20	21	-2
-20	22	-2
-20	23	-2
-20	24	-2
-20	25	-2
-20	26	-2
-20	27	-2
-20	28	-3
-20	30	-3
-19	31	-3
-20	33	-3
-20	35	-3
-20	36	-3
-20	38	-3
-20	41	-4
-22	51	-5
-20	51	-5
-19	51	-5
-17	51	-5
-16	51	-5
-15	51	-5
-13	51	-5
-12	51	-5
-11	51	-5
-10	51	-5
-8	51	-5
-7	51	-5
-6	51	-5
-4	50	-5
-3	51	-5
-2	50	-5
-1	50	-5
0	50	-5
2	50	-5
3	50	-5
4	50	-5
5	50	-5
6	50	-5
7	50	-5
9	50	-5
10	50	-5
11	50	-5
12	50	-5
13	50	-5
15	50	-5
16	50	-5
17	50	-5
19	50	-5
20	50	-5
21	50	-4
23	50	-5
24	50	-5
25	50	-4
27	50	-5
28	50	-4
30	50	-5
32	50	-4
33	50	-4
35	50	-5
32	43	-4
31	39	-4
31	37	-3
31	36	-3
32	35	-3
32	34	-3
33	33	-3
33	32	-3
34	32	-3
36	31	-3
33	27	-2
33	25	-2
33	24	-2
33	23	-2
33	22	-2
33	21	-2
33	20	-2
33	19	-2
33	18	-2
33	17	-2
33	16	-1
33	15	-1
33	14	-1
33	13	-1
33	12	-1
33	11	-1
33	11	-1
33	10	-1
35	9	-1
-82	6	-1
-78	8	-1
-78	10	-1
-77	11	-1
-74	13	-1
-75	15	-1
-75	16	-1
-75	18	-2
-76	20	-2
-75	22	-2
-76	26	-2
-75	27	-2
-75	31	-3
-75	33	-3
-44	22	-2
-40	21	-2
-39	22	-2
-35	21	-2
-33	21	-2
-31	21	-2
-29	20	-2
-27	20	-2
-26	20	-2
-24	20	-2
-23	20	-2
-22	20	-2
-21	20	-2
-20	20	-2
-20	21	-2
-20	22	-2
-20	23	-2
-20	24	-2
-20	25	-2
-20	26	-2
-20	27	-2
-20	28	-3
-20	29	-3
-20	31	-3
-20	33	-3
-20	35	-3
-20	36	-3
-20	38	-3
-20	40	-4
-22	51	-5
-20	51	-5
-19	51	-5
-17	51	-5
-16	51	-5
-15	51	-5
-13	51	-5
-12	51	-5
-11	51	-5
-9	51	-5
-8	51	-5
-7	51	-5
-6	51	-5
-5	50	-5
-3	51	-5
-2	50	-5
-1	50	-5
0	50	-5
1	50	-5
3	50	-5
4	50	-5
5	50	-5
6	50	-5
7	50	-5
9	50	-5
10	50	-5
11	50	-5
12	50	-5
14	50	-5
15	50	-5
16	50	-5
17	50	-5
19	50	-5
20	50	-5
22	50	-5
23	50	-5
24	50	-5
26	50	-5
27	50	-5
29	50	-5
30	50	-5
32	50	-5
34	50	-5
35	50	-5
32	42	-4
31	39	-4
31	37	-3
31	36	-3
32	35	-3
32	34	-3
33	33	-3
34	32	-3
34	29	-3
33	27	-2
33	25	-2
33	24	-2
33	23	-2
33	22	-2
33	21	-2
33	20	-2
33	19	-2
33	18	-2
33	17	-1
33	16	-1
33	15	-1
33	14	-1
33	13	-1
33	12	-1
33	11	-1
33	10	-1
33	10	-1
-83	5	-1
-79	6	-1
-78	8	-2
-77	10	-2
-77	11	-2
-74	13	-2
-76	14	-3
-75	16	-3
-78	19	-3
-75	20	-4
-75	21	-4
-77	24	-4
-76	25	-5
-75	27	-5
-75	31	-6
-76	33	-6
-43	21	-4
-39	20	-4
-38	21	-4
-35	20	-4
-33	20	-4
-30	20	-4
-29	20	-4
-27	20	-4
-26	20	-4
-24	20	-4
-23	20	-4
-22	20	-4
-21	20	-4
-20	20	-4
-20	20	-4
-19	21	-4
-20	22	-4
-19	23	-4
-20	24	-4
-20	25	-5
-20	27	-5
-20	28	-5
-20	29	-5
-20	30	-6
-20	32	-6
-20	34	-6
-20	37	-7
-22	50	-9
-21	50	-9
-19	50	-9
-18	50	-9
-16	50	-9
-15	50	-9
-13	50	-9
-12	50	-9
-11	50	-9
-10	50	-9
-8	50	-9
-7	50	-9
-6	50	-9
-5	50	-9
-3	50	-9
-2	50	-9
-1	50	-9
0	50	-9
2	50	-9
3	50	-9
4	50	-9
5	50	-9
6	50	-9
8	49	-9
9	49	-9
10	49	-9
11	49	-9
12	49	-9
14	49	-9
15	49	-9
16	49	-9
18	49	-9
19	49	-9
20	49	-9
22	49	-9
23	49	-9
25	49	-9
26	49	-9
27	49	-9
29	49	-9
30	49	-9
32	49	-9
34	49	-9
35	49	-9
31	40	-7
31	38	-7
31	36	-7
31	35	-6
32	34	-6
32	33	-6
33	32	-6
34	31	-6
35	31	-6
34	28	-5
33	26	-5
33	25	-5
33	24	-4
33	23	-4
33	22	-4
33	20	-4
33	19	-4
33	18	-3
33	17	-3
33	16	-3
33	15	-3
33	15	-3
33	13	-2
33	13	-2
33	12	-2
33	11	-2
33	10	-2
33	10	-2
35	9	-2
37	9	-2
-115	5	-1
-80	6	-1
-78	7	-1
-78	9	-2
-77	11	-2
-74	12	-2
-76	14	-3
-75	15	-3
-74	17	-3
-78	20	-4
-75	21	-4
-75	22	-4
-77	25	-5
-75	26	-5
-76	30	-6
-75	31	-6
-75	34	-6
-40	20	-4
-38	20	-4
-35	20	-4
-33	20	-4
-31	20	-4
-30	20	-4
-28	20	-4
-26	20	-4
-25	20	-4
-23	20	-4
-22	19	-4
-21	20	-4
-20	20	-4
-20	20	-4
-19	21	-4
-20	22	-4
-20	23	-4
-20	24	-4
-20	25	-5
-20	26	-5
-20	27	-5
-20	28	-5
-20	30	-6
-20	31	-6
-20	33	-6
-20	34	-6
-20	36	-7
-20	38	-7
-22	50	-9
-21	50	-9
-20	50	-9
-18	50	-9
-17	50	-9
-15	50	-9
-14	50	-9
-13	50	-9
-11	50	-9
-10	50	-9
-9	50	-9
-8	50	-9
-6	50	-9
-5	50	-9
-4	50	-9
-3	50	-9
-1	50	-9
0	50	-9
1	50	-9
2	49	-9
4	50	-9
5	50	-9
6	50	-9
7	49	-9
8	49	-9
10	49	-9
11	49	-9
12	49	-9
13	49	-9
15	49	-9
16	49	-9
17	49	-9
19	49	-9
20	49	-9
21	49	-9
23	49	-9
24	49	-9
25	49	-9
27	49	-9
28	49	-9
30	49	-9
32	49	-9
33	49	-9
35	49	-9
32	42	-8
31	38	-7
31	37	-7
31	35	-6
32	34	-6
33	33	-6
33	32	-6
33	31	-6
35	31	-6
33	26	-5
33	25	-5
33	24	-4
33	23	-4
33	22	-4
33	21	-4
33	19	-4
33	18	-3
33	18	-3
33	16	-3
33	16	-3
33	15	-3
33	14	-3
33	13	-2
33	12	-2
33	11	-2
33	10	-2
33	10	-2
39	9	-2
-112	4	-1
-79	5	-1
-78	7	-2
-78	8	-2
-77	10	-3
-73	11	-3
-74	13	-4
-75	15	-4
-75	16	-5
-75	18	-5
-75	19	-6
-75	21	-6
-76	25	-7
-75	26	-7
-75	28	-8
-75	30	-9
-75	32	-9
-39	20	-6
-37	20	-6
-34	20	-6
-32	20	-6
-31	20	-6
-29	20	-6
-27	19	-5
-26	19	-6
-24	19	-5
-23	19	-5
-22	19	-5
-21	19	-5
-20	19	-6
-20	20	-6
-20	21	-6
-20	22	-6
-20	22	-6
-20	26	-7
-20	27	-8
-20	28	-8
-20	30	-8
-20	32	-9
-20	33	-9
-20	35	-10
-20	36	-10
-20	38	-11
-22	49	-14
-21	49	-14
-19	49	-14
-18	49	-14
-16	49	-14
-15	49	-14
-14	49	-14
-12	49	-14
-11	49	-14
-10	49	-14
-8	49	-14
-7	49	-14
-6	49	-14
-5	49	-14
-3	49	-14
-2	49	-14
-1	49	-14
0	49	-14
2	49	-14
3	49	-14
4	49	-14
5	49	-14
6	49	-14
8	49	-14
9	49	-14
10	49	-14
11	49	-14
13	48	-14
14	48	-14
15	49	-14
17	49	-14
18	48	-14
19	48	-14
21	48	-14
22	48	-14
23	48	-14
25	48	-14
26	48	-14
28	48	-14
29	48	-14
31	48	-14
33	48	-14
34	48	-14
32	42	-12
31	39	-11
31	37	-11
31	35	-10
31	33	-10
31	32	-9
32	31	-9
33	31	-9
34	30	-9
35	30	-9
34	27	-8
33	25	-7
33	24	-7
33	23	-7
34	22	-6
33	21	-6
33	20	-6
33	19	-5
33	18	-5
33	17	-5
33	16	-5
33	15	-4
33	14	-4
33	13	-4
33	12	-4
33	11	-3
33	11	-3
33	10	-3
33	9	-3
87	15	-4
88	13	-4
-112	4	-1
-79	5	-1
-78	7	-2
-77	8	-2
-77	10	-3
-73	11	-3
-74	13	-4
-75	14	-4
-75	16	-5
-73	17	-5
-75	19	-6
-75	21	-6
-75	24	-7
-75	26	-7
-75	28	-8
-75	30	-9
-76	32	-9
-41	20	-6
-39	20	-6
-38	20	-6
-35	20	-6
-33	20	-6
-30	19	-6
-29	19	-6
-27	19	-6
-26	19	-6
-24	19	-5
-23	19	-5
-22	19	-5
-21	19	-5
-20	20	-6
-20	20	-6
-20	21	-6
-19	22	-6
-19	23	-6
-20	26	-7
-20	27	-8
-20	28	-8
-20	30	-8
-20	32	-9
-20	33	-9
-20	35	-10
-20	36	-10
-20	38	-11
-22	50	-14
-21	49	-14
-19	49	-14
-18	49	-14
-16	49	-14
-15	49	-14
-14	49	-14
-12	49	-14
-11	49	-14
-9	49	-14
-8	49	-14
-7	49	-14
-6	49	-14
-5	49	-14
-3	49	-14
-2	49	-14
-1	49	-14
0	49	-14
2	49	-14
3	49	-14
4	49	-14
5	49	-14
7	49	-14
8	49	-14
9	49	-14
10	49	-14
12	49	-14
13	48	-14
14	48	-14
15	48	-14
17	48	-14
18	48	-14
20	48	-14
21	48	-14
22	48	-14
24	48	-14
25	48	-14
26	48	-14
28	48	-14
30	48	-14
31	48	-14
33	48	-14
34	48	-14
31	41	-12
31	38	-11
31	36	-10
31	35	-10
31	33	-10
32	32	-9
32	31	-9
33	31	-9
34	30	-9
35	29	-8
33	27	-8
32	25	-7
33	24	-7
33	23	-7
34	22	-6
33	21	-6
33	20	-6
33	19	-5
33	18	-5
33	17	-5
33	16	-4
33	15	-4
33	14	-4
33	13	-4
33	12	-3
33	11	-3
33	11	-3
33	10	-3
33	9	-3
87	15	-4
86	9	-4
-114	-1	0
-107	1	-1
-108	4	-1
-79	5	-2
-78	6	-2
-77	8	-3
-77	9	-4
-77	11	-4
-74	12	-5
-75	14	-5
-75	15	-6
-75	17	-7
-76	18	-7
-75	20	-8
-75	21	-8
-75	25	-10
-69	28	-11
-67	29	-11
-38	19	-8
-37	20	-8
-34	19	-8
-32	19	-8
-30	19	-8
-29	19	-8
-27	19	-8
-26	19	-8
-24	19	-7
-23	19	-7
-22	19	-7
-21	19	-8
-20	19	-8
-19	21	-8
-19	22	-9
-19	23	-9
-20	24	-10
-20	25	-10
-20	26	-10
-20	28	-11
-19	29	-11
-18	29	-11
-17	29	-11
-16	29	-11
-15	29	-11
-14	29	-11
-14	29	-11
-13	29	-11
-12	29	-11
-11	29	-11
-10	28	-11
-9	29	-11
-8	29	-11
-8	28	-11
-7	29	-11
-6	28	-11
-5	28	-11
-4	28	-11
-3	28	-11
-3	28	-11
-2	28	-11
-1	29	-11
-1	28	-11
0	28	-11
1	28	-11
2	28	-11
3	29	-11
3	29	-11
4	29	-11
5	28	-11
5	28	-11
6	29	-11
7	29	-11
8	29	-11
9	29	-11
9	29	-11
10	29	-11
11	29	-11
12	29	-11
13	29	-11
14	29	-11
14	29	-11
15	29	-11
16	29	-11
17	29	-11
18	29	-11
19	29	-11
20	29	-12
21	29	-12
22	29	-11
23	29	-11
24	29	-11
25	29	-11
27	29	-12
28	29	-11
29	29	-12
31	29	-12
32	29	-12
34	30	-12
35	30	-12
33	26	-10
33	25	-10
33	24	-9
33	22	-9
33	22	-9
33	21	-8
33	19	-8
33	18	-7
33	18	-7
33	17	-7
33	16	-6
33	15	-6
33	14	-5
34	13	-5
33	12	-5
33	12	-5
33	11	-4
33	10	-4
33	9	-4
33	9	-3
91	18	-7
86	15	-6
87	14	-5
86	12	-5
-114	-1	0
-107	1	-1
-108	3	-1
-79	4	-2
-78	6	-2
-78	8	-3
-77	9	-4
-76	11	-4
-74	12	-5
-76	14	-5
-75	15	-6
-75	17	-7
-73	18	-7
-75	20	-8
-75	21	-8
-75	25	-10
-70	28	-11
-67	29	-11
-39	20	-8
-37	20	-8
-34	19	-8
-32	19	-8
-31	19	-8
-29	19	-8
-27	19	-8
-26	19	-7
-24	19	-8
-23	19	-7
-21	19	-7
-21	19	-8
-20	19	-8
-20	21	-8
-19	22	-9
-19	23	-9
-20	24	-10
-20	25	-10
-20	26	-10
-20	28	-11
-19	29	-11
-18	29	-11
-17	29	-11
-16	29	-11
-15	29	-11
-14	29	-11
-13	29	-11
-12	29	-11
-12	29	-11
-11	29	-11
-10	29	-11
-9	29	-11
-8	28	-11
-7	28	-11
-7	28	-11
-6	28	-11
-5	28	-11
-4	28	-11
-3	28	-11
-3	28	-11
-2	28	-11
-1	28	-11
0	28	-11
0	28	-11
1	28	-11
2	28	-11
3	28	-11
3	29	-11
4	29	-11
5	28	-11
5	28	-11
6	29	-11
7	29	-11
8	29	-11
9	29	-11
9	29	-11
10	29	-11
11	29	-11
12	29	-11
13	29	-11
14	29	-11
15	29	-11
15	29	-11
16	29	-11
17	29	-11
18	29	-11
19	29	-11
20	29	-11
21	29	-12
23	29	-11
24	29	-11
25	29	-11
26	29	-12
27	29	-12
29	29	-12
30	29	-12
31	30	-12
32	29	-12
34	30	-12
34	27	-10
33	25	-10
32	23	-9
33	22	-9
33	21	-8
33	20	-8
33	19	-8
33	18	-7
33	17	-7
33	16	-6
33	16	-6
33	14	-6
33	14	-5
33	13	-5
33	12	-5
33	11	-4
33	11	-4
33	10	-4
33	9	-4
38	9	-3
86	15	-6
87	13	-5
86	11	-4
