0	0	0
-214	69	130
-215	73	137
-207	73	138
-198	74	138
-189	73	138
-182	74	138
-175	74	139
-169	75	140
-161	74	139
-153	74	139
-148	74	139
-141	74	139
-136	74	139
-130	74	140
-124	74	139
-119	74	139
-115	75	140
-109	74	140
-104	74	139
-100	75	140
-96	74	140
-91	74	140
-87	74	140
-83	75	141
-78	74	140
-75	75	140
-71	75	140
-67	74	140
-63	74	140
-59	75	140
-56	74	140
-52	74	140
-49	74	140
-45	74	140
-42	74	140
-39	74	140
-35	74	140
-32	75	140
-29	75	140
-25	74	140
-22	75	140
-19	75	141
-16	75	141
-13	75	141
-10	75	141
-6	75	141
-3	75	142
0	75	141
3	75	142
6	75	141
9	75	142
13	75	141
16	75	141
19	75	141
22	75	141
25	75	141
28	75	141
32	75	141
35	75	141
38	75	141
42	75	142
45	76	142
49	76	142
14	16	29
22	20	37
23	20	38
24	20	37
25	20	37
26	20	37
27	20	37
29	20	37
30	20	37
31	20	37
32	20	38
34	20	38
35	20	38
-214	64	120
-210	69	130
-213	73	137
-205	74	138
-196	74	138
-187	73	138
-179	73	138
-172	74	139
-166	74	139
-157	73	138
-152	74	139
-145	74	139
-138	74	138
-134	74	140
-128	74	139
-122	74	139
-118	74	140
-113	74	140
-107	74	139
-103	74	139
-98	74	139
-94	74	140
-90	75	140
-86	75	141
-81	75	140
-77	75	140
-73	75	140
-69	75	140
-65	75	140
-62	74	140
-58	74	140
-54	74	139
-51	74	140
-47	74	140
-44	75	140
-40	75	140
-37	75	140
-34	75	140
-30	75	140
-27	74	140
-24	75	140
-21	75	141
-17	75	140
-14	75	141
-11	75	141
-8	75	141
-5	75	141
-1	75	141
2	75	142
5	75	142
8	75	141
11	75	142
14	75	141
18	75	142
21	75	142
24	75	141
27	75	141
31	75	142
34	76	142
37	76	142
41	76	142
44	76	143
48	76	142
13	16	30
22	20	37
24	20	38
25	20	37
26	20	38
27	20	37
28	20	37
30	20	38
31	20	38
32	20	37
34	20	37
35	20	37
36	20	38
-217	78	123
-211	79	125
-214	84	133
-205	84	133
-196	84	133
-187	84	133
-180	84	133
-173	85	134
-166	85	134
-159	85	134
-152	85	134
-146	85	134
-140	85	134
-135	85	134
-129	85	135
-123	85	134
-119	85	135
-114	85	135
-109	85	135
-104	85	134
-99	85	134
-95	86	135
-90	85	134
-86	85	134
-82	85	135
-78	85	135
-74	85	135
-70	85	134
-66	85	135
-63	85	135
-59	85	135
-55	85	134
-52	85	135
-48	85	134
-45	85	134
-42	85	135
-38	85	135
-35	85	135
-32	85	135
-28	85	135
-25	85	135
-22	86	135
-19	86	136
-16	86	135
-13	86	136
-9	86	136
-6	86	135
-3	86	136
0	86	136
3	86	136
6	86	136
9	86	137
13	86	136
16	86	136
19	86	136
22	86	136
25	86	136
29	86	136
32	86	136
35	86	136
39	87	137
42	86	137
45	87	137
49	87	137
14	18	29
21	23	36
23	23	36
24	23	36
25	23	36
26	23	36
27	23	36
28	23	36
30	23	36
31	23	36
32	23	36
34	23	36
35	23	36
-215	76	119
-212	78	123
-207	80	126
-210	85	134
-200	84	133
-191	84	133
-183	84	133
-176	85	134
-170	85	135
-162	85	134
-155	85	134
-149	85	134
-143	85	134
-137	85	134
-131	85	134
-125	85	134
-121	86	135
-116	86	135
-110	85	134
-106	85	135
-101	85	135
-96	85	135
-92	85	135
-88	85	135
-83	85	135
-79	85	135
-75	85	135
-71	85	135
-68	85	135
-64	85	135
-60	85	134
-56	85	135
-53	85	134
-49	85	134
-46	85	135
-42	85	135
-39	85	135
-36	85	135
-32	86	135
-29	86	135
-26	86	135
-23	86	135
-20	86	136
-16	86	136
-13	86	136
-10	86	136
-7	86	136
-4	86	136
0	86	136
3	86	137
6	86	136
9	86	137
12	86	136
15	86	136
18	86	137
22	86	137
25	86	137
28	86	136
31	87	137
35	87	137
38	87	137
42	87	137
45	87	137
48	87	137
14	18	29
21	23	36
23	23	36
24	23	36
25	23	36
26	23	36
27	23	36
28	23	36
30	23	36
31	23	36
32	23	36
34	23	36
35	23	36
-219	75	101
-215	77	104
-207	78	105
-202	80	108
-202	84	113
-204	88	119
-203	92	124
-206	97	131
-197	98	132
-189	98	131
-182	98	132
-175	98	133
-168	99	133
-160	98	133
-153	98	132
-147	98	132
-141	98	132
-135	98	132
-130	98	132
-124	98	133
-119	98	132
-114	99	133
-109	99	133
-105	99	133
-100	99	133
-95	98	133
-90	98	133
-87	99	133
-82	99	133
-78	99	133
-69	92	124
-65	92	124
-62	93	125
-58	97	131
-55	99	133
-51	98	133
-48	99	133
-44	99	133
-41	99	133
-37	99	133
-34	99	133
-30	99	133
-27	99	133
-24	99	133
-21	99	133
-17	99	133
-14	99	133
-11	99	133
-7	99	133
-4	99	134
-1	99	134
2	99	134
5	99	134
9	99	134
12	99	133
15	100	134
18	100	134
22	99	134
25	99	134
28	100	135
32	100	135
35	100	134
39	100	135
42	100	135
46	100	135
49	100	135
53	101	136
57	101	135
21	32	43
21	31	41
23	27	36
24	26	36
25	26	35
26	26	35
27	26	35
29	26	35
30	26	35
31	26	36
33	26	35
34	26	35
36	26	35
37	26	35
-220	76	102
-213	77	104
-205	78	105
-202	81	109
-199	84	113
-203	89	120
-202	92	124
-204	98	132
-196	98	132
-187	98	131
-179	98	132
-173	98	133
-166	99	133
-159	99	133
-152	98	132
-146	99	133
-139	98	132
-133	98	132
-128	99	133
-123	99	133
-118	98	133
-113	99	133
-108	99	133
-103	99	133
-98	98	132
-94	99	133
-89	99	133
-85	99	133
-81	99	134
-75	97	131
-68	92	124
-64	93	125
-61	93	125
-59	96	129
-57	99	133
-54	99	133
-50	99	133
-47	99	133
-43	99	133
-40	99	133
-36	99	133
-33	98	133
-29	98	133
-26	98	132
-23	99	133
-19	99	133
-16	99	133
-13	99	133
-10	99	133
-6	99	133
-3	99	134
0	99	134
3	99	134
7	99	133
10	99	134
13	99	134
16	99	134
19	100	134
23	100	135
26	100	135
29	100	134
33	100	135
36	100	135
40	100	135
43	100	135
47	100	135
50	100	135
54	101	136
58	101	136
21	32	43
24	26	36
24	26	35
25	26	35
27	26	35
28	26	35
29	26	35
30	26	35
32	26	35
33	26	35
34	26	35
36	26	35
-213	70	81
-210	72	84
-205	75	86
-205	78	90
-201	81	94
-198	84	97
-195	86	100
-193	89	103
-190	92	107
-191	97	112
-188	99	115
-192	106	122
-198	114	132
-192	115	133
-183	114	132
-176	115	133
-168	114	133
-162	115	134
-156	116	134
-149	116	134
-142	115	133
-136	115	133
-131	115	134
-125	115	133
-120	115	133
-115	115	134
-110	116	134
-105	115	133
-100	115	134
-96	116	134
-91	116	134
-87	116	134
-82	115	134
-78	115	134
-74	115	134
-70	115	134
-66	116	134
-62	115	134
-58	116	134
-54	116	134
-50	116	135
-46	116	134
-43	116	134
-39	116	134
-35	116	134
-32	116	134
-28	116	134
-25	116	134
-21	116	135
-18	116	134
-15	116	134
-11	116	134
-8	116	135
-4	116	135
-1	116	134
3	116	135
6	116	134
10	116	135
13	117	135
16	117	135
20	117	135
24	117	136
27	117	136
31	117	136
34	118	136
38	117	136
42	118	136
45	118	136
49	117	136
53	117	136
57	118	137
61	118	136
64	118	136
69	118	137
73	118	136
77	119	137
28	30	35
29	31	35
30	31	35
37	30	35
42	29	33
41	27	31
41	26	31
42	26	30
-213	69	80
-210	72	83
-206	74	86
-205	78	90
-201	80	93
-199	83	96
-196	86	100
-193	89	103
-190	92	106
-191	96	111
-188	99	114
-191	105	121
-197	113	131
-193	115	133
-183	114	132
-176	115	133
-169	115	133
-162	115	133
-156	116	134
-150	116	134
-143	115	133
-137	115	133
-131	115	133
-125	115	133
-120	115	133
-115	115	134
-110	116	134
-105	115	134
-100	115	133
-96	116	134
-91	116	134
-87	116	134
-83	116	134
-78	116	134
-74	115	133
-70	116	134
-66	116	134
-62	116	134
-58	116	134
-54	116	134
-50	116	134
-47	116	134
-43	116	134
-39	116	134
-36	116	134
-32	116	134
-29	116	134
-25	116	134
-22	116	134
-18	116	134
-15	116	134
-11	116	134
-8	116	134
-4	116	135
-1	116	134
3	116	134
6	116	135
9	116	135
13	117	135
16	117	135
20	117	135
23	117	135
27	117	136
30	117	136
34	118	136
38	117	136
41	117	136
45	117	136
49	118	136
52	117	136
57	118	137
60	118	136
64	118	136
68	118	137
72	118	136
77	118	137
28	30	35
29	31	35
30	30	35
37	30	35
42	29	33
41	27	31
42	26	30
42	26	30
-217	65	65
-211	67	67
-208	70	70
-202	72	72
-201	76	76
-198	78	78
-198	82	82
-194	85	85
-191	88	88
-190	92	92
-187	94	94
-186	98	98
-182	100	100
-179	103	103
-177	106	106
-177	111	111
-172	112	112
-180	122	122
-180	128	128
-179	132	132
-172	132	132
-165	133	133
-158	133	133
-152	133	133
-146	133	133
-140	133	133
-135	134	134
-128	133	133
-123	133	133
-117	133	133
-112	133	133
-107	133	133
-102	133	133
-97	134	134
-93	134	134
-88	134	134
-83	134	134
-79	134	134
-75	134	134
-70	133	133
-66	134	134
-62	134	134
-58	134	134
-54	134	134
-50	134	134
-46	134	134
-42	134	134
-38	134	134
-35	134	134
-31	134	134
-27	134	134
-23	134	134
-20	134	134
-16	134	134
-12	134	134
-9	134	134
-5	135	135
-1	134	134
2	135	135
6	135	135
10	135	135
13	135	135
17	135	135
20	135	135
24	135	135
28	135	135
32	135	135
36	135	135
39	135	135
43	135	135
47	136	136
51	136	136
56	137	137
59	136	136
63	136	136
68	136	136
23	40	40
24	40	40
25	39	39
26	39	39
27	38	38
28	38	38
32	35	35
32	34	34
33	34	34
36	31	31
37	30	30
37	29	29
38	29	29
41	27	27
40	26	26
41	25	25
41	24	24
-218	66	66
-210	68	68
-205	70	70
-202	73	73
-199	76	76
-198	80	80
-198	84	84
-194	86	86
-192	89	89
-189	93	93
-186	95	95
-186	100	100
-181	101	101
-178	104	104
-176	108	108
-175	112	112
-172	114	114
-178	123	123
-184	133	133
-176	133	133
-168	132	132
-162	133	133
-155	132	132
-149	134	134
-143	134	134
-137	133	133
-131	133	133
-125	133	133
-119	133	133
-114	133	133
-109	133	133
-104	133	133
-99	134	134
-95	134	134
-90	134	134
-86	134	134
-81	134	134
-77	134	134
-72	134	134
-68	134	134
-64	135	135
-60	134	134
-56	134	134
-51	133	133
-48	134	134
-44	134	134
-40	134	134
-36	133	133
-32	134	134
-28	134	134
-25	134	134
-21	134	134
-17	135	135
-14	135	135
-10	135	135
-6	134	134
-2	134	134
1	135	135
5	135	135
9	135	135
12	135	135
16	135	135
20	135	135
23	135	135
27	135	135
31	135	135
35	135	135
38	136	136
42	135	135
47	137	137
51	136	136
54	136	136
59	136	136
63	136	136
67	136	136
24	42	42
24	40	40
25	39	39
26	39	39
27	38	38
28	38	38
32	35	35
32	34	34
33	34	34
36	31	31
37	30	30
37	29	29
38	29	29
41	27	27
40	26	26
41	25	25
41	24	24
-223	62	54
-215	64	56
-208	67	58
-207	70	61
-200	72	62
-199	75	65
-195	78	68
-195	82	71
-189	84	73
-190	89	77
-185	91	78
-183	94	81
-182	98	85
-180	101	87
-178	105	90
-176	108	93
-173	111	96
-170	114	98
-170	119	102
-163	119	103
-162	123	106
-159	126	108
-157	130	112
-154	133	114
-171	153	132
-167	156	135
-160	156	134
-153	156	135
-147	156	134
-140	156	135
-135	156	135
-129	157	135
-123	156	135
-117	156	135
-112	156	135
-106	156	135
-101	156	135
-96	156	135
-91	155	134
-86	155	134
-81	155	134
-77	156	134
-73	156	135
-68	155	134
-63	156	135
-59	157	135
-55	157	136
-50	157	135
-46	157	136
-42	158	136
-38	158	136
-34	157	135
-30	157	135
-25	156	135
-21	157	135
-17	157	135
-13	157	135
-9	157	135
-5	158	136
-1	157	135
3	157	136
7	157	136
11	157	136
15	157	135
19	157	136
23	158	136
27	157	136
31	158	136
35	158	137
39	158	137
43	158	137
48	158	136
52	158	136
56	158	136
60	158	136
65	158	137
69	158	136
74	158	137
79	159	137
84	159	137
25	42	36
25	39	34
26	39	34
27	38	33
28	38	32
29	37	32
32	34	30
32	33	28
33	32	28
33	32	27
36	28	24
36	27	24
37	27	23
39	24	20
39	23	20
40	22	19
-222	62	54
-214	64	56
-208	67	58
-207	70	61
-199	72	62
-199	76	66
-195	79	68
-192	81	70
-188	84	72
-188	88	76
-185	91	78
-181	94	81
-183	99	85
-180	102	88
-178	105	91
-176	108	94
-173	111	96
-170	114	98
-167	117	101
-164	120	104
-161	123	106
-159	126	109
-156	129	112
-154	133	115
-172	154	133
-167	156	135
-159	156	134
-153	157	135
-146	156	134
-139	155	134
-134	156	135
-129	157	135
-123	157	135
-117	157	135
-112	157	135
-106	156	134
-101	156	135
-96	156	135
-91	156	134
-86	156	134
-81	156	135
-76	156	134
-72	156	134
-67	156	134
-63	156	135
-59	157	135
-54	156	135
-50	157	135
-46	157	136
-42	157	136
-38	157	136
-34	157	136
-29	157	136
-25	157	136
-21	157	135
-17	157	135
-13	157	135
-9	157	135
-5	157	136
-1	157	136
3	157	136
7	157	136
11	157	135
15	156	135
19	157	136
23	157	136
27	158	136
31	157	136
35	159	137
39	158	137
44	158	137
48	158	136
52	158	137
56	158	136
61	158	137
65	158	137
70	158	136
74	158	137
79	159	137
84	158	137
25	42	36
25	39	34
26	39	34
27	38	33
28	38	32
29	37	32
32	34	29
32	33	28
33	32	28
34	31	27
36	30	26
36	28	24
36	27	24
37	26	23
39	24	20
40	23	20
40	22	19
-222	60	45
-212	62	46
-208	65	48
-206	69	51
-203	72	53
-199	75	56
-194	77	57
-191	80	59
-191	84	63
-185	86	64
-181	89	66
-178	91	67
-178	96	71
-175	99	73
-174	102	76
-171	105	78
-169	108	80
-171	114	85
-166	116	86
-162	119	88
-160	122	90
-157	125	93
-154	133	99
-152	136	101
-148	139	103
-147	143	106
-142	145	108
-139	148	110
-138	153	114
-134	156	115
-131	158	117
-126	159	118
-121	159	118
-131	181	135
-125	182	135
-119	181	134
-114	182	135
-108	181	134
-103	182	135
-98	182	135
-93	183	136
-87	182	135
-82	183	136
-77	183	136
-72	182	135
-68	183	135
-63	183	136
-58	181	135
-53	182	135
-48	182	135
-44	183	136
-39	183	136
-35	182	135
-30	183	136
-26	183	136
-22	184	136
-17	183	135
-13	183	136
-8	182	135
-4	183	136
0	182	135
5	184	136
9	183	136
14	183	136
18	182	135
22	183	136
27	184	136
31	183	135
36	184	136
40	183	136
44	183	136
49	183	136
54	183	136
58	184	136
64	184	137
68	184	136
73	185	137
78	184	137
83	184	137
88	184	136
93	184	137
98	184	137
25	39	29
26	38	28
27	37	28
27	36	27
28	36	26
29	35	26
31	31	23
32	31	23
32	30	22
33	29	22
35	28	21
35	26	20
35	26	19
36	25	19
39	23	17
40	22	16
40	22	16
-223	60	44
-214	62	46
-209	64	48
-205	67	50
-203	71	53
-199	74	55
-196	77	57
-192	80	59
-191	84	62
-185	85	63
-182	88	66
-179	91	67
-178	95	71
-176	98	73
-175	103	76
-171	105	78
-169	108	80
-169	113	84
-166	116	86
-163	118	88
-160	121	90
-158	125	93
-155	133	98
-151	136	101
-149	139	103
-147	143	106
-142	144	107
-139	148	110
-138	153	113
-135	155	115
-132	159	118
-125	158	117
-121	159	118
-132	181	135
-126	182	135
-120	181	134
-114	181	134
-108	181	134
-103	182	135
-98	182	135
-92	182	135
-87	182	135
-82	182	135
-77	182	135
-72	182	135
-68	182	135
-63	183	136
-58	182	135
-53	182	135
-49	182	135
-44	183	135
-39	183	136
-35	183	136
-30	182	135
-26	182	135
-22	184	136
-17	183	136
-13	182	135
-8	183	136
-4	183	136
1	182	135
5	183	136
9	183	135
14	183	136
18	183	136
22	183	136
27	183	136
32	183	136
36	184	136
40	183	136
45	183	136
50	184	137
55	183	136
59	184	136
64	185	137
69	185	137
74	186	138
79	185	137
84	185	137
89	184	137
94	184	137
100	184	137
26	39	29
26	38	28
27	37	27
28	36	27
28	35	26
30	35	26
32	33	25
31	31	23
32	30	23
32	30	22
35	27	20
35	26	19
36	26	19
36	25	18
39	24	18
39	22	17
40	22	16
41	21	16
-221	58	36
-212	60	38
-209	63	40
-204	66	42
-202	70	44
-199	73	46
-193	75	48
-191	79	50
-187	81	52
-185	85	54
-182	88	56
-180	92	58
-176	94	59
-173	97	61
-169	99	62
-166	101	64
-162	104	66
-159	106	67
-163	114	72
-160	117	74
-159	121	76
-155	123	78
-152	126	80
-152	131	83
-150	135	85
-148	139	88
-145	142	90
-141	144	91
-139	148	94
-137	152	96
-135	156	99
-130	157	100
-127	161	102
-160	211	133
-153	210	133
-147	211	134
-139	210	133
-132	210	133
-126	210	133
-120	210	133
-114	210	133
-109	212	134
-103	212	134
-98	213	135
-92	213	135
-86	213	135
-80	211	134
-75	213	135
-69	211	134
-64	211	134
-59	211	134
-54	211	134
-49	212	134
-44	212	134
-39	212	134
-34	212	134
-29	211	134
-24	212	134
-19	212	134
-14	212	134
-9	213	135
-4	213	134
1	213	135
6	213	135
11	214	135
16	213	135
20	213	134
25	212	134
30	213	135
35	213	135
40	214	135
45	213	135
50	213	135
55	213	135
60	213	135
66	213	135
71	214	136
77	214	136
82	214	135
88	215	136
93	214	135
100	215	136
105	214	135
111	214	135
116	213	135
123	215	136
26	38	24
26	37	24
27	37	23
27	35	22
29	36	22
28	34	21
30	30	19
31	30	19
31	29	18
32	28	18
34	26	16
35	25	16
36	24	15
37	23	15
38	23	14
39	23	14
40	22	14
40	21	13
-225	57	36
-216	59	38
-209	62	39
-205	65	41
-203	69	44
-200	72	46
-196	75	48
-191	78	49
-191	82	52
-185	84	53
-184	88	56
-181	91	58
-178	94	59
-174	96	61
-171	99	63
-166	101	64
-163	104	66
-159	106	67
-163	113	71
-160	116	73
-158	120	76
-155	122	77
-153	126	80
-152	130	82
-150	134	85
-148	138	87
-145	141	89
-143	144	91
-139	147	93
-138	152	96
-135	156	99
-130	156	99
-128	161	102
-160	209	132
-155	211	134
-148	211	133
-141	211	133
-133	210	133
-127	210	133
-121	210	133
-115	211	133
-110	212	134
-104	211	134
-98	212	134
-93	213	135
-87	212	134
-81	213	135
-76	211	134
-70	212	134
-65	211	134
-60	211	134
-55	212	134
-50	212	134
-44	212	134
-39	212	134
-34	212	134
-30	213	135
-24	212	134
-20	212	134
-15	213	135
-10	213	135
-5	212	134
0	213	134
5	212	134
10	213	135
15	213	134
20	212	134
25	212	134
30	213	135
35	213	135
40	213	134
45	214	135
50	213	135
55	213	135
60	213	135
66	214	135
71	215	136
77	214	136
82	215	136
88	215	136
93	214	135
99	214	135
105	214	136
111	213	135
116	213	135
123	215	136
26	39	24
26	38	24
27	36	23
27	36	22
29	36	23
28	34	21
31	30	19
31	30	19
31	29	18
32	28	18
34	26	16
35	25	16
36	24	15
36	24	15
37	23	15
38	23	14
40	23	14
39	22	14
40	21	13
-231	53	28
-218	55	29
-210	57	30
-208	61	33
-206	65	35
-202	68	36
-199	71	38
-193	74	39
-190	77	41
-187	80	43
-184	83	44
-183	87	46
-179	90	48
-177	93	50
-173	96	51
-170	99	53
-167	102	54
-163	104	55
-158	106	56
-154	107	57
-156	114	60
-152	116	62
-151	120	64
-149	123	66
-146	126	67
-146	131	70
-143	134	72
-141	138	74
-139	142	76
-136	145	77
-133	148	79
-131	151	81
-128	154	82
-168	211	112
-162	212	113
-158	217	115
-154	221	118
-151	227	121
-147	232	124
-144	238	127
-139	241	128
-134	244	130
-130	251	134
-123	250	133
-117	251	134
-111	253	134
-103	250	133
-98	252	134
-91	252	134
-85	253	135
-80	254	135
-73	253	134
-67	253	135
-61	253	135
-55	252	134
-49	253	134
-44	255	136
-38	252	134
-32	252	134
-27	255	136
-21	253	135
-15	253	135
-9	249	132
-4	248	132
2	254	135
7	256	136
13	255	136
19	256	136
24	256	136
30	257	137
36	257	137
41	256	136
47	256	136
53	255	136
59	255	136
65	254	135
71	254	135
77	254	135
83	254	135
89	254	135
95	254	135
102	256	136
108	255	135
115	254	135
122	256	136
129	257	136
135	254	135
142	254	135
151	256	136
26	38	20
26	37	20
27	36	19
28	36	19
28	34	18
29	33	18
32	31	17
31	29	16
31	28	15
31	27	14
32	26	14
33	26	14
33	25	13
34	25	13
35	24	13
36	24	13
37	23	12
40	23	12
40	21	11
40	20	11
-228	53	28
-217	55	29
-210	58	31
-208	62	33
-204	65	35
-201	69	36
-199	72	38
-193	74	40
-191	78	41
-186	81	43
-184	84	45
-181	87	46
-179	90	48
-176	94	50
-173	97	52
-169	99	53
-165	102	54
-162	104	55
-157	105	56
-154	108	57
-156	114	61
-152	116	62
-151	121	64
-149	124	66
-147	128	68
-146	132	70
-143	135	72
-141	139	74
-139	143	76
-135	145	77
-133	148	79
-130	151	81
-127	155	82
-164	207	110
-162	213	113
-157	217	115
-154	222	118
-150	226	120
-147	233	124
-143	237	126
-140	244	130
-133	245	130
-128	248	132
-123	250	133
-116	251	134
-109	250	133
-103	252	134
-97	252	134
-91	252	134
-85	253	135
-79	253	135
-72	253	135
-66	253	135
-61	253	135
-55	254	135
-49	253	134
-43	253	135
-37	253	134
-32	253	134
-26	252	134
-20	253	135
-14	253	135
-9	248	132
-3	250	133
3	254	135
8	254	135
14	256	136
20	256	136
25	255	136
31	256	136
37	256	136
43	256	136
48	255	136
54	254	135
60	254	135
66	253	135
72	254	135
78	255	136
84	254	135
90	254	135
97	254	135
103	254	135
110	255	135
116	254	135
123	254	135
131	256	136
137	255	136
144	254	135
126	211	112
26	38	20
27	37	20
27	36	19
28	36	19
28	34	18
29	33	18
32	31	17
31	29	15
31	28	15
32	27	14
32	26	14
33	26	14
33	25	13
34	25	13
35	24	13
36	24	13
37	23	12
39	22	12
40	21	11
41	20	11
-215	52	23
-210	56	24
-206	59	26
-202	63	27
-201	67	29
-199	71	31
-192	72	32
-191	77	34
-186	79	35
-184	83	36
-182	86	38
-178	89	39
-175	92	40
-171	95	41
-168	98	43
-165	100	44
-161	103	45
-155	103	45
-152	106	47
-152	111	48
-149	113	50
-149	118	52
-147	122	53
-144	124	54
-142	128	56
-141	132	58
-137	134	59
-138	141	62
-134	143	62
-131	146	64
-129	149	65
-127	154	67
-164	205	90
-160	209	92
-157	214	94
-150	224	98
-146	228	100
-141	232	102
-137	237	104
-133	241	106
-129	246	108
-126	252	110
-121	256	112
-116	260	114
-111	263	115
-107	270	118
-101	273	119
-98	283	124
-93	286	125
-89	295	129
-84	302	132
-78	306	134
-70	301	131
-52	252	110
-44	240	105
-45	278	122
-38	271	119
-32	266	116
-19	253	111
-13	247	108
-7	243	106
-2	246	108
3	252	110
9	258	113
15	265	116
21	273	119
27	284	124
34	287	126
44	273	119
50	268	117
60	262	115
69	250	109
90	260	114
91	245	107
91	231	101
94	223	98
98	220	96
106	226	99
110	220	96
108	206	90
112	202	89
27	39	17
27	37	16
28	37	16
28	35	15
29	34	15
29	33	14
30	32	14
31	28	12
31	27	12
32	26	12
32	26	11
34	26	11
34	24	10
35	24	10
36	23	10
37	23	10
40	22	10
39	20	9
40	19	9
-222	50	22
-213	52	23
-209	56	25
-205	59	26
-202	63	28
-200	67	29
-197	71	31
-192	73	32
-191	77	34
-185	80	35
-184	83	37
-181	87	38
-177	90	39
-174	93	41
-171	95	42
-167	98	43
-163	100	44
-160	103	45
-155	104	46
-154	108	47
-151	111	49
-150	115	50
-149	119	52
-146	122	53
-144	126	55
-142	129	57
-140	132	58
-137	135	59
-136	140	61
-133	143	63
-131	147	64
-129	151	66
-127	155	68
-162	206	90
-159	210	92
-156	216	94
-148	224	98
-144	229	100
-140	233	102
-136	239	104
-132	242	106
-127	247	108
-122	249	109
-119	257	113
-115	262	115
-111	268	117
-106	275	120
-101	278	121
-96	282	123
-92	292	128
-86	295	129
-81	302	132
-66	294	129
-49	246	107
-46	262	114
-42	275	120
-35	269	118
-23	263	115
-16	251	110
-11	246	108
-5	244	107
0	247	108
5	255	112
11	263	115
17	269	117
24	278	122
31	286	125
37	286	125
41	274	120
47	271	118
52	265	116
58	264	116
62	258	113
67	255	112
79	254	111
89	265	116
91	255	111
93	243	107
94	229	100
96	222	97
103	224	98
109	224	98
107	207	91
110	203	89
27	37	16
27	36	16
28	35	16
29	35	15
29	33	15
29	32	14
28	29	13
29	28	12
31	29	13
31	28	12
32	27	12
32	26	11
35	25	11
35	24	10
35	23	10
36	23	10
39	20	9
40	20	9
41	19	8
-215	50	17
-213	54	19
-209	58	20
-205	62	21
-202	65	23
-198	68	24
-191	71	25
-192	76	26
-185	78	27
-184	82	28
-181	85	29
-178	88	31
-174	90	31
-170	93	32
-166	96	33
-164	99	34
-159	101	35
-155	102	36
-154	106	37
-150	109	38
-149	113	39
-149	117	41
-146	120	42
-144	124	43
-142	127	44
-140	131	45
-136	133	46
-138	140	48
-135	142	49
-133	147	51
-128	148	51
-129	154	54
-123	154	53
-120	157	55
-117	160	56
-115	164	57
-147	218	76
-143	223	78
-140	228	79
-137	235	82
-133	239	83
-129	243	84
-124	246	85
-121	252	88
-116	256	89
-112	262	91
-107	267	93
-103	272	95
-99	279	97
-94	284	99
-88	288	100
-84	296	103
-79	301	105
-66	278	97
-54	251	87
-61	398	138
-52	399	138
-43	399	139
-35	399	139
-15	245	85
-10	240	83
-5	236	82
0	245	85
6	251	87
11	257	89
17	265	92
23	272	94
29	279	97
36	282	98
40	272	94
44	258	90
49	255	89
79	260	90
86	261	91
92	261	91
98	261	91
105	262	91
108	254	88
117	261	91
123	259	90
131	261	91
135	256	89
142	256	89
147	252	87
143	234	81
148	230	80
28	37	13
27	35	12
28	34	12
28	33	12
29	33	11
29	31	11
29	28	10
29	28	10
31	28	10
31	27	9
31	26	9
32	25	9
32	25	9
33	24	8
35	25	9
35	23	8
35	23	8
36	22	8
38	21	7
38	20	7
39	20	7
40	19	7
41	19	7
44	17	6
-219	51	18
-211	54	19
-208	58	20
-205	61	21
-201	65	23
-198	68	24
-192	71	25
-190	75	26
-187	78	27
-184	81	28
-181	84	29
-178	88	30
-174	90	31
-171	93	32
-167	95	33
-164	99	34
-162	102	35
-155	102	35
-155	107	37
-150	108	38
-149	112	39
-149	117	41
-146	120	42
-144	123	43
-142	127	44
-140	130	45
-137	132	46
-138	139	48
-134	141	49
-133	146	51
-128	147	51
-129	154	53
-123	154	53
-120	157	55
-117	160	56
-114	163	56
-147	218	76
-144	223	78
-140	228	79
-138	234	81
-133	237	82
-129	242	84
-124	246	86
-121	252	88
-116	256	89
-112	262	91
-108	267	93
-103	271	94
-98	278	96
-94	284	99
-88	288	100
-84	296	103
-78	301	104
-66	278	97
-53	250	87
-61	399	138
-52	398	138
-43	398	138
-35	399	139
-15	244	85
-10	240	83
-4	239	83
1	246	85
6	251	87
12	257	89
17	264	92
23	273	95
30	279	97
36	282	98
41	270	94
44	258	89
49	253	88
80	261	90
86	260	90
92	261	91
98	259	90
105	261	91
109	257	89
118	260	90
124	260	90
131	260	90
136	256	89
141	253	88
146	249	87
144	234	81
148	230	80
28	37	13
28	35	12
28	34	12
28	33	12
29	32	11
29	31	11
29	28	10
30	28	10
31	28	10
31	27	9
31	26	9
32	26	9
33	25	9
33	24	8
35	25	9
35	23	8
35	22	8
36	22	8
37	22	8
40	21	7
39	20	7
40	19	7
40	18	6
-208	55	14
-205	59	15
-202	63	16
-198	66	17
-192	69	18
-191	73	19
-187	76	20
-185	80	21
-181	83	22
-178	86	22
-174	88	23
-171	91	24
-166	93	24
-163	96	25
-161	100	26
-155	100	26
-154	104	27
-148	105	27
-148	109	28
-150	116	30
-146	118	31
-144	121	31
-142	125	32
-140	128	33
-137	130	34
-132	132	34
-135	140	36
-132	143	37
-129	145	38
-128	150	39
-123	151	39
-120	154	40
-117	157	41
-115	160	42
-112	163	42
-110	167	43
-103	165	43
-137	228	59
-129	224	58
-124	228	59
-125	240	62
-122	247	64
-117	251	65
-114	258	67
-133	316	82
-124	315	82
-115	311	81
-106	307	80
-87	288	75
-81	293	76
-76	297	77
-62	265	69
-49	236	61
-69	463	120
-61	473	123
-52	485	126
-42	490	127
-14	236	61
-9	234	61
-4	233	61
1	238	62
6	246	64
12	253	66
17	259	67
23	267	69
30	276	72
36	281	73
43	291	75
49	289	75
56	291	76
64	300	78
74	287	75
80	285	74
89	274	71
96	274	71
101	271	70
105	266	69
110	262	68
114	255	66
119	252	66
124	249	65
127	243	63
135	246	64
138	238	62
141	232	60
137	215	56
28	38	10
27	35	9
28	34	9
28	33	9
28	32	8
29	31	8
29	30	8
29	27	7
29	27	7
31	27	7
31	26	7
31	25	7
32	25	6
33	24	6
33	24	6
35	24	6
35	23	6
35	22	6
36	21	6
37	21	6
40	21	5
39	19	5
40	19	5
41	18	5
44	16	4
-81	16	4
-206	59	15
-201	62	16
-199	66	17
-192	68	18
-190	72	19
-187	76	20
-185	79	21
-182	83	22
-179	86	22
-174	88	23
-171	91	24
-166	93	24
-163	96	25
-160	99	26
-154	100	26
-154	104	27
-147	104	27
-147	109	28
-149	115	30
-147	118	31
-144	121	31
-143	125	33
-140	128	33
-137	130	34
-132	131	34
-135	140	36
-132	143	37
-128	144	37
-128	150	39
-123	151	39
-120	154	40
-117	156	41
-115	161	42
-112	163	42
-109	167	43
-103	166	43
-137	229	60
-128	225	58
-124	228	59
-126	243	63
-122	248	64
-117	251	65
-112	255	66
-131	315	82
-123	314	82
-114	310	81
-106	307	80
-89	279	73
-86	289	75
-80	292	76
-73	288	75
-60	263	68
-49	237	61
-68	463	120
-59	474	123
-50	487	127
-19	244	64
-13	236	61
-8	233	61
-3	235	61
2	240	62
7	246	64
12	255	66
18	260	68
24	267	69
30	277	72
37	282	73
44	290	75
50	289	75
58	295	77
65	298	78
75	289	75
81	287	74
86	280	73
91	276	72
96	272	71
101	268	70
111	260	68
116	256	67
120	253	66
125	248	64
129	244	63
135	242	63
141	241	63
142	231	60
138	214	56
28	37	10
27	35	9
27	34	9
28	33	9
28	32	8
29	31	8
29	30	8
28	28	7
29	27	7
31	28	7
30	27	7
31	26	7
31	25	7
32	24	6
33	24	6
33	23	6
34	23	6
35	22	6
35	22	6
36	21	6
40	20	5
39	19	5
40	18	5
44	17	4
45	16	4
-82	12	2
-79	14	2
-80	15	3
-82	17	3
-205	58	10
-203	62	11
-199	65	11
-193	68	12
-191	72	12
-187	75	13
-185	79	14
-182	82	14
-178	85	15
-174	87	15
-170	90	16
-166	92	16
-162	95	16
-160	98	17
-154	99	17
-153	103	18
-147	103	18
-147	108	19
-149	114	20
-146	117	20
-144	121	21
-142	124	22
-138	126	22
-136	129	22
-129	128	22
-132	137	24
-130	140	24
-127	142	25
-127	148	26
-122	149	26
-120	153	27
-117	155	27
-114	158	28
-111	161	28
-109	165	29
-129	205	36
-132	219	38
-129	225	39
-122	223	39
-116	224	39
-113	229	40
-115	245	43
-112	251	44
-131	311	54
-121	306	53
-113	304	53
-104	300	52
-86	283	49
-81	290	50
-74	286	50
-59	254	44
-49	233	40
-68	453	79
-60	461	80
-52	476	83
-20	245	42
-14	236	41
-9	230	40
-4	231	40
1	235	41
5	240	42
11	250	43
16	255	44
22	260	45
28	267	46
35	278	48
42	283	49
49	295	51
57	303	53
66	314	54
71	306	53
77	304	53
83	299	52
88	294	51
94	290	50
99	286	50
104	281	49
109	276	48
113	270	47
118	267	46
123	262	46
128	259	45
133	255	44
137	250	43
142	246	43
146	242	42
151	239	42
155	234	41
27	35	6
27	34	6
28	33	6
28	32	6
28	31	5
29	30	5
29	29	5
29	27	5
29	27	5
31	27	5
31	26	4
31	25	4
32	24	4
32	24	4
33	24	4
34	23	4
34	22	4
35	22	4
36	21	4
37	21	4
39	19	3
39	18	3
40	18	3
44	17	3
44	15	3
46	15	3
-83	12	2
-80	13	2
-80	15	3
-82	17	3
-205	58	10
-201	61	11
-199	65	11
-193	68	12
-191	71	12
-186	74	13
-185	78	14
-182	82	14
-178	84	15
-174	87	15
-170	90	16
-166	92	16
-163	95	16
-160	98	17
-154	99	17
-153	103	18
-147	103	18
-148	109	19
-149	115	20
-147	118	20
-145	122	21
-143	125	22
-139	127	22
-137	130	23
-129	128	22
-133	138	24
-129	140	24
-126	142	25
-125	147	26
-122	150	26
-119	153	27
-116	156	27
-114	159	28
-110	161	28
-108	166	29
-129	207	36
-131	220	38
-128	224	39
-121	222	39
-116	226	39
-112	230	40
-115	248	43
-128	309	54
-120	306	53
-111	302	52
-103	300	52
-89	278	48
-84	284	49
-79	289	50
-69	276	48
-57	249	43
-47	231	40
-74	448	78
-66	458	80
-58	470	82
-48	478	83
-18	239	41
-12	234	41
-7	230	40
-3	232	40
2	237	41
7	243	42
13	251	44
18	256	44
24	263	46
30	271	47
37	280	49
44	285	49
52	297	52
60	305	53
68	311	54
73	305	53
80	303	53
85	297	52
90	291	51
95	288	50
101	285	49
105	278	48
111	275	48
115	269	47
119	264	46
125	261	45
129	256	44
135	254	44
140	250	43
144	244	42
149	241	42
153	236	41
27	35	6
27	33	6
28	32	6
28	31	5
28	31	5
29	30	5
28	27	5
29	26	5
30	26	5
31	26	4
32	25	4
32	24	4
33	24	4
33	23	4
35	23	4
35	22	4
35	21	4
36	21	4
38	20	4
40	20	3
39	19	3
40	18	3
41	17	3
44	17	3
44	15	3
45	15	3
54	7	1
55	6	0
-189	-3	0
-86	4	0
-83	5	0
-82	7	1
-81	8	1
-81	10	1
-79	12	1
-80	13	1
-82	16	1
-84	17	2
-211	54	5
-209	58	5
-206	62	5
-201	65	6
-198	69	6
-194	72	6
-191	75	7
-187	78	7
-185	82	7
-181	85	7
-176	87	8
-173	90	8
-170	93	8
-166	95	8
-163	98	9
-166	105	9
-163	108	9
-160	111	10
-161	116	10
-157	119	10
-153	121	11
-151	124	11
-148	127	11
-145	130	11
-143	133	12
-142	138	12
-113	168	15
-110	171	15
-108	176	15
-110	197	17
-101	190	17
-99	196	17
-96	200	17
-93	204	18
-90	209	18
-87	213	19
-83	218	19
-83	231	20
-77	231	20
-71	228	20
-66	228	20
-61	229	20
-56	229	20
-51	230	20
-46	230	20
-41	230	20
-36	230	20
-31	229	20
-26	229	20
-21	230	20
-17	230	20
-12	230	20
-7	230	20
-2	230	20
3	202	18
7	223	20
12	230	20
5	33	3
5	32	3
6	32	3
7	32	3
8	32	3
8	32	3
9	32	3
10	32	3
10	32	3
11	32	3
12	32	3
12	33	3
13	33	3
14	33	3
15	33	3
16	32	3
16	33	3
17	32	3
18	33	3
19	32	3
25	37	3
26	36	3
26	35	3
27	34	3
27	33	3
28	32	3
28	32	3
28	31	3
29	30	3
31	27	2
31	26	2
32	25	2
32	25	2
33	24	2
33	24	2
34	23	2
35	22	2
35	22	2
36	21	2
39	19	2
39	18	2
40	18	2
44	16	1
43	15	1
44	14	1
49	13	1
48	11	1
49	11	1
51	9	1
55	8	1
-185	-1	0
-84	4	0
-83	6	1
-81	8	1
-81	9	1
-80	11	1
-78	12	1
-82	14	1
-83	16	1
-209	56	5
-206	59	5
-203	63	6
-201	67	6
-198	71	6
-192	73	6
-191	77	7
-185	80	7
-184	84	7
-179	86	8
-175	89	8
-171	91	8
-168	94	8
-164	97	8
-164	101	9
-164	106	9
-162	109	10
-161	113	10
-159	117	10
-155	119	10
-152	122	11
-149	125	11
-147	128	11
-144	131	12
-142	134	12
-140	139	12
-116	169	15
-111	170	15
-109	174	15
-116	203	18
-103	189	17
-101	195	17
-97	198	17
-94	202	18
-90	205	18
-87	210	18
-85	216	19
-81	219	19
-80	231	20
-74	230	20
-68	229	20
-63	229	20
-58	230	20
-53	229	20
-48	230	20
-43	231	20
-38	230	20
-33	231	20
-28	229	20
-24	231	20
-18	229	20
-14	231	20
-9	230	20
-4	231	20
1	201	18
5	202	18
10	230	20
15	231	20
5	32	3
6	32	3
6	32	3
7	32	3
8	32	3
8	32	3
9	32	3
10	32	3
11	32	3
11	32	3
12	32	3
13	33	3
14	33	3
14	32	3
15	32	3
16	33	3
17	33	3
18	32	3
19	33	3
26	39	3
26	37	3
26	36	3
26	35	3
27	34	3
27	33	3
28	32	3
28	31	3
29	30	3
28	27	2
32	28	2
31	26	2
32	25	2
32	25	2
32	24	2
34	23	2
35	22	2
36	22	2
37	21	2
40	20	2
39	18	2
40	18	2
43	15	1
44	14	1
45	14	1
48	11	1
49	11	1
51	9	1
55	8	1
-84	8	0
-80	9	0
-79	10	0
-80	12	0
-80	14	0
-81	16	0
-203	53	0
-200	57	0
-196	61	0
-194	64	0
-191	68	0
-187	71	0
-184	74	0
-180	77	0
-176	79	0
-172	82	0
-168	85	0
-165	87	0
-163	91	0
-161	94	0
-154	95	0
-157	100	0
-145	98	0
-144	101	0
-152	111	0
-150	115	0
-147	118	0
-144	120	0
-141	123	0
-139	126	0
-137	130	0
-134	133	0
-132	136	0
-128	138	0
-127	143	0
-123	143	0
-120	146	0
-117	149	0
-114	152	0
-111	155	0
-109	159	0
-114	173	0
-109	174	0
-102	170	0
-100	175	0
-97	179	0
-95	185	0
-95	193	0
-92	199	0
-126	300	0
-117	298	0
-108	292	0
-99	288	0
-87	273	0
-82	277	0
-78	282	0
-45	219	0
-72	436	0
-64	446	0
-56	456	0
-47	468	0
-17	233	0
-12	228	0
-7	224	0
-2	226	0
3	231	0
8	236	0
13	233	0
17	230	0
22	230	0
27	232	0
32	234	0
37	235	0
43	235	0
47	234	0
53	237	0
58	233	0
65	241	0
73	250	0
89	285	0
80	237	0
99	275	0
104	270	0
109	267	0
115	265	0
119	258	0
124	255	0
128	250	0
37	65	0
38	60	0
40	58	0
27	33	0
27	32	0
27	31	0
28	30	0
28	30	0
28	29	0
29	28	0
29	25	0
29	25	0
30	25	0
31	24	0
31	24	0
32	23	0
33	22	0
33	22	0
35	22	0
35	21	0
35	20	0
36	20	0
40	19	0
39	18	0
40	17	0
44	16	0
43	14	0
44	14	0
48	12	0
-84	8	0
-80	9	0
-80	11	0
-80	13	0
-81	14	0
-82	16	0
-203	54	0
-199	58	0
-196	61	0
-194	65	0
-191	69	0
-187	72	0
-183	75	0
-180	78	0
-175	80	0
-170	83	0
-168	86	0
-164	88	0
-161	91	0
-159	94	0
-153	95	0
-162	105	0
-144	98	0
-149	106	0
-151	112	0
-148	115	0
-146	119	0
-144	122	0
-141	125	0
-139	128	0
-136	131	0
-134	134	0
-130	136	0
-127	139	0
-127	145	0
-122	144	0
-119	148	0
-116	150	0
-113	153	0
-111	157	0
-108	160	0
-113	175	0
-103	168	0
-100	171	0
-99	177	0
-96	181	0
-95	189	0
-93	194	0
-122	299	0
-113	296	0
-105	293	0
-93	279	0
-85	275	0
-81	281	0
-75	284	0
-51	236	0
-68	440	0
-60	450	0
-52	468	0
-43	475	0
-15	231	0
-9	227	0
-4	223	0
0	228	0
5	234	0
10	240	0
15	232	0
19	228	0
24	229	0
30	233	0
35	235	0
40	233	0
45	235	0
51	237	0
56	236	0
61	233	0
69	244	0
86	283	0
89	270	0
95	271	0
103	274	0
107	269	0
113	266	0
117	260	0
122	256	0
126	251	0
37	62	0
38	60	0
40	58	0
41	57	0
26	34	0
27	33	0
27	32	0
27	31	0
28	30	0
28	29	0
29	28	0
29	25	0
31	26	0
31	24	0
31	24	0
32	23	0
32	23	0
33	22	0
34	22	0
34	21	0
35	20	0
36	20	0
37	19	0
39	19	0
39	18	0
40	17	0
40	16	0
43	15	0
44	14	0
45	13	0
49	12	0
49	11	0
-85	7	-1
-81	8	-1
-81	10	-1
-81	11	-1
-82	13	-1
-83	15	-1
-207	51	-5
-204	55	-5
-202	59	-5
-198	62	-6
-192	65	-6
-192	69	-6
-186	72	-6
-185	75	-7
-180	78	-7
-177	81	-7
-174	84	-8
-169	86	-8
-166	89	-8
-162	91	-8
-157	93	-8
-152	94	-8
-153	99	-9
-143	96	-9
-151	107	-10
-150	110	-10
-148	114	-10
-145	116	-11
-143	120	-11
-141	123	-11
-138	126	-11
-136	129	-12
-133	132	-12
-129	134	-12
-127	137	-12
-125	140	-13
-121	142	-13
-118	145	-13
-116	148	-13
-114	152	-14
-111	155	-14
-107	156	-14
-113	173	-16
-112	179	-16
-110	184	-17
-101	178	-16
-98	182	-16
-96	187	-17
-91	186	-17
-112	288	-26
-85	270	-24
-81	276	-25
-74	277	-25
-69	434	-39
-59	439	-40
-52	456	-41
-43	463	-42
-15	226	-20
-9	222	-20
-5	220	-20
0	224	-20
5	229	-21
10	235	-21
16	243	-22
20	232	-21
24	223	-20
29	221	-20
33	219	-20
38	217	-20
43	218	-20
49	223	-20
55	226	-20
59	222	-20
64	225	-20
70	224	-20
74	207	-19
80	208	-19
86	212	-19
92	212	-19
103	225	-20
111	230	-21
117	229	-21
37	66	-6
37	62	-6
36	57	-5
39	59	-5
40	56	-5
26	33	-3
26	32	-3
27	31	-3
27	30	-3
28	29	-3
28	29	-3
28	28	-3
29	27	-2
29	26	-2
31	24	-2
31	23	-2
32	23	-2
32	22	-2
33	22	-2
34	21	-2
34	21	-2
35	20	-2
36	20	-2
36	19	-2
37	18	-2
39	19	-2
39	17	-2
39	17	-2
40	16	-1
43	14	-1
44	14	-1
45	13	-1
48	11	-1
-85	7	-1
-81	8	-1
-81	10	-1
-81	11	-1
-82	13	-1
-82	15	-1
-207	51	-5
-204	55	-5
-202	59	-5
-198	63	-6
-192	65	-6
-192	69	-6
-186	72	-6
-184	76	-7
-181	79	-7
-177	81	-7
-174	84	-8
-169	86	-8
-166	89	-8
-162	91	-8
-156	92	-8
-153	95	-9
-148	96	-9
-146	99	-9
-153	108	-10
-150	111	-10
-148	114	-10
-145	117	-11
-143	120	-11
-140	123	-11
-138	126	-11
-135	129	-12
-133	133	-12
-129	134	-12
-125	136	-12
-125	141	-13
-121	143	-13
-118	145	-13
-116	149	-13
-113	152	-14
-110	155	-14
-116	170	-15
-113	173	-16
-110	177	-16
-109	184	-17
-100	178	-16
-98	183	-16
-95	188	-17
-90	187	-17
-86	188	-17
-120	295	-27
-84	271	-24
-79	277	-25
-71	270	-24
-67	434	-39
-59	447	-40
-50	457	-41
-19	230	-21
-14	225	-20
-8	222	-20
-4	220	-20
1	224	-20
6	230	-21
11	237	-21
17	245	-22
21	228	-21
25	223	-20
30	221	-20
34	216	-19
39	217	-20
44	218	-20
50	223	-20
55	224	-20
60	222	-20
66	225	-20
72	228	-21
73	213	-19
77	210	-19
82	210	-19
89	215	-19
93	212	-19
106	228	-21
113	230	-21
118	229	-21
37	60	-5
40	58	-5
26	33	-3
27	32	-3
27	31	-3
28	30	-3
28	29	-3
28	28	-3
29	27	-2
29	25	-2
30	24	-2
31	24	-2
31	23	-2
32	23	-2
33	22	-2
33	21	-2
35	22	-2
35	21	-2
35	20	-2
36	20	-2
37	18	-2
38	18	-2
39	17	-2
40	17	-2
40	16	-1
43	14	-1
44	14	-1
49	12	-1
48	11	-1
-91	4	-1
-85	5	-1
-81	7	-1
-81	8	-2
-82	10	-2
-81	12	-2
-82	13	-2
-83	15	-3
-209	52	-10
-205	55	-10
-202	59	-11
-199	62	-11
-191	64	-12
-191	68	-13
-186	70	-13
-185	74	-14
-181	77	-14
-176	79	-15
-173	82	-15
-169	85	-16
-166	87	-16
-162	89	-17
-158	91	-17
-153	93	-17
-160	101	-19
-154	102	-19
-151	105	-19
-150	109	-20
-148	112	-21
-146	115	-21
-143	118	-22
-141	121	-22
-138	123	-23
-136	126	-23
-133	129	-24
-129	131	-24
-127	134	-25
-128	141	-26
-121	139	-26
-119	143	-26
-117	146	-27
-114	149	-28
-111	152	-28
-107	154	-28
-117	176	-32
-103	162	-30
-97	159	-29
-93	162	-30
-92	168	-31
-89	170	-31
-86	173	-32
-85	182	-34
-82	185	-34
-80	192	-36
-99	251	-46
-94	256	-47
-90	261	-48
-85	266	-49
-81	272	-50
-76	277	-51
-69	430	-79
-60	438	-81
-51	444	-82
-42	455	-84
-14	222	-41
-9	218	-40
-4	216	-40
1	222	-41
5	221	-41
10	212	-39
15	207	-38
18	203	-38
22	197	-36
26	192	-36
30	189	-35
34	187	-35
38	185	-34
41	182	-34
45	180	-33
48	176	-32
51	172	-32
55	170	-31
59	169	-31
61	165	-30
65	162	-30
68	160	-30
71	157	-29
73	154	-28
76	151	-28
79	149	-28
82	147	-27
38	61	-11
38	59	-11
38	56	-10
39	54	-10
27	34	-6
26	32	-6
27	31	-6
27	30	-6
27	29	-5
28	29	-5
28	28	-5
29	27	-5
30	26	-5
31	24	-4
31	23	-4
32	22	-4
32	22	-4
33	21	-4
34	21	-4
34	20	-4
35	20	-4
36	19	-4
36	19	-3
39	17	-3
39	16	-3
40	16	-3
41	15	-3
42	15	-3
44	14	-3
44	13	-2
45	13	-2
48	11	-2
49	10	-2
-88	5	-1
-82	6	-1
-81	8	-1
-82	9	-2
-81	11	-2
-83	13	-2
-83	14	-3
-86	16	-3
-209	50	-9
-206	53	-10
-201	56	-10
-199	60	-11
-193	62	-11
-191	66	-12
-188	69	-13
-186	72	-13
-182	76	-14
-177	78	-14
-173	80	-15
-171	83	-15
-167	86	-16
-164	89	-16
-162	91	-17
-154	92	-17
-157	97	-18
-160	104	-19
-152	103	-19
-151	107	-20
-149	111	-20
-147	113	-21
-144	116	-22
-141	119	-22
-139	122	-23
-137	125	-23
-134	128	-24
-132	131	-24
-128	133	-24
-124	134	-25
-123	139	-26
-120	141	-26
-117	144	-27
-115	147	-27
-112	150	-28
-109	153	-28
-109	159	-29
-113	173	-32
-99	160	-29
-95	160	-30
-94	166	-31
-90	168	-31
-87	172	-32
-87	180	-33
-84	184	-34
-81	190	-35
-96	252	-47
-93	260	-48
-87	263	-49
-83	269	-50
-78	275	-51
-45	212	-39
-73	425	-79
-64	435	-80
-56	441	-82
-47	453	-84
-17	225	-42
-12	220	-41
-7	217	-40
-2	218	-40
3	224	-41
8	214	-40
12	210	-39
17	205	-38
21	202	-37
24	194	-36
29	192	-35
32	188	-35
36	186	-34
40	183	-34
44	180	-33
47	177	-33
50	173	-32
54	171	-32
57	169	-31
61	167	-31
63	163	-30
66	161	-30
69	158	-29
72	155	-29
75	152	-28
78	150	-28
37	59	-11
38	57	-11
38	55	-10
39	54	-10
26	32	-6
26	32	-6
27	31	-6
27	30	-6
28	29	-5
28	28	-5
28	27	-5
29	26	-5
29	24	-4
29	24	-4
30	24	-4
31	23	-4
31	22	-4
32	22	-4
33	21	-4
35	21	-4
35	20	-4
36	20	-4
36	19	-3
40	18	-3
39	16	-3
40	16	-3
41	16	-3
42	15	-3
42	14	-3
43	14	-3
44	13	-2
45	12	-2
49	12	-2
48	10	-2
49	10	-2
-82	5	-1
-81	6	-2
-79	8	-2
-80	10	-3
-79	11	-3
-82	13	-4
-81	14	-4
-84	17	-5
-209	50	-14
-205	53	-15
-202	56	-16
-199	60	-17
-193	62	-18
-191	65	-19
-187	68	-19
-185	72	-20
-181	74	-21
-177	77	-22
-174	79	-23
-170	82	-23
-167	84	-24
-165	88	-25
-160	89	-26
-155	90	-26
-155	95	-27
-159	102	-29
-153	102	-29
-152	106	-30
-149	108	-31
-147	111	-32
-144	114	-33
-141	116	-33
-138	119	-34
-136	122	-35
-133	124	-35
-130	127	-36
-127	129	-37
-128	136	-39
-123	136	-39
-120	140	-40
-115	145	-41
-113	149	-43
-108	155	-44
-102	163	-47
-99	166	-47
-97	170	-49
-94	173	-50
-90	175	-50
-87	179	-51
-84	183	-52
-80	186	-53
-98	242	-69
-96	250	-71
-91	256	-73
-87	261	-75
-81	265	-76
-76	271	-77
-43	210	-60
-14	220	-63
-9	216	-62
-4	212	-60
1	217	-62
6	216	-62
11	231	-66
17	236	-68
22	241	-69
22	188	-54
26	186	-53
31	185	-53
34	182	-52
38	179	-51
42	177	-50
46	175	-50
49	172	-49
53	169	-48
56	166	-47
59	164	-47
63	161	-46
66	159	-45
68	155	-44
71	153	-44
74	149	-43
77	148	-42
80	144	-41
82	142	-40
38	59	-17
38	57	-16
39	55	-16
40	54	-15
26	32	-9
26	31	-9
27	30	-9
27	29	-8
28	28	-8
28	28	-8
28	27	-8
29	26	-7
30	24	-7
30	23	-7
31	23	-6
32	22	-6
32	22	-6
32	21	-6
34	21	-6
35	21	-6
35	19	-6
35	19	-5
36	19	-5
37	18	-5
39	16	-5
40	16	-5
41	15	-4
43	14	-4
44	13	-4
45	12	-3
46	12	-3
47	11	-3
48	10	-3
49	9	-3
52	8	-2
-84	4	-1
-81	6	-2
-80	7	-2
-79	9	-2
-80	10	-3
-80	12	-3
-82	14	-4
-83	15	-4
-211	48	-14
-206	51	-15
-203	55	-16
-200	58	-17
-197	61	-17
-192	64	-18
-189	67	-19
-185	70	-20
-184	74	-21
-181	77	-22
-177	79	-23
-173	81	-23
-170	84	-24
-165	86	-25
-161	88	-25
-157	90	-26
-153	92	-26
-160	100	-29
-154	101	-29
-151	104	-30
-150	107	-31
-148	111	-32
-145	113	-32
-142	115	-33
-139	118	-34
-136	121	-34
-134	123	-35
-131	126	-36
-129	130	-37
-128	134	-38
-124	135	-39
-121	138	-39
-119	141	-40
-116	144	-41
-113	147	-42
-105	143	-41
-108	153	-44
-118	174	-50
-106	166	-47
-100	164	-47
-98	168	-48
-94	171	-49
-91	174	-50
-88	178	-51
-84	180	-51
-82	186	-53
-79	189	-54
-98	249	-71
-92	253	-72
-89	261	-75
-84	265	-76
-79	270	-77
-45	208	-60
-54	317	-91
-16	221	-63
-11	216	-62
-6	212	-61
-1	216	-62
4	215	-61
9	228	-65
15	234	-67
21	240	-68
27	248	-71
25	187	-53
30	185	-53
34	183	-52
37	180	-52
41	178	-51
45	175	-50
48	172	-49
52	170	-49
55	166	-47
59	165	-47
62	162	-46
65	159	-45
68	156	-44
71	153	-44
73	150	-43
77	148	-42
79	145	-41
82	143	-41
38	60	-17
38	58	-16
39	55	-16
39	54	-15
26	32	-9
26	31	-9
27	30	-9
27	29	-8
27	29	-8
28	28	-8
28	27	-8
29	26	-7
30	24	-7
32	25	-7
31	23	-6
31	22	-6
32	22	-6
33	21	-6
33	21	-6
34	20	-6
34	20	-6
35	19	-5
36	19	-5
37	18	-5
39	16	-5
39	16	-5
40	16	-4
43	14	-4
44	13	-4
44	12	-4
46	12	-3
47	11	-3
48	11	-3
49	10	-3
53	9	-2
54	6	-2
-83	4	-2
-81	5	-2
-80	7	-3
-81	8	-3
-80	10	-4
-79	11	-4
-82	13	-5
-83	14	-6
-209	49	-19
-206	52	-21
-201	55	-22
-198	58	-23
-195	61	-24
-192	64	-25
-188	67	-26
-185	70	-28
-184	73	-29
-179	76	-30
-176	78	-31
-173	81	-32
-167	82	-32
-163	84	-33
-160	86	-34
-156	88	-35
-153	91	-36
-159	98	-39
-156	101	-40
-153	103	-41
-151	106	-42
-150	110	-44
-146	112	-44
-143	114	-45
-141	117	-46
-138	120	-47
-135	122	-48
-121	154	-61
-111	148	-58
-108	151	-60
-123	179	-71
-108	166	-65
-101	162	-64
-99	167	-66
-95	170	-67
-93	175	-69
-89	178	-70
-86	181	-72
-82	185	-73
-88	210	-83
-86	220	-87
-80	218	-86
-74	219	-86
-68	218	-86
-63	218	-86
-57	218	-86
-52	219	-86
-44	207	-82
-41	218	-86
-36	219	-86
-30	218	-86
-25	219	-87
-20	219	-86
-14	219	-87
-9	212	-84
-4	209	-83
1	214	-85
7	214	-85
11	202	-80
16	202	-80
21	208	-82
26	202	-80
29	189	-75
8	31	-12
9	31	-12
9	31	-12
10	31	-12
11	31	-12
12	31	-12
12	31	-12
13	31	-12
14	31	-12
15	31	-12
25	32	-13
26	32	-12
26	31	-12
26	30	-12
27	29	-11
27	28	-11
28	27	-11
28	27	-10
29	26	-10
28	24	-9
32	24	-10
31	23	-9
31	22	-9
32	21	-8
33	21	-8
33	21	-8
34	19	-8
35	19	-7
36	18	-7
37	18	-7
40	17	-7
39	16	-6
40	15	-6
43	13	-5
44	12	-5
45	12	-5
49	11	-4
48	10	-4
49	9	-4
51	8	-3
55	7	-3
-84	3	-1
-82	5	-2
-80	6	-2
-80	8	-3
-81	9	-4
-79	11	-4
-80	12	-5
-83	14	-5
-83	16	-6
-209	48	-19
-206	51	-20
-203	54	-21
-200	58	-23
-197	61	-24
-191	63	-25
-187	66	-26
-185	69	-27
-185	73	-29
-180	75	-30
-177	78	-31
-173	80	-32
-168	82	-32
-164	83	-33
-160	86	-34
-157	88	-35
-154	90	-36
-159	97	-38
-156	100	-39
-154	103	-41
-151	105	-42
-150	109	-43
-148	112	-44
-144	114	-45
-141	116	-46
-138	119	-47
-136	122	-48
-111	147	-58
-108	150	-59
-112	169	-67
-102	162	-64
-99	167	-66
-96	170	-67
-93	173	-68
-90	177	-70
-86	180	-71
-83	183	-72
-79	187	-74
-87	219	-87
-81	218	-86
-76	220	-87
-70	219	-86
-64	218	-86
-58	219	-86
-53	219	-87
-45	208	-82
-42	217	-86
-37	219	-87
-31	218	-86
-26	219	-86
-20	219	-87
-15	220	-87
-9	213	-84
-4	210	-83
1	213	-84
6	214	-84
11	202	-80
16	202	-80
21	208	-82
25	204	-80
28	189	-75
8	31	-12
8	31	-12
9	31	-12
10	31	-12
11	31	-12
11	31	-12
12	31	-12
13	31	-12
14	31	-12
15	31	-12
26	31	-12
26	31	-12
26	30	-12
27	29	-11
27	28	-11
28	27	-11
28	27	-10
28	26	-10
29	23	-9
31	23	-9
31	22	-9
32	21	-8
33	21	-8
33	21	-8
34	19	-8
35	19	-7
36	18	-7
37	18	-7
40	17	-7
39	16	-6
40	15	-6
43	13	-5
44	12	-5
45	12	-5
47	11	-4
48	10	-4
49	9	-4
52	8	-3
55	7	-3
54	5	-3
55	5	-2
57	4	-2
-191	-4	2
-184	-1	0
-87	2	-1
-84	4	-2
-82	5	-3
-82	7	-3
-81	8	-4
-79	9	-5
-79	10	-5
-82	12	-6
-83	14	-7
-211	43	-22
-209	46	-24
-205	49	-25
-94	25	-13
-91	27	-14
-191	64	-33
-185	66	-34
-182	69	-36
-179	72	-37
-174	73	-38
-171	76	-39
-167	78	-40
-170	83	-43
-167	86	-44
-165	88	-45
-164	92	-47
-160	94	-48
-158	97	-50
-155	99	-51
-152	101	-52
-149	104	-53
-146	106	-55
-144	109	-56
-142	112	-58
-24	22	-11
-112	142	-73
-109	144	-74
-110	152	-79
-115	167	-86
-103	158	-81
-100	161	-83
-96	164	-84
-93	167	-86
-90	171	-88
-86	174	-90
-84	179	-92
-80	181	-94
-75	182	-94
-70	184	-95
-65	182	-94
-60	183	-94
-54	181	-94
-50	182	-94
-45	182	-94
-40	182	-94
-35	183	-94
-31	183	-95
-26	183	-95
-21	183	-95
-17	184	-95
-12	184	-95
-7	183	-95
-2	174	-90
2	163	-84
6	165	-85
4	26	-13
5	25	-13
5	26	-13
6	26	-13
7	25	-13
7	26	-13
8	26	-13
9	26	-13
9	26	-13
10	26	-13
11	26	-13
11	26	-13
12	26	-13
13	26	-13
14	26	-13
14	26	-13
15	26	-13
16	26	-13
17	26	-13
17	26	-13
18	26	-13
19	26	-13
20	26	-13
26	30	-15
26	29	-15
27	28	-15
27	27	-14
28	26	-14
28	26	-13
28	25	-13
29	25	-13
31	22	-11
31	21	-11
32	21	-11
33	21	-11
33	20	-10
35	20	-10
35	18	-9
35	18	-9
36	17	-9
38	17	-9
38	17	-9
39	15	-8
40	15	-8
41	14	-7
44	13	-7
44	12	-6
45	12	-6
49	10	-5
48	9	-5
49	9	-4
55	6	-3
-187	-3	1
-86	3	-2
-84	4	-2
-82	6	-3
-82	7	-4
-81	8	-4
-78	10	-5
-81	11	-6
-83	13	-7
-84	15	-8
-212	45	-23
-208	48	-25
-206	51	-27
-93	26	-14
-91	28	-14
-187	65	-34
-184	68	-35
-181	70	-36
-176	72	-37
-173	75	-39
-170	77	-40
-171	81	-42
-169	84	-43
-166	87	-45
-164	90	-46
-164	94	-48
-158	94	-49
-155	97	-50
-153	100	-52
-151	103	-53
-148	105	-54
-145	108	-56
-144	111	-57
-24	22	-11
-110	142	-73
-108	146	-75
-107	160	-83
-101	158	-82
-98	162	-84
-96	167	-86
-93	170	-88
-89	173	-89
-86	177	-91
-82	180	-93
-77	183	-94
-72	183	-94
-67	182	-94
-62	183	-94
-57	183	-94
-52	183	-95
-47	183	-94
-42	183	-94
-37	183	-94
-33	185	-95
-28	184	-95
-23	184	-95
-18	183	-95
-14	184	-95
-9	184	-95
-4	184	-95
1	163	-84
5	164	-84
10	177	-91
4	25	-13
5	25	-13
6	25	-13
6	25	-13
7	26	-13
8	26	-13
8	26	-13
9	26	-13
10	26	-13
10	26	-13
11	26	-13
12	26	-13
12	26	-13
13	26	-13
14	26	-13
15	26	-13
16	26	-13
16	26	-13
17	26	-13
18	26	-13
19	26	-13
20	26	-13
26	30	-16
26	29	-15
27	28	-15
27	28	-14
27	27	-14
28	26	-13
28	26	-13
29	25	-13
32	23	-12
31	22	-11
32	21	-11
32	21	-11
34	20	-10
34	18	-10
35	18	-9
36	18	-9
36	17	-9
37	17	-9
39	16	-8
39	15	-8
40	15	-8
43	13	-7
43	12	-6
44	12	-6
44	11	-6
48	11	-5
48	10	-5
49	9	-5
52	8	-4
55	6	-3
55	4	-3
57	4	-2
58	3	-2
63	2	-2
62	1	-1
62	0	0
-188	-11	7
-184	-8	5
-180	-5	3
-178	-2	1
-85	3	-2
-82	4	-3
-81	5	-4
-80	7	-4
-80	8	-5
-79	9	-6
-79	10	-7
-80	12	-8
-93	18	-12
-91	19	-13
-90	21	-13
-89	22	-14
-88	23	-15
-86	24	-16
-86	26	-17
-87	28	-18
-86	29	-19
-88	31	-21
-179	72	-47
-177	75	-49
-176	79	-51
-174	81	-53
-171	84	-55
-168	86	-56
-168	90	-59
-165	92	-60
-161	94	-61
-22	16	-10
-114	131	-86
-109	131	-86
-103	131	-86
-99	131	-86
-95	132	-86
-89	131	-86
-85	132	-86
-81	132	-86
-76	131	-86
-72	132	-86
-68	133	-87
-64	132	-86
-60	132	-86
-56	133	-87
-53	134	-87
-48	133	-87
-44	132	-86
-40	132	-86
-37	132	-86
-2	18	-12
-1	18	-12
-1	18	-12
-1	18	-12
0	18	-12
1	18	-12
1	18	-12
2	18	-12
2	18	-12
3	18	-12
3	18	-12
3	18	-12
4	18	-12
5	18	-12
5	18	-12
5	18	-12
6	18	-12
6	18	-12
7	18	-12
8	18	-12
8	18	-12
9	18	-12
10	18	-12
10	18	-12
11	18	-12
11	18	-12
12	18	-12
13	18	-12
13	18	-12
13	18	-12
14	18	-12
15	18	-12
16	18	-12
16	18	-12
18	18	-12
19	18	-12
20	18	-12
21	18	-12
21	18	-12
22	18	-12
23	18	-12
24	18	-12
25	18	-12
26	18	-12
26	18	-12
28	18	-12
29	18	-12
40	16	-11
39	15	-10
40	15	-10
41	14	-9
44	13	-9
44	12	-8
45	12	-8
45	11	-7
47	11	-7
47	10	-7
48	9	-6
49	9	-6
53	6	-4
54	5	-3
-185	-9	6
-181	-6	4
-178	-3	2
-84	4	-2
-82	5	-3
-80	6	-4
-80	7	-5
-80	9	-6
-80	10	-6
-80	11	-7
-81	13	-8
-84	14	-9
-94	18	-11
-92	19	-12
-91	20	-13
-89	21	-14
-88	23	-15
-87	24	-16
-86	25	-17
-86	27	-18
-86	29	-19
-88	31	-20
-88	33	-21
-184	69	-45
-181	71	-47
-178	74	-48
-176	77	-50
-174	80	-52
-172	83	-54
-171	86	-56
-168	88	-58
-164	90	-59
-162	93	-61
-23	16	-10
-22	16	-10
-115	131	-85
-110	131	-86
-105	132	-86
-100	131	-86
-95	132	-86
-90	131	-86
-86	132	-86
-81	131	-86
-77	131	-86
-73	132	-86
-69	132	-86
-65	132	-86
-61	132	-86
-57	133	-87
-53	132	-86
-48	132	-86
-45	132	-86
-41	132	-86
-37	132	-86
-2	18	-12
-1	18	-12
-1	18	-12
-1	18	-12
0	18	-12
0	18	-12
1	18	-12
2	18	-12
2	18	-12
2	18	-12
3	18	-12
4	18	-12
4	18	-12
4	18	-12
5	18	-12
6	18	-12
6	18	-12
6	18	-12
7	18	-12
8	18	-12
9	18	-12
9	18	-12
9	18	-12
10	18	-12
10	18	-12
11	18	-12
12	18	-12
12	18	-12
13	18	-12
14	18	-12
14	18	-12
15	18	-12
16	18	-12
16	18	-12
18	18	-12
19	18	-12
20	18	-12
21	18	-12
21	18	-12
22	18	-12
23	18	-12
24	18	-12
25	18	-12
26	18	-12
27	18	-12
28	18	-12
29	18	-12
40	17	-11
39	15	-10
40	15	-10
40	14	-9
43	13	-8
44	12	-8
45	12	-8
45	11	-7
47	10	-7
48	10	-7
48	9	-6
49	9	-6
51	7	-5
54	5	-3
