0	0	0
-68	73	137
-65	73	137
-61	73	138
-57	73	138
-54	73	138
-50	73	137
-47	73	138
-43	73	137
-40	74	138
-36	73	137
-33	73	138
-30	74	138
-26	74	139
-23	74	139
-20	74	138
-17	74	139
-13	74	139
-10	74	140
-7	74	139
-4	74	139
0	74	139
3	74	139
6	74	139
9	75	140
12	74	140
16	75	140
19	74	140
22	75	140
26	75	140
29	74	140
32	74	140
36	75	140
39	75	141
43	75	141
46	75	140
50	75	141
53	75	141
60	74	139
64	74	139
68	74	139
95	76	143
-217	59	103
-202	60	106
-197	62	109
-195	64	113
-192	67	117
-192	70	123
-189	72	126
-195	78	136
-199	83	145
-189	83	145
-182	83	145
-175	83	146
-168	83	146
-161	84	146
-153	83	146
-147	83	146
-140	83	146
-134	83	146
-129	84	146
-123	84	146
-118	84	146
-112	84	146
-108	84	147
-103	84	147
-98	84	147
-93	84	146
-88	84	146
-84	84	146
-79	84	147
-75	84	147
-71	84	147
-67	84	147
-63	84	147
-59	84	147
-55	84	147
-51	84	147
-47	84	146
-44	84	147
-40	84	147
-36	84	146
-33	84	147
-29	84	147
-25	84	146
-22	84	147
-18	84	147
-15	84	146
-11	84	147
-8	84	147
-5	84	147
-1	84	147
2	84	147
6	84	147
9	84	147
13	84	147
16	85	148
19	84	148
23	85	148
27	85	148
30	85	148
34	85	149
37	85	148
41	85	149
45	85	149
48	85	148
52	85	148
56	85	149
60	85	149
64	85	149
68	85	149
73	85	149
76	85	149
81	85	149
85	85	148
90	85	149
95	85	149
99	85	149
105	86	150
109	85	149
114	85	149
120	85	149
125	85	149
131	85	149
136	85	149
142	85	149
150	86	150
156	86	150
-217	62	100
-204	61	99
-201	63	103
-198	65	107
-195	68	111
-192	70	115
-192	73	120
-189	75	123
-195	82	133
-201	88	143
-192	88	144
-184	88	144
-175	88	143
-168	88	144
-162	88	144
-155	88	144
-147	88	144
-141	88	144
-135	88	144
-129	88	143
-124	88	144
-119	88	144
-113	88	144
-108	89	145
-103	88	144
-98	89	145
-93	88	144
-89	88	144
-84	88	144
-80	88	144
-76	88	145
-72	89	145
-68	89	145
-63	89	145
-59	88	144
-56	89	145
-52	89	145
-48	89	145
-44	88	144
-41	89	145
-37	89	145
-33	88	144
-30	88	144
-26	89	145
-23	89	145
-19	88	144
-16	88	144
-12	88	144
-9	88	145
-5	88	145
-2	89	145
2	89	145
5	89	145
8	89	145
12	89	145
15	89	146
19	89	146
22	89	146
26	89	146
30	90	146
33	90	147
37	90	146
40	90	146
44	89	146
48	90	146
52	90	146
56	90	147
60	90	147
63	90	147
67	90	147
72	90	148
76	90	147
80	90	147
84	90	146
89	90	147
94	90	147
99	90	147
103	90	147
108	90	147
113	90	147
119	90	147
123	90	146
129	89	146
135	90	147
141	90	146
147	90	146
155	90	148
155	87	141
-219	62	95
-208	63	96
-202	64	98
-201	67	102
-195	68	105
-194	71	109
-191	74	113
-189	76	117
-187	79	121
-193	86	131
-199	92	141
-192	93	142
-183	93	142
-176	93	143
-169	93	142
-162	94	143
-155	93	143
-149	94	143
-142	93	143
-136	94	143
-130	93	143
-124	93	143
-119	94	143
-114	94	144
-109	94	144
-104	94	144
-99	94	144
-94	94	143
-89	94	143
-84	94	143
-80	93	143
-76	94	144
-72	94	144
-68	94	144
-64	94	144
-60	94	144
-56	94	144
-52	94	144
-48	94	144
-44	94	144
-40	94	144
-37	94	144
-33	94	144
-29	94	144
-26	94	144
-22	94	144
-19	94	144
-15	94	144
-12	94	144
-8	94	144
-5	94	144
-1	94	144
2	94	144
6	95	145
9	95	145
13	95	145
16	95	145
20	95	145
23	95	146
27	95	146
30	95	145
34	95	145
38	95	146
41	94	144
45	95	145
49	95	146
53	96	146
57	95	145
61	95	146
65	95	146
69	96	146
73	95	146
77	95	146
82	95	146
86	95	146
91	95	146
96	96	146
100	95	146
105	95	146
110	96	146
115	95	146
121	95	146
126	95	145
131	95	145
138	95	146
144	95	146
130	82	126
134	81	124
156	91	139
-219	65	93
-206	65	93
-202	67	96
-199	69	99
-195	72	103
-193	74	107
-190	77	110
-189	80	115
-187	83	119
-187	87	124
-198	96	138
-193	98	140
-185	98	140
-177	98	140
-169	98	140
-163	98	141
-155	98	141
-149	98	141
-142	98	141
-136	98	141
-130	98	141
-124	98	140
-120	99	142
-114	99	142
-108	98	141
-104	99	142
-99	99	142
-94	99	142
-89	99	142
-84	98	141
-80	99	142
-76	99	141
-72	99	141
-68	99	142
-64	99	142
-60	99	142
-56	99	142
-51	99	141
-48	99	142
-44	99	141
-40	99	141
-36	99	142
-33	99	142
-29	99	141
-25	99	142
-22	99	141
-18	99	141
-15	99	142
-11	99	141
-8	99	142
-4	99	142
-1	99	142
3	99	142
6	99	142
10	99	142
14	99	142
17	100	143
20	99	143
24	100	143
28	100	143
31	100	143
35	100	143
39	100	143
42	100	143
46	100	143
50	100	143
54	100	143
58	100	144
62	100	144
66	100	144
70	100	144
75	100	144
78	100	143
83	100	144
88	100	144
93	101	145
97	101	144
102	100	144
107	100	144
112	100	143
117	100	143
121	99	142
127	99	142
133	100	143
140	100	144
136	93	133
130	85	122
134	84	120
155	93	133
-209	67	90
-202	68	92
-201	72	97
-196	74	99
-194	76	103
-191	79	107
-188	82	110
-189	86	116
-185	88	119
-192	96	129
-197	102	138
-188	102	138
-179	102	138
-172	102	138
-165	103	139
-158	103	138
-151	103	138
-145	103	138
-138	102	138
-132	102	138
-126	102	138
-121	103	138
-116	103	139
-110	103	138
-106	103	139
-101	103	139
-96	104	140
-91	103	139
-86	103	138
-82	103	139
-77	103	138
-73	103	139
-69	103	139
-65	103	139
-61	103	139
-57	104	140
-53	104	140
-49	103	139
-46	103	139
-42	103	139
-38	103	139
-34	103	139
-31	103	139
-27	103	139
-23	103	139
-20	104	140
-16	103	139
-13	103	139
-9	103	139
-6	103	139
-2	103	139
1	103	139
5	104	139
8	104	140
12	104	140
15	104	140
19	104	140
22	104	140
26	104	140
29	104	140
33	104	140
37	104	140
41	104	141
44	104	140
48	104	140
52	105	141
56	104	141
60	104	140
64	105	141
68	105	141
72	104	141
76	105	141
80	104	140
85	105	141
90	105	141
95	105	142
99	105	141
104	105	141
109	104	141
114	105	141
119	104	141
125	104	141
130	104	140
136	104	140
143	104	141
130	91	123
132	88	119
135	86	116
154	95	128
-209	69	88
-202	71	90
-201	74	94
-197	76	97
-194	79	100
-191	82	104
-189	85	108
-186	88	111
-185	91	115
-193	99	126
-199	107	135
-190	107	135
-181	106	135
-173	106	135
-167	107	136
-160	108	136
-153	107	136
-146	107	136
-140	107	136
-134	107	136
-128	107	136
-122	107	135
-117	107	136
-112	108	137
-107	108	136
-102	107	136
-97	108	137
-92	107	136
-87	107	136
-82	107	135
-79	108	137
-74	107	136
-70	108	136
-66	108	137
-62	108	137
-58	108	137
-54	108	137
-50	108	136
-46	108	136
-42	108	136
-39	108	137
-35	108	137
-31	107	136
-28	108	136
-24	108	136
-21	107	136
-17	108	137
-13	108	136
-10	107	136
-6	108	137
-3	108	137
1	108	137
4	108	137
8	108	137
11	108	137
15	108	137
18	108	138
22	109	138
25	109	138
29	108	137
33	108	137
36	108	137
40	109	138
44	109	138
48	109	138
51	109	138
55	109	139
59	109	138
63	109	138
68	109	139
72	109	138
76	109	138
80	109	138
85	109	139
89	109	139
94	109	139
99	109	138
104	109	138
108	109	138
114	109	138
118	108	137
124	109	138
130	109	138
135	108	137
142	109	138
131	96	122
131	92	116
134	90	114
-217	69	83
-206	70	84
-201	72	86
-199	75	90
-195	77	92
-195	81	97
-192	84	100
-188	87	103
-188	91	108
-186	94	112
-183	96	115
-189	104	124
-195	112	134
-186	112	134
-177	112	133
-170	112	134
-164	113	134
-157	113	135
-149	112	134
-143	112	134
-137	112	134
-130	112	133
-125	112	134
-120	112	134
-114	113	134
-109	113	134
-104	113	134
-100	113	135
-95	113	135
-90	113	134
-85	112	134
-80	112	134
-76	112	134
-72	113	134
-68	113	135
-64	113	135
-60	113	135
-56	113	135
-52	113	135
-48	113	135
-44	113	135
-40	113	135
-37	113	135
-33	113	135
-29	113	135
-26	113	135
-22	113	135
-18	113	135
-15	113	135
-11	113	135
-7	113	135
-4	113	135
0	113	135
3	113	135
7	114	136
10	113	135
14	114	136
17	114	136
21	114	136
25	113	135
28	114	136
32	114	136
36	114	136
39	114	136
43	114	137
47	114	136
51	114	136
55	114	136
59	114	136
63	115	137
67	114	136
71	114	136
75	114	136
80	114	137
84	114	137
89	114	137
94	115	137
99	115	137
103	114	136
108	114	137
113	114	137
118	114	136
123	113	135
130	114	136
136	114	136
141	114	136
148	115	137
130	96	115
131	92	110
134	90	107
136	88	105
-210	68	76
-204	70	78
-203	73	82
-197	75	84
-193	78	87
-194	82	92
-192	85	95
-190	88	99
-188	92	103
-184	94	106
-179	96	108
-180	101	113
-174	102	115
-182	111	125
-187	119	134
-179	119	134
-171	119	133
-163	119	134
-157	119	134
-151	120	135
-143	119	134
-137	119	134
-131	120	134
-126	120	135
-120	120	134
-114	119	134
-109	119	134
-104	120	135
-99	120	135
-95	120	135
-90	120	135
-85	120	135
-80	120	135
-76	120	135
-71	119	134
-67	120	135
-63	120	135
-59	120	135
-55	120	135
-51	120	135
-47	120	135
-43	120	135
-39	121	136
-35	121	136
-32	121	136
-28	120	135
-24	121	136
-20	120	135
-17	120	135
-13	120	135
-9	120	135
-6	121	136
-2	120	135
2	120	135
5	121	136
9	120	135
13	120	135
16	120	135
20	121	136
23	121	136
27	121	136
31	121	136
35	121	136
38	121	136
42	121	136
46	121	137
50	121	136
54	121	136
58	121	136
62	122	137
66	121	136
70	121	136
75	121	137
80	122	137
85	122	137
89	122	137
94	121	137
98	122	137
103	121	136
108	121	137
113	120	135
119	121	136
125	122	137
130	121	136
136	121	136
142	121	136
149	122	137
156	122	137
162	122	137
132	94	106
132	91	102
134	88	99
138	86	97
-211	68	72
-201	69	73
-200	72	76
-196	75	79
-195	78	83
-192	81	86
-192	85	90
-189	88	93
-185	91	96
-184	94	100
-181	97	103
-175	98	104
-173	101	107
-173	106	113
-169	108	115
-189	126	134
-181	127	134
-174	127	134
-166	126	134
-159	126	134
-152	127	134
-146	127	134
-139	127	134
-133	126	134
-127	127	134
-122	127	134
-115	126	134
-111	127	134
-105	127	134
-101	127	135
-96	128	135
-91	127	134
-86	127	135
-82	128	135
-77	128	135
-73	127	135
-68	127	135
-64	127	135
-60	127	135
-56	127	135
-51	127	135
-48	127	135
-44	127	135
-40	128	135
-36	128	136
-32	128	135
-28	128	136
-24	127	135
-20	128	135
-17	128	136
-13	128	136
-9	128	135
-5	128	135
-2	128	135
2	128	136
6	128	135
9	128	136
13	128	135
17	128	135
20	128	136
24	128	136
28	128	136
32	128	136
36	129	136
40	128	136
43	128	136
47	128	136
52	128	136
55	128	136
60	128	136
64	128	136
69	129	137
73	129	137
77	129	137
82	129	137
86	129	137
91	129	137
96	129	136
101	129	137
105	128	136
111	128	136
116	129	136
121	128	136
127	129	137
133	128	136
140	129	137
145	129	137
152	129	137
159	129	136
166	129	137
174	129	137
134	95	101
132	90	95
132	86	91
134	83	89
-209	66	66
-203	68	68
-199	71	71
-196	74	74
-193	76	76
-189	79	79
-192	84	84
-188	87	87
-185	90	90
-183	93	93
-182	97	97
-177	99	99
-173	101	101
-170	103	103
-168	107	107
-167	111	111
-163	113	113
-173	125	125
-177	134	134
-169	133	133
-162	133	133
-155	133	133
-149	134	134
-143	134	134
-136	134	134
-130	134	134
-124	134	134
-118	134	134
-113	133	133
-108	134	134
-102	133	133
-98	134	134
-93	134	134
-88	134	134
-83	134	134
-79	134	134
-75	135	135
-70	135	135
-66	135	135
-61	134	134
-57	135	135
-53	135	135
-49	134	134
-45	134	134
-41	134	134
-37	135	135
-33	135	135
-29	135	135
-25	135	135
-21	135	135
-18	135	135
-14	135	135
-10	135	135
-6	135	135
-2	135	135
1	135	135
5	135	135
9	134	134
13	135	135
16	135	135
20	135	135
24	135	135
28	135	135
32	135	135
36	135	135
40	135	135
44	135	135
48	136	136
52	135	135
56	136	136
61	136	136
65	137	137
69	136	136
73	136	136
78	136	136
82	136	136
87	136	136
92	136	136
96	135	135
102	135	135
107	135	135
112	136	136
117	136	136
123	136	136
129	136	136
135	136	136
141	136	136
147	136	136
153	135	135
159	135	135
167	136	136
176	137	137
185	137	137
136	96	96
133	90	90
132	86	86
133	82	82
-220	64	61
-208	65	61
-202	67	63
-198	70	66
-193	72	68
-191	75	71
-189	79	74
-186	81	77
-184	85	80
-184	89	84
-181	92	87
-177	94	89
-177	99	93
-174	101	96
-168	103	97
-166	106	100
-163	109	103
-161	112	106
-158	115	108
-157	119	113
-153	121	114
-171	141	133
-166	143	135
-158	143	134
-152	143	135
-144	142	134
-138	143	135
-132	143	135
-127	143	135
-120	143	135
-114	142	134
-109	143	135
-104	143	135
-98	142	134
-94	143	135
-88	142	134
-84	143	135
-79	143	135
-75	143	135
-70	143	135
-66	143	135
-61	144	135
-57	144	136
-52	143	135
-48	144	136
-44	144	136
-40	144	136
-36	144	136
-32	144	136
-27	144	136
-24	144	136
-20	144	136
-15	143	135
-11	143	135
-8	143	135
-4	143	135
0	144	136
4	143	135
8	143	135
12	144	136
16	144	136
20	144	136
24	144	136
28	144	136
32	144	136
36	144	136
40	144	136
45	144	136
49	145	137
53	145	137
58	145	137
62	144	136
66	145	137
71	145	137
75	144	136
80	145	137
84	144	136
89	144	136
94	145	136
100	145	137
105	145	137
110	144	136
115	144	136
121	145	137
127	145	137
133	145	137
139	145	137
145	144	136
151	144	136
158	144	136
167	146	137
174	145	137
182	146	137
188	145	136
198	146	138
188	132	125
135	90	85
131	84	79
130	79	75
-212	65	58
-203	67	59
-202	71	63
-194	72	64
-191	75	67
-189	79	70
-187	82	73
-185	85	76
-181	88	78
-180	92	82
-180	96	85
-177	99	88
-173	101	90
-170	104	93
-167	107	95
-164	110	98
-161	113	100
-159	116	103
-155	118	105
-154	123	109
-151	125	112
-169	147	130
-163	148	131
-156	148	131
-142	140	125
-131	136	121
-136	148	131
-131	149	132
-124	148	132
-118	148	131
-113	148	132
-107	148	131
-102	148	131
-97	148	131
-92	148	132
-87	148	131
-82	148	131
-77	148	131
-73	149	132
-69	149	132
-64	149	132
-60	149	132
-55	149	133
-51	149	133
-47	150	133
-42	150	133
-38	149	133
-34	150	133
-30	150	133
-26	150	133
-22	150	133
-18	149	133
-13	149	132
-9	149	133
-5	149	133
-1	149	133
3	149	133
7	149	133
10	149	133
14	149	133
19	151	134
22	150	133
27	149	133
31	150	133
35	150	133
39	150	133
43	150	133
47	149	133
52	150	133
56	149	133
60	150	133
65	151	134
69	150	134
74	150	134
78	150	133
83	150	133
88	149	133
93	149	133
98	150	133
103	149	132
109	150	134
114	150	134
120	150	134
126	150	134
132	150	134
138	150	133
143	150	133
150	149	133
156	149	133
165	151	134
172	151	134
180	151	134
186	150	133
195	151	134
195	143	127
185	130	116
133	89	79
131	84	75
-217	63	53
-205	64	54
-203	68	57
-196	69	58
-191	72	60
-188	75	63
-185	78	65
-181	80	67
-182	85	71
-180	88	74
-177	91	76
-174	94	79
-173	98	82
-170	101	84
-166	103	86
-165	107	89
-160	114	95
-158	117	98
-155	120	101
-153	123	103
-149	126	105
-145	128	107
-143	131	110
-140	135	113
-138	138	116
-132	139	116
-126	139	116
-137	158	132
-132	159	133
-126	158	133
-121	159	134
-114	159	133
-109	160	134
-104	159	133
-98	159	133
-93	159	133
-87	158	133
-82	158	133
-77	158	133
-73	159	133
-68	158	132
-64	159	133
-59	159	133
-55	160	134
-50	159	134
-46	160	134
-41	160	134
-37	160	134
-33	160	134
-28	160	134
-24	160	134
-20	160	134
-16	160	134
-11	160	134
-7	160	134
-3	160	134
1	160	134
5	160	134
10	160	134
14	160	134
18	160	134
22	160	134
26	161	135
30	161	135
35	161	134
39	160	134
43	160	134
48	160	134
52	160	134
56	160	134
61	160	134
66	160	134
71	160	134
75	160	134
80	161	135
85	161	135
90	160	134
95	160	134
100	161	135
106	160	134
112	161	135
117	160	134
123	160	134
129	161	135
134	160	134
141	160	134
147	160	134
156	162	135
162	161	135
170	162	136
176	160	134
184	161	135
192	161	135
201	161	135
209	161	135
205	151	126
191	134	113
181	122	102
133	84	71
131	79	66
126	73	61
-216	65	52
-204	66	52
-201	69	55
-195	72	57
-190	74	58
-186	77	61
-184	80	63
-182	84	66
-182	88	69
-180	91	72
-176	94	74
-173	97	76
-173	101	80
-167	102	81
-166	106	84
-163	109	86
-159	112	88
-160	117	93
-156	120	94
-154	123	97
-154	128	101
-147	128	101
-144	131	103
-143	136	107
-140	139	109
-137	142	112
-131	142	112
-125	142	112
-137	162	127
-131	162	128
-125	162	128
-120	163	129
-114	163	128
-109	163	129
-102	162	128
-97	162	128
-92	163	129
-87	162	128
-82	163	129
-77	162	127
-73	163	128
-68	162	128
-63	163	128
-59	163	128
-54	163	129
-50	163	129
-45	163	129
-41	163	129
-37	164	129
-33	163	129
-28	164	129
-24	163	129
-20	164	129
-16	164	129
-11	164	129
-7	164	129
-3	164	129
1	164	129
5	164	129
9	164	129
14	164	129
18	163	129
22	163	129
26	164	129
31	164	129
35	164	129
39	164	129
43	163	129
48	163	129
52	164	129
57	163	129
61	163	129
66	164	130
70	163	129
76	164	129
80	164	129
85	165	130
90	164	129
95	164	129
101	164	130
106	164	130
112	164	129
117	164	129
123	164	129
128	164	129
135	164	130
141	163	129
148	164	129
155	165	130
162	165	130
169	165	130
176	164	130
184	164	130
192	165	130
201	165	130
209	164	129
205	155	122
193	139	110
182	125	99
132	86	68
131	81	64
127	76	60
-218	61	45
-204	61	46
-200	64	48
-195	67	50
-194	71	52
-190	74	55
-186	76	57
-184	80	59
-181	83	62
-174	84	62
-170	86	64
-166	89	66
-167	94	69
-168	99	73
-166	102	76
-163	105	78
-161	108	80
-160	112	83
-156	115	85
-153	118	88
-151	121	90
-148	124	92
-145	127	94
-143	130	97
-140	133	99
-136	135	100
-132	138	102
-131	143	106
-155	176	131
-151	179	133
-145	180	133
-138	180	133
-131	179	133
-125	179	133
-118	179	133
-113	179	133
-107	179	133
-102	180	134
-96	180	133
-91	180	134
-85	180	133
-80	179	133
-75	180	134
-70	180	133
-64	179	133
-60	180	133
-55	179	133
-50	179	133
-45	179	133
-41	180	134
-36	180	133
-31	180	134
-27	180	134
-22	180	134
-18	181	134
-13	181	134
-9	181	134
-4	181	134
0	180	134
5	180	134
10	180	133
14	180	133
18	181	134
23	180	134
28	181	134
32	180	134
37	181	134
41	181	134
46	180	134
51	181	134
56	181	134
60	180	134
66	181	134
71	181	134
76	181	134
81	182	135
86	181	135
91	181	134
97	181	135
102	180	134
107	180	134
113	181	134
120	181	135
125	181	134
132	181	134
139	182	135
145	182	135
152	182	135
158	180	134
166	181	134
161	168	125
151	151	112
139	133	98
142	130	96
146	127	94
150	125	93
152	122	90
157	120	89
159	117	87
131	83	62
130	79	59
129	75	56
-216	59	41
-203	60	41
-201	63	44
-194	66	46
-193	69	48
-190	73	51
-186	76	53
-182	78	55
-179	81	57
-174	83	58
-169	85	59
-165	87	61
-162	90	63
-169	98	68
-163	100	70
-162	104	72
-159	106	74
-158	111	77
-154	112	78
-151	116	81
-149	119	83
-147	123	85
-144	126	88
-143	130	91
-139	132	92
-135	134	93
-132	136	95
-170	191	133
-164	193	135
-157	193	134
-150	194	135
-143	193	135
-137	194	135
-130	194	135
-124	194	135
-118	194	136
-111	193	134
-106	194	135
-99	193	135
-94	194	135
-88	194	135
-83	194	135
-77	194	135
-72	194	135
-67	194	135
-62	194	135
-57	195	136
-52	195	136
-47	196	136
-42	196	136
-37	195	136
-32	195	136
-27	196	137
-22	195	136
-17	195	136
-12	195	136
-8	196	136
-3	196	137
2	196	137
7	196	136
12	195	136
16	195	136
21	195	136
26	195	136
31	195	136
36	196	136
41	197	137
45	196	136
51	196	137
55	195	136
61	196	137
66	195	136
71	196	136
76	195	136
81	194	135
87	195	136
92	195	136
98	195	136
104	195	136
110	196	136
116	195	136
123	196	137
129	196	137
135	195	136
141	195	136
148	195	136
118	147	102
129	147	102
132	144	101
136	142	99
143	143	100
138	132	92
141	129	90
146	128	90
149	125	87
174	128	90
181	128	89
186	126	88
183	119	83
133	81	57
130	76	53
127	71	49
-229	58	38
-215	59	39
-203	60	40
-201	64	42
-194	66	43
-193	71	46
-189	73	48
-185	76	50
-182	79	52
-178	82	54
-175	85	55
-170	87	57
-163	88	58
-161	91	59
-198	117	76
-161	100	65
-158	103	67
-159	108	71
-156	111	73
-154	115	75
-151	117	77
-148	120	78
-145	123	80
-144	127	83
-141	130	85
-138	134	87
-133	135	88
-132	139	91
-156	172	112
-168	193	126
-163	196	128
-159	200	131
-154	203	132
-146	202	132
-139	202	132
-133	202	132
-127	203	133
-120	203	133
-114	203	133
-108	203	133
-102	203	133
-96	204	133
-90	203	133
-85	203	133
-79	203	133
-74	203	133
-68	202	132
-63	204	133
-58	203	133
-52	203	133
-47	203	133
-42	204	133
-37	204	134
-32	204	133
-27	204	133
-22	204	133
-17	204	133
-12	204	134
-7	204	134
-2	205	134
3	204	134
8	205	134
12	204	134
17	204	133
22	204	134
27	204	134
32	205	134
37	205	134
42	204	134
47	205	134
52	204	134
58	204	134
63	204	133
68	204	134
74	204	133
79	204	133
84	203	133
90	204	133
96	205	134
102	204	134
108	205	134
114	204	134
121	205	134
127	204	134
133	204	133
141	204	134
147	203	133
115	152	99
117	147	96
122	146	96
128	147	96
132	145	95
137	144	94
138	138	91
140	134	88
143	131	86
167	135	88
173	134	88
181	134	88
189	134	88
193	131	86
185	120	79
133	82	53
131	76	50
126	70	46
-216	58	35
-203	59	36
-202	63	39
-195	66	40
-193	69	42
-190	73	44
-186	75	46
-182	78	48
-179	81	50
-174	83	51
-171	86	53
-166	88	54
-161	90	55
-216	125	77
-160	98	60
-158	102	62
-155	105	64
-153	108	66
-153	113	69
-150	115	70
-147	118	72
-147	123	75
-143	125	77
-140	128	78
-137	131	80
-135	134	82
-131	137	84
-168	190	116
-164	194	119
-160	198	121
-156	202	124
-153	208	127
-149	212	130
-143	213	131
-136	213	130
-130	214	131
-123	214	131
-116	213	130
-111	215	131
-105	215	131
-99	215	132
-92	215	131
-87	215	132
-81	215	131
-75	215	131
-70	215	132
-64	215	131
-58	214	131
-53	214	131
-48	214	131
-42	214	131
-37	214	131
-32	214	131
-27	215	131
-22	214	131
-17	214	131
-11	215	132
-6	215	132
-1	215	132
4	215	131
9	215	132
14	216	132
19	216	132
24	216	132
29	215	132
34	216	132
40	216	132
45	215	132
50	215	132
56	215	132
61	215	131
67	216	132
72	216	132
78	215	132
83	215	132
89	216	132
95	215	132
101	216	132
107	216	132
113	215	131
119	214	131
126	216	132
132	215	131
139	215	131
107	157	96
110	153	94
114	152	93
120	152	93
124	150	92
127	147	90
132	146	89
133	142	87
136	138	84
166	142	87
172	141	86
179	140	86
187	141	86
198	142	87
202	139	85
190	125	76
180	113	69
132	78	48
128	72	44
126	68	41
-222	55	32
-211	57	33
-201	59	34
-198	63	36
-194	66	38
-193	70	40
-188	73	41
-184	75	43
-181	78	45
-178	82	47
-174	84	48
-169	86	49
-162	87	50
-164	92	53
-160	95	54
-158	98	56
-156	102	58
-154	105	60
-151	108	62
-149	111	63
-146	114	65
-143	117	67
-144	123	70
-141	125	71
-137	128	73
-135	130	75
-133	134	77
-169	185	106
-165	189	108
-162	194	111
-158	198	113
-154	203	116
-150	206	118
-146	210	120
-143	216	123
-137	219	125
-133	223	127
-129	227	130
-126	233	133
-119	233	133
-113	234	134
-106	234	134
-100	234	134
-93	234	134
-87	235	134
-81	234	134
-75	233	133
-69	234	133
-63	234	134
-58	235	134
-52	235	134
-46	235	135
-41	236	135
-35	235	134
-29	236	135
-24	236	135
-18	228	130
-12	223	127
-6	217	124
-1	217	124
4	222	127
9	230	132
15	234	134
20	236	135
26	237	136
31	236	135
37	237	135
43	237	135
49	237	135
54	235	135
60	235	134
65	235	134
71	235	134
78	236	135
77	216	123
89	235	134
96	236	135
102	235	134
109	236	135
115	235	134
122	235	135
108	196	112
113	194	111
117	192	110
122	190	109
103	153	87
106	150	86
112	151	86
119	153	88
122	150	86
150	155	88
156	154	88
163	155	89
169	153	88
176	153	87
186	155	89
194	155	88
201	153	88
211	147	84
203	135	77
187	119	68
126	72	41
126	69	39
126	65	37
-221	54	29
-212	57	30
-201	58	31
-197	62	33
-194	65	35
-192	69	37
-188	72	38
-184	75	40
-180	78	41
-175	80	43
-172	83	44
-169	86	46
-161	86	46
-163	92	49
-158	93	50
-158	98	52
-156	102	54
-154	104	56
-151	108	57
-149	111	59
-147	114	61
-143	116	62
-141	120	64
-139	123	66
-136	126	67
-133	129	69
-133	135	72
-169	185	98
-165	189	100
-125	151	80
-121	153	81
-154	202	107
-148	204	108
-146	210	112
-141	213	113
-137	217	116
-133	221	118
-127	224	119
-124	229	122
-120	235	125
-116	240	128
-112	247	131
-107	250	133
-101	251	134
-94	252	134
-89	253	135
-82	253	135
-75	252	134
-69	253	135
-63	254	135
-57	252	134
-51	253	135
-45	253	134
-38	250	133
-31	243	129
-25	237	126
-19	231	123
-13	222	118
-7	216	115
-2	213	113
2	215	114
8	224	119
13	232	123
19	238	126
25	244	130
31	248	132
38	254	135
44	255	136
50	255	136
56	254	135
62	254	135
68	254	135
67	228	121
69	217	115
88	223	119
105	251	134
113	254	135
118	250	133
101	200	107
98	184	98
108	181	96
111	178	95
108	164	87
138	167	89
141	163	87
150	166	88
156	166	88
163	166	88
171	167	89
179	167	89
186	166	88
192	164	87
197	161	86
201	157	84
204	153	82
209	150	80
197	129	69
184	115	61
126	74	39
126	70	37
125	66	35
127	64	34
-225	51	25
-214	53	26
-204	55	27
-202	60	29
-195	62	31
-193	66	33
-190	69	34
-186	72	36
-183	75	37
-178	78	39
-174	81	40
-170	83	41
-163	84	42
-161	88	43
-160	91	45
-157	94	47
-157	99	49
-155	102	50
-152	105	52
-150	108	54
-149	112	55
-144	114	56
-144	119	59
-141	122	60
-137	124	61
-135	127	63
-132	130	64
-170	181	90
-166	185	91
-163	190	94
-155	197	97
-151	201	99
-146	204	101
-142	208	103
-138	212	105
-134	216	107
-130	221	109
-126	225	111
-122	229	113
-117	232	115
-114	239	118
-109	244	120
-105	249	123
-100	253	125
-95	257	127
-91	264	130
-86	267	132
-80	272	134
-75	275	136
-68	275	136
-61	273	135
-41	211	104
-44	253	125
-37	247	122
-31	239	118
-25	235	116
-19	233	115
-13	219	108
-7	213	105
-2	212	105
3	216	107
8	221	109
13	227	112
18	232	115
24	239	118
31	249	123
37	253	125
43	253	125
46	239	118
51	236	117
56	233	115
65	225	111
85	218	108
92	222	110
92	207	102
88	187	92
91	181	90
94	178	88
123	180	89
129	180	89
135	181	89
140	180	89
148	181	89
153	179	89
157	176	87
169	181	89
176	180	89
179	176	87
184	174	86
188	170	84
193	166	82
195	161	80
193	152	75
194	147	72
197	143	70
200	138	68
204	134	66
191	120	59
128	76	37
127	72	35
128	68	34
127	65	32
-226	50	23
-214	52	24
-203	55	25
-199	58	26
-196	62	28
-194	65	30
-190	69	31
-186	72	33
-183	75	34
-178	77	35
-173	80	37
-170	83	38
-163	84	38
-161	88	40
-157	90	41
-157	94	43
-157	99	45
-155	102	46
-151	104	48
-150	108	49
-148	112	51
-143	113	51
-143	118	54
-141	121	55
-139	125	57
-134	126	58
-131	129	59
-170	181	83
-167	185	85
-151	201	91
-147	204	93
-143	209	95
-138	211	96
-134	215	98
-130	219	100
-127	225	103
-122	229	105
-117	232	106
-113	236	108
-109	242	111
-105	247	113
-99	250	114
-95	255	116
-90	259	118
-85	265	121
-81	271	124
-75	275	125
-70	282	128
-55	247	112
-41	208	95
-45	255	116
-32	246	112
-23	265	121
-13	214	98
-8	211	96
-3	208	95
2	213	97
7	219	100
12	223	102
17	229	104
23	236	108
29	243	111
35	250	114
41	252	115
45	241	110
50	236	108
54	231	105
59	230	105
64	225	103
67	219	100
71	214	97
75	210	96
76	198	90
79	193	88
107	196	89
113	196	90
118	195	89
124	195	89
130	196	89
138	197	90
144	197	90
151	197	90
157	196	90
162	193	88
167	191	87
171	187	85
175	183	84
179	179	82
173	166	76
176	162	74
181	159	72
183	154	70
186	150	68
190	146	67
194	143	65
199	140	64
201	135	62
199	127	58
186	114	52
129	74	34
127	70	32
126	65	30
126	62	28
-220	49	20
-210	52	22
-203	54	23
-200	58	24
-194	61	26
-194	66	27
-190	69	29
-186	72	30
-181	74	31
-178	78	33
-173	80	34
-170	83	35
-162	84	35
-161	88	37
-156	89	37
-157	94	39
-157	99	41
-154	101	42
-150	104	43
-149	108	45
-147	111	47
-142	113	47
-143	118	50
-140	121	51
-138	124	52
-133	126	53
-132	130	54
-128	131	55
-125	134	56
-124	139	58
-154	197	82
-149	199	83
-146	203	85
-142	208	87
-138	212	89
-134	215	90
-129	219	92
-124	222	93
-121	226	95
-117	232	97
-113	236	99
-108	239	100
-103	243	102
-99	250	105
-94	253	106
-89	257	108
-85	263	110
-79	267	112
-75	273	115
-70	278	116
-54	238	100
-41	206	86
-51	284	119
-52	332	139
-45	332	139
-37	333	140
-30	335	140
-13	211	88
-9	210	88
-4	205	86
1	210	88
6	216	91
11	220	92
16	226	95
21	231	97
27	238	100
34	246	103
40	250	105
44	243	102
48	233	98
53	230	97
55	216	91
59	213	89
82	217	91
87	217	91
93	217	91
99	218	91
105	218	92
108	212	89
115	215	90
123	218	91
129	217	91
135	216	91
139	213	89
144	210	88
149	208	87
143	189	79
155	179	75
156	173	73
164	174	73
168	171	72
168	163	69
174	162	68
177	158	66
181	155	65
183	150	63
188	147	62
187	140	59
181	129	54
192	119	50
131	76	32
128	71	30
127	67	28
129	65	27
127	60	25
-229	46	18
-217	49	19
-210	52	20
-202	55	21
-201	59	23
-194	62	24
-193	66	25
-188	69	26
-183	72	27
-179	75	29
-174	77	30
-170	80	30
-164	81	31
-160	84	32
-158	87	33
-155	90	34
-156	95	36
-155	99	38
-152	101	39
-149	104	40
-147	108	41
-143	109	42
-139	112	43
-143	119	46
-140	122	47
-135	123	47
-132	126	48
-132	132	50
-125	131	50
-123	134	51
-121	138	53
-118	141	54
-115	143	55
-113	146	56
-149	200	77
-144	204	78
-139	207	79
-136	211	81
-132	215	83
-128	219	84
-124	223	85
-119	227	87
-115	230	88
-111	236	90
-106	239	92
-102	243	93
-97	249	95
-93	254	97
-88	257	99
-83	263	101
-79	267	102
-74	272	104
-67	271	104
-50	225	86
-56	362	139
-49	364	140
-40	364	139
-32	365	140
-13	211	81
-8	205	78
-3	204	78
1	208	80
6	213	82
11	219	84
16	224	86
21	231	88
27	236	90
33	239	92
37	233	89
60	240	92
65	239	91
71	238	91
76	237	91
81	234	90
88	236	90
94	237	91
100	238	91
106	237	91
113	238	91
117	233	89
128	230	88
133	225	86
135	219	84
140	215	82
144	213	81
140	196	75
144	192	74
145	185	71
150	184	70
154	181	69
160	179	69
162	173	66
164	168	64
168	166	63
174	157	60
166	143	55
169	140	53
170	134	51
212	140	54
199	125	48
184	110	42
130	73	28
129	69	26
126	64	24
129	62	24
14	4	2
-224	45	16
-213	48	17
-210	52	18
-202	55	19
-198	59	20
-194	62	21
-192	66	23
-187	69	24
-183	72	25
-179	75	26
-174	77	27
-170	80	28
-163	81	28
-162	85	29
-155	86	30
-155	90	31
-156	95	33
-154	98	34
-151	101	35
-149	105	36
-148	109	38
-143	110	38
-140	113	39
-141	118	41
-139	122	42
-133	123	43
-132	126	44
-128	129	45
-126	132	46
-122	133	46
-120	137	48
-117	140	49
-114	143	50
-143	203	71
-139	208	72
-135	210	73
-131	216	75
-126	218	76
-123	223	78
-118	227	79
-114	230	80
-109	234	81
-105	239	83
-101	243	84
-96	247	86
-91	251	87
-87	257	89
-82	261	91
-78	267	93
-72	270	94
-63	257	89
-47	214	74
-63	402	140
-54	404	140
-45	407	141
-36	403	140
-13	212	74
-8	206	72
-3	202	70
1	206	72
6	211	73
11	217	75
16	222	77
21	227	79
26	233	81
33	241	84
39	248	86
46	255	88
53	259	90
57	254	88
66	266	93
73	267	93
79	266	92
85	264	92
90	260	90
92	248	86
97	230	80
110	246	85
113	239	83
118	237	82
123	233	81
124	212	73
129	209	73
132	203	71
137	202	70
140	197	68
141	190	66
146	188	65
149	183	64
151	177	62
156	175	61
150	161	56
152	157	54
162	153	53
194	154	53
200	152	53
204	148	51
209	145	50
213	141	49
202	127	44
188	113	39
177	101	35
132	71	24
132	67	23
134	64	22
-229	44	14
-216	46	14
-209	50	15
-206	53	17
-200	57	18
-194	60	19
-194	64	20
-189	67	21
-185	70	22
-180	73	23
-175	75	24
-171	78	24
-166	80	25
-160	82	26
-157	85	27
-155	88	27
-157	94	29
-154	97	30
-151	99	31
-149	103	32
-148	107	33
-143	108	34
-138	109	34
-143	118	37
-139	120	38
-135	121	38
-131	124	39
-126	130	40
-123	133	41
-120	135	42
-118	138	43
-114	140	44
-112	143	45
-139	204	64
-136	209	65
-132	212	66
-128	217	68
-123	220	69
-119	224	70
-116	229	72
-111	232	72
-129	300	94
-117	292	91
-85	259	81
-79	263	82
-74	267	83
-70	272	85
-53	230	72
-41	201	63
-69	412	129
-61	422	132
-52	430	134
-43	437	136
-15	210	66
-10	205	64
-5	201	63
-1	204	64
4	208	65
8	214	67
13	219	68
19	225	70
24	231	72
29	235	73
36	242	76
42	249	78
49	254	79
55	255	80
60	253	79
68	262	82
79	256	80
84	252	79
92	241	75
97	239	74
102	235	73
103	224	70
116	226	70
118	218	68
122	213	67
126	209	65
129	205	64
134	202	63
138	198	62
139	191	60
134	175	55
137	172	54
147	169	53
184	170	53
187	165	52
191	162	50
195	158	49
199	154	48
202	150	47
206	146	46
210	142	44
212	137	43
197	121	38
183	107	33
174	96	30
138	68	21
135	63	20
13	4	1
-228	42	12
-217	45	13
-211	49	14
-203	52	14
-200	56	15
-195	59	16
-193	63	17
-190	66	18
-185	69	19
-181	73	20
-175	74	21
-172	78	22
-168	80	22
-160	81	22
-157	84	23
-154	86	24
-156	92	26
-155	96	27
-152	99	27
-150	102	28
-148	105	29
-143	107	30
-139	109	30
-142	116	32
-139	119	33
-134	120	33
-131	122	34
-137	133	37
-127	129	36
-124	132	37
-121	134	37
-118	137	38
-116	141	39
-112	142	39
-141	203	56
-136	206	57
-128	203	56
-124	208	58
-120	211	58
-120	222	61
-116	226	63
-112	230	64
-129	297	82
-118	288	80
-111	288	80
-102	284	79
-81	261	72
-76	265	74
-71	269	75
-58	242	67
-71	408	113
-63	415	115
-54	420	116
-46	432	120
-38	445	123
-12	208	58
-7	202	56
-2	200	55
2	204	57
7	209	58
11	214	59
16	221	61
21	225	62
27	231	64
33	236	65
39	245	68
46	250	69
52	256	71
57	250	69
64	255	71
71	261	72
77	259	72
80	250	69
85	247	68
90	243	67
94	238	66
99	234	65
105	221	61
103	206	57
106	201	56
153	197	55
158	194	54
161	190	53
165	186	52
168	181	50
173	179	50
176	174	48
180	171	47
184	167	46
188	163	45
192	159	44
195	155	43
199	151	42
204	148	41
207	144	40
210	139	39
211	133	37
194	116	32
181	103	28
170	92	25
161	82	23
152	73	20
145	66	18
13	3	1
-238	41	10
-221	43	10
-212	46	11
-209	50	12
-200	57	14
-194	60	15
-192	64	16
-187	67	16
-182	70	17
-179	73	18
-174	76	18
-170	79	19
-162	79	19
-162	84	20
-155	84	20
-154	88	21
-156	94	23
-153	97	23
-151	100	24
-149	103	25
-147	107	26
-143	109	26
-137	109	26
-140	117	28
-138	120	29
-133	121	29
-132	125	30
-129	127	31
-125	129	31
-122	132	32
-120	135	33
-117	138	33
-114	141	34
-111	143	35
-110	149	36
-143	201	49
-139	204	49
-128	197	48
-126	204	50
-124	210	51
-118	211	51
-119	223	54
-115	228	55
-111	232	56
-125	292	71
-116	290	70
-109	288	70
-100	284	69
-84	256	62
-79	261	63
-74	266	65
-69	270	66
-51	220	53
-41	200	48
-68	405	98
-61	417	101
-52	422	102
-15	211	51
-11	207	50
-6	201	49
-1	201	49
3	205	50
8	210	51
12	215	52
17	221	54
22	226	55
28	231	56
34	236	57
40	246	60
47	251	61
53	254	62
58	251	61
65	257	62
79	264	64
81	250	61
85	245	59
95	238	58
95	223	54
96	213	52
98	206	50
146	206	50
151	203	49
154	198	48
159	195	47
162	190	46
166	186	45
169	182	44
173	178	43
177	174	42
181	171	41
184	166	40
188	163	40
193	160	39
196	155	38
200	151	37
204	148	36
207	143	35
211	139	34
206	129	31
194	116	28
179	102	25
170	92	22
161	82	20
152	73	18
145	66	16
-233	38	8
-220	41	9
-213	45	9
-210	49	10
-203	52	11
-201	56	12
-194	59	12
-192	63	13
-188	66	14
-183	69	14
-179	72	15
-175	75	16
-171	78	16
-161	82	17
-154	83	17
-154	87	18
-156	93	19
-154	96	20
-151	99	21
-150	103	21
-146	105	22
-142	107	22
-136	107	22
-139	114	24
-137	118	24
-133	119	25
-132	124	26
-128	125	26
-125	128	27
-122	131	27
-119	133	28
-116	136	28
-114	139	29
-111	142	30
-137	182	38
-132	184	38
-128	187	39
-129	197	41
-126	201	42
-118	199	41
-114	201	42
-110	205	43
-113	222	46
-110	228	47
-125	289	60
-117	287	60
-107	282	59
-100	280	58
-79	257	53
-74	261	54
-69	267	55
-52	223	46
-41	197	41
-70	405	84
-61	409	85
-54	420	87
-45	426	89
-37	435	91
-11	204	42
-7	200	42
-2	198	41
2	201	42
7	206	43
11	211	44
16	216	45
21	223	46
27	228	47
32	233	48
38	241	50
45	247	51
51	252	52
59	259	54
66	267	55
75	275	57
80	270	56
85	265	55
90	261	54
95	257	54
99	250	52
103	247	51
108	243	51
112	237	49
116	233	48
120	229	48
125	226	47
129	221	46
134	218	45
137	212	44
141	209	44
146	206	43
149	201	42
152	196	41
157	194	40
160	189	39
164	185	38
168	181	38
172	178	37
176	175	36
179	170	35
183	166	35
187	162	34
190	158	33
194	155	32
199	152	32
38	25	5
37	23	5
38	22	5
39	22	5
39	21	4
40	20	4
13	3	1
13	3	1
13	3	1
-243	36	6
-228	39	7
-217	43	7
-213	47	8
-209	51	9
-201	53	9
-197	57	10
-194	61	11
-190	64	11
-187	68	12
-182	70	12
-178	73	13
-174	76	13
-169	79	14
-162	80	14
-159	83	14
-153	84	15
-155	90	16
-155	94	16
-153	97	17
-151	101	17
-148	104	18
-144	106	18
-142	109	19
-134	108	19
-139	116	20
-136	119	21
-132	121	21
-132	126	22
-126	126	22
-124	129	22
-121	132	23
-118	135	23
-115	137	24
-113	140	24
-135	183	32
-131	186	32
-130	193	34
-127	198	34
-123	201	35
-116	199	35
-113	204	35
-112	213	37
-111	224	39
-107	229	40
-129	289	50
-122	289	50
-114	288	50
-104	282	49
-95	278	48
-81	255	44
-77	261	45
-72	264	46
-61	245	43
-46	207	36
-65	408	71
-57	415	72
-49	426	74
-40	431	75
-13	207	36
-9	203	35
-4	198	34
0	201	35
5	203	35
9	209	36
14	215	37
19	219	38
24	225	39
30	230	40
36	236	41
42	244	42
49	251	44
56	258	45
64	265	46
72	274	48
78	272	47
83	266	46
88	262	46
93	258	45
96	251	44
102	248	43
106	244	42
111	240	42
115	235	41
119	231	40
124	227	39
128	223	39
132	220	38
136	216	38
140	211	37
144	207	36
147	203	35
151	198	34
155	194	34
159	191	33
162	186	32
167	184	32
170	179	31
175	176	31
178	171	30
182	168	29
185	164	28
189	160	28
193	156	27
195	151	26
37	25	4
37	24	4
38	23	4
39	22	4
39	21	4
40	21	4
41	20	4
41	17	3
13	3	1
13	3	1
-240	35	5
-224	38	5
-217	42	6
-213	46	6
-209	50	7
-202	53	7
-197	56	8
-194	60	8
-190	64	9
-186	67	9
-182	70	10
-178	73	10
-173	75	10
-169	78	11
-160	79	11
-155	80	11
-154	84	12
-156	89	12
-155	94	13
-153	97	13
-151	100	14
-148	103	14
-145	105	15
-141	108	15
-134	107	15
-132	110	15
-134	117	16
-131	120	17
-136	130	18
-127	126	18
-123	128	18
-121	131	18
-117	133	19
-115	137	19
-112	139	19
-135	182	25
-131	185	26
-131	194	27
-127	198	28
-125	203	28
-121	206	29
-117	211	29
-114	217	30
-111	223	31
-107	226	32
-130	289	40
-121	286	40
-112	281	39
-103	278	39
-95	275	38
-81	252	35
-76	256	36
-72	262	37
-61	245	34
-66	405	56
-57	409	57
-49	418	58
-41	427	59
-14	206	29
-9	200	28
-4	195	27
0	198	28
4	201	28
9	205	29
13	210	29
18	216	30
23	223	31
29	228	32
35	234	33
41	240	33
48	247	34
54	253	35
62	261	36
70	267	37
77	271	38
82	266	37
87	262	37
91	255	35
96	251	35
101	248	35
105	242	34
109	237	33
113	233	32
118	231	32
123	227	32
127	223	31
131	219	30
135	215	30
138	209	29
142	205	29
22	27	4
150	198	28
154	194	27
158	190	27
165	183	25
169	178	25
172	174	24
177	172	24
181	168	23
183	162	23
186	159	22
36	21	3
36	20	3
37	19	3
37	18	3
38	18	2
39	17	2
40	17	2
40	16	2
13	3	0
13	3	0
-242	34	4
-227	37	4
-219	41	4
-213	44	5
-209	48	5
-203	52	5
-201	56	6
-194	59	6
-192	63	7
-187	66	7
-182	68	7
-178	71	7
-174	74	8
-170	77	8
-162	78	8
-161	82	9
-154	82	9
-155	87	9
-156	92	10
-154	96	10
-151	99	10
-149	102	11
-145	104	11
-142	107	11
-135	106	11
-132	108	11
-137	117	12
-132	118	12
-132	124	13
-127	125	13
-124	127	13
-121	130	14
-119	133	14
-115	135	14
-113	138	14
-138	183	19
-132	184	19
-131	190	20
-129	197	21
-127	204	21
-121	204	21
-118	208	22
-115	213	22
-112	220	23
-110	227	24
-124	286	30
-115	284	30
-105	277	29
-98	276	29
-83	251	26
-78	255	27
-73	260	27
-68	262	28
-41	195	20
-69	403	42
-60	408	43
-52	412	43
-44	426	45
-16	206	22
-11	200	21
-6	198	21
-2	196	20
2	200	21
7	203	21
12	208	22
17	215	23
21	219	23
27	225	24
32	229	24
38	235	25
45	244	26
52	250	26
59	257	27
67	264	28
75	271	28
80	266	28
85	263	28
90	259	27
94	252	26
99	249	26
103	243	25
107	239	25
112	235	25
116	232	24
121	228	24
125	224	23
129	219	23
133	215	23
136	210	22
141	207	22
22	28	3
148	198	21
152	195	20
156	191	20
157	184	19
164	184	19
168	180	19
171	176	18
175	172	18
180	169	18
183	165	17
186	161	17
38	27	3
34	22	2
36	21	2
36	20	2
36	19	2
37	18	2
38	18	2
39	18	2
40	16	2
13	3	0
-234	33	2
-224	36	3
-219	41	3
-213	44	3
-209	48	3
-203	52	4
-198	55	4
-194	59	4
-191	62	4
-187	66	5
-182	68	5
-178	71	5
-174	74	5
-169	77	5
-161	77	5
-155	79	6
-154	82	6
-156	88	6
-156	92	6
-154	96	7
-151	99	7
-149	102	7
-146	104	7
-141	106	7
-136	107	8
-138	114	8
-135	116	8
-131	118	8
-134	126	9
-126	124	9
-124	127	9
-121	129	9
-118	132	9
-115	135	9
-145	192	13
-140	195	14
-132	192	13
-131	201	14
-128	205	14
-124	209	15
-120	213	15
-117	218	15
-113	222	16
-108	224	16
-123	286	20
-113	279	20
-104	275	19
-97	274	19
-82	249	17
-78	254	18
-73	258	18
-67	259	18
-68	399	28
-59	404	28
-51	410	29
-43	420	29
-15	204	14
-10	199	14
-6	194	14
-1	195	14
3	199	14
7	202	14
12	206	14
17	212	15
22	218	15
27	222	16
33	228	16
37	225	16
43	225	16
50	235	17
56	240	17
67	263	18
75	269	19
80	265	19
85	258	18
89	254	18
94	249	17
99	246	17
103	241	17
108	236	17
112	232	16
117	230	16
121	225	16
125	220	15
129	217	15
133	212	15
137	209	15
140	203	14
22	27	2
148	197	14
152	193	14
27	29	2
27	27	2
27	27	2
28	26	2
28	26	2
29	25	2
30	24	2
30	24	2
31	24	2
31	23	2
32	22	2
33	22	2
34	21	1
34	21	1
35	19	1
36	19	1
37	18	1
38	18	1
38	17	1
39	16	1
39	15	1
40	15	1
13	2	0
13	2	0
-235	30	1
-223	33	1
-219	38	1
-216	42	1
-212	46	2
-205	49	2
-200	53	2
-195	56	2
-193	60	2
-190	64	2
-183	66	2
-178	69	2
-175	72	3
-170	74	3
-163	76	3
-160	79	3
-153	79	3
-154	84	3
-156	90	3
-155	93	3
-152	96	3
-150	99	4
-147	102	4
-145	106	4
-142	108	4
-139	111	4
-138	115	4
-133	116	4
-132	120	4
-128	121	4
-125	124	4
-122	127	4
-119	130	5
-117	132	5
-113	134	5
-111	138	5
-146	188	7
-142	192	7
-134	189	7
-129	191	7
-130	202	7
-126	205	7
-122	209	7
-118	213	8
-114	217	8
-110	221	8
-105	223	8
-127	283	10
-118	279	10
-108	274	10
-100	271	10
-88	257	9
-80	251	9
-76	256	9
-70	258	9
-64	400	14
-55	405	14
-48	414	15
-39	420	15
-13	201	7
-8	196	7
-4	192	7
0	195	7
5	199	7
9	203	7
14	208	7
19	213	8
25	220	8
30	225	8
34	218	8
38	215	8
43	215	8
48	215	8
54	220	8
62	231	8
72	244	9
83	261	9
87	256	9
92	251	9
97	247	9
101	242	9
105	236	8
109	233	8
114	230	8
118	226	8
124	223	8
127	218	8
131	214	8
135	210	7
139	207	7
142	201	7
22	26	1
150	194	7
26	28	1
26	26	1
27	26	1
27	25	1
28	25	1
29	24	1
29	24	1
30	23	1
30	22	1
31	22	1
32	21	1
32	21	1
33	20	1
33	19	1
34	19	1
35	18	1
35	18	1
36	17	1
37	17	1
38	16	1
38	15	1
39	15	1
40	14	0
13	3	0
13	2	0
13	2	0
-244	27	0
-227	30	0
-221	34	0
-216	38	0
-212	42	0
-207	46	0
-203	50	0
-201	54	0
-194	57	0
-189	60	0
-186	63	0
-180	66	0
-176	68	0
-172	71	0
-168	74	0
-162	75	0
-163	80	0
-153	80	0
-156	86	0
-155	90	0
-153	93	0
-150	96	0
-148	99	0
-145	101	0
-143	104	0
-140	107	0
-137	110	0
-135	113	0
-132	116	0
-131	120	0
-126	121	0
-124	124	0
-122	127	0
-119	129	0
-116	132	0
-113	134	0
-145	187	0
-141	191	0
-132	187	0
-129	192	0
-129	201	0
-125	205	0
-120	206	0
-114	206	0
-114	218	0
-110	220	0
-125	280	0
-117	278	0
-108	273	0
-100	271	0
-83	243	0
-79	248	0
-74	253	0
-69	256	0
-42	191	0
-71	392	0
-63	398	0
-54	403	0
-47	415	0
-38	422	0
-12	198	0
-8	195	0
-3	190	0
1	194	0
5	198	0
10	201	0
15	207	0
20	212	0
25	219	0
31	225	0
34	213	0
38	209	0
42	204	0
46	203	0
51	202	0
59	214	0
66	222	0
83	259	0
87	253	0
92	248	0
97	245	0
101	239	0
105	234	0
110	232	0
115	229	0
119	224	0
123	221	0
127	216	0
131	213	0
134	207	0
139	205	0
142	199	0
146	196	0
26	28	0
26	26	0
27	25	0
27	25	0
28	24	0
28	24	0
29	23	0
29	23	0
30	22	0
31	22	0
31	21	0
32	20	0
33	20	0
33	19	0
34	19	0
35	18	0
35	18	0
36	17	0
37	17	0
38	16	0
38	15	0
39	14	0
40	14	0
13	2	0
13	2	0
13	2	0
-247	25	-1
-230	28	-1
-223	32	-1
-218	36	-1
-214	41	-1
-209	44	-2
-204	48	-2
-201	52	-2
-195	55	-2
-192	58	-2
-186	61	-2
-181	64	-2
-177	67	-2
-173	69	-2
-169	72	-3
-164	74	-3
-161	77	-3
-153	78	-3
-152	81	-3
-156	88	-3
-154	91	-3
-152	94	-3
-149	97	-3
-146	100	-4
-144	103	-4
-141	105	-4
-138	108	-4
-136	111	-4
-133	114	-4
-131	117	-4
-129	120	-4
-125	122	-4
-123	125	-4
-120	128	-5
-117	130	-5
-114	132	-5
-143	189	-7
-135	187	-7
-107	155	-6
-99	160	-6
-115	214	-8
-111	217	-8
-107	223	-8
-129	281	-10
-119	276	-10
-111	273	-10
-102	269	-10
-95	269	-10
-81	246	-9
-76	250	-9
-71	255	-9
-66	394	-14
-58	398	-14
-49	404	-14
-41	413	-15
-14	199	-7
-9	195	-7
-5	191	-7
-1	191	-7
4	196	-7
8	199	-7
13	204	-7
18	210	-7
22	214	-8
27	206	-7
30	199	-7
34	197	-7
39	199	-7
44	199	-7
48	197	-7
52	195	-7
57	195	-7
62	197	-7
69	202	-7
88	243	-9
95	245	-9
100	241	-9
103	236	-8
108	231	-8
112	228	-8
117	225	-8
121	220	-8
126	217	-8
130	213	-8
133	208	-7
137	204	-7
141	201	-7
145	196	-7
26	26	-1
26	25	-1
27	25	-1
27	24	-1
28	23	-1
28	23	-1
29	22	-1
30	22	-1
30	21	-1
31	21	-1
32	20	-1
32	20	-1
33	19	-1
34	19	-1
34	18	-1
35	18	-1
36	17	-1
36	16	-1
37	16	-1
38	15	-1
38	15	-1
39	14	0
40	13	0
13	2	0
13	2	0
13	2	0
13	2	0
-240	24	-2
-228	28	-2
-223	32	-2
-219	36	-3
-215	40	-3
-209	44	-3
-205	48	-3
-201	51	-4
-196	54	-4
-192	58	-4
-186	61	-4
-181	63	-5
-177	66	-5
-172	69	-5
-170	72	-5
-164	73	-5
-161	76	-5
-153	77	-6
-152	81	-6
-159	88	-6
-157	92	-7
-155	95	-7
-151	97	-7
-149	101	-7
-145	103	-7
-143	106	-8
-141	109	-8
-138	112	-8
-133	113	-8
-131	116	-8
-129	119	-9
-125	121	-9
-123	124	-9
-120	127	-9
-117	129	-9
-114	131	-9
-111	134	-10
-118	148	-11
-115	151	-11
-104	144	-10
-102	147	-11
-100	152	-11
-98	155	-11
-95	159	-11
-94	166	-12
-93	171	-12
-93	180	-13
-106	218	-16
-131	282	-20
-119	274	-20
-111	270	-19
-102	266	-19
-95	267	-19
-81	244	-18
-77	248	-18
-71	251	-18
-62	238	-17
-66	391	-28
-57	395	-28
-49	403	-29
-41	412	-30
-14	197	-14
-9	194	-14
-5	189	-14
-1	190	-14
4	194	-14
8	197	-14
13	202	-15
17	196	-14
21	193	-14
25	192	-14
30	195	-14
35	196	-14
39	194	-14
43	193	-14
48	194	-14
53	196	-14
57	195	-14
62	193	-14
68	199	-14
76	208	-15
95	243	-17
100	239	-17
103	234	-17
108	229	-16
113	226	-16
117	223	-16
121	218	-16
126	215	-15
129	210	-15
18	23	-2
137	203	-15
141	199	-14
145	195	-14
25	29	-2
25	27	-2
24	25	-2
23	23	-2
27	24	-2
28	23	-2
28	23	-2
29	22	-2
29	22	-2
30	21	-2
31	21	-1
31	20	-1
32	19	-1
33	19	-1
33	18	-1
34	18	-1
35	17	-1
35	17	-1
36	16	-1
37	16	-1
38	15	-1
38	14	-1
39	14	-1
40	13	-1
13	3	0
13	2	0
13	2	0
13	2	0
-244	20	-2
-233	24	-3
-227	28	-3
-223	32	-4
-221	37	-4
-218	41	-4
-213	45	-5
-206	48	-5
-201	51	-6
-196	54	-6
-195	59	-6
-190	62	-7
-186	65	-7
-180	67	-7
-175	69	-8
-171	72	-8
-164	73	-8
-161	76	-8
-153	76	-8
-158	83	-9
-158	87	-9
-158	92	-10
-156	95	-10
-152	97	-11
-149	99	-11
-146	102	-11
-143	105	-11
-141	108	-12
-139	112	-12
-134	112	-12
-131	115	-12
-126	120	-13
-123	123	-13
-120	125	-14
-117	128	-14
-114	130	-14
-112	132	-14
-132	163	-18
-116	150	-16
-113	153	-17
-111	157	-17
-103	153	-17
-101	157	-17
-98	160	-17
-95	164	-18
-89	162	-18
-86	165	-18
-109	219	-24
-122	273	-30
-78	246	-27
-73	250	-27
-69	255	-28
-69	387	-42
-60	390	-42
-53	398	-43
-45	408	-44
-16	199	-22
-11	194	-21
-7	190	-21
-2	187	-20
2	192	-21
6	195	-21
11	199	-22
16	205	-22
21	209	-23
24	193	-21
28	189	-21
31	187	-20
36	189	-21
41	190	-21
45	190	-21
50	193	-21
55	194	-21
61	197	-21
64	192	-21
68	188	-20
71	184	-20
71	172	-19
77	176	-19
82	176	-19
87	177	-19
91	175	-19
107	196	-21
114	199	-22
121	200	-22
131	207	-23
135	203	-22
139	199	-22
143	196	-21
26	31	-3
25	28	-3
23	23	-3
27	23	-3
28	23	-2
28	22	-2
29	22	-2
30	21	-2
30	21	-2
31	20	-2
31	20	-2
32	19	-2
33	19	-2
33	18	-2
34	18	-2
35	17	-2
35	16	-2
36	16	-2
37	15	-2
37	15	-2
38	14	-2
39	14	-1
40	13	-1
13	2	0
13	2	0
13	2	0
13	1	0
-244	15	-2
-237	20	-3
-230	24	-4
-229	29	-4
-224	33	-5
-221	37	-5
-216	41	-6
-211	45	-7
-204	48	-7
-201	51	-8
-195	54	-8
-193	58	-8
-190	61	-9
-186	64	-9
-179	67	-10
-175	69	-10
-171	72	-11
-164	73	-11
-160	75	-11
-159	79	-12
-160	84	-12
-159	87	-13
-157	91	-13
-154	94	-14
-152	97	-14
-148	99	-14
-145	102	-15
-143	105	-15
-141	108	-16
-139	111	-16
-133	111	-16
-131	114	-17
-125	119	-17
-123	123	-18
-120	124	-18
-117	127	-19
-114	129	-19
-111	132	-19
-127	157	-23
-119	154	-23
-109	147	-22
-102	146	-21
-97	144	-21
-93	146	-21
-91	149	-22
-89	153	-22
-86	156	-23
-84	161	-24
-83	167	-24
-79	169	-25
-100	225	-33
-95	229	-33
-90	232	-34
-86	235	-34
-81	240	-35
-76	244	-36
-71	248	-36
-66	384	-56
-58	391	-57
-50	401	-59
-41	404	-59
-14	196	-29
-10	191	-28
-5	188	-27
-1	189	-28
4	191	-28
8	182	-27
12	180	-26
16	177	-26
19	173	-25
23	170	-25
26	165	-24
29	162	-24
32	159	-23
36	156	-23
39	154	-23
42	152	-22
45	148	-22
47	145	-21
50	142	-21
53	140	-20
56	139	-20
60	140	-21
65	144	-21
69	144	-21
74	146	-21
79	147	-21
85	149	-22
88	148	-22
94	149	-22
97	148	-22
102	148	-22
26	30	-4
25	27	-4
26	24	-4
28	24	-3
28	22	-3
29	22	-3
29	21	-3
30	21	-3
30	20	-3
31	20	-3
32	19	-3
32	19	-3
33	18	-3
34	17	-3
34	17	-2
35	16	-2
36	16	-2
37	15	-2
37	15	-2
38	14	-2
38	14	-2
40	13	-2
40	13	-2
13	3	0
13	2	0
13	2	0
13	2	0
13	1	0
-237	15	-3
-239	20	-4
-230	24	-4
-229	29	-5
-223	33	-6
-221	37	-7
-216	41	-8
-211	44	-8
-204	47	-9
-200	51	-9
-195	54	-10
-193	58	-11
-190	61	-11
-185	64	-12
-178	66	-12
-175	68	-13
-170	71	-13
-164	72	-13
-160	75	-14
-167	83	-15
-160	83	-15
-160	87	-16
-157	90	-17
-155	94	-17
-152	96	-18
-148	98	-18
-145	101	-19
-143	104	-19
-141	107	-20
-139	110	-20
-133	110	-20
-131	114	-21
-125	119	-22
-123	122	-22
-120	124	-23
-117	126	-23
-114	129	-24
-111	131	-24
-115	142	-26
-113	146	-27
-103	140	-26
-99	139	-26
-95	141	-26
-92	144	-27
-89	146	-27
-86	149	-27
-87	158	-29
-83	160	-29
-80	161	-30
-80	171	-32
-98	220	-41
-94	226	-42
-90	230	-42
-86	236	-44
-81	239	-44
-76	242	-45
-72	248	-46
-65	379	-70
-58	390	-72
-50	398	-74
-41	405	-75
-14	194	-36
-9	189	-35
-5	186	-34
0	187	-35
4	190	-35
8	183	-34
12	177	-33
16	175	-32
19	171	-32
23	165	-31
26	162	-30
29	159	-29
33	155	-29
35	152	-28
39	150	-28
42	148	-27
44	144	-27
47	141	-26
50	138	-26
52	135	-25
55	134	-25
57	132	-24
61	130	-24
63	129	-24
66	127	-23
69	126	-23
73	127	-23
76	125	-23
79	124	-23
83	123	-23
87	123	-23
26	32	-6
26	30	-6
26	30	-5
25	26	-5
26	24	-4
26	23	-4
28	23	-4
28	22	-4
29	21	-4
29	21	-4
30	20	-4
30	20	-4
31	19	-4
32	19	-3
32	18	-3
33	18	-3
34	17	-3
34	17	-3
35	16	-3
36	16	-3
36	15	-3
37	15	-3
38	14	-3
39	13	-2
39	13	-2
40	12	-2
13	3	0
13	2	0
13	2	0
13	2	0
-231	10	-2
-233	14	-3
-232	19	-4
-230	24	-5
-229	28	-6
-225	32	-7
-220	36	-8
-217	40	-9
-213	44	-10
-205	47	-11
-201	50	-11
-195	53	-12
-193	57	-13
-190	60	-13
-185	63	-14
-181	66	-15
-176	68	-15
-172	70	-16
-166	72	-16
-160	74	-17
-167	81	-18
-161	82	-18
-158	85	-19
-158	90	-20
-155	92	-21
-152	95	-21
-149	97	-22
-147	100	-23
-144	103	-23
-142	106	-24
-139	109	-24
-135	110	-25
-131	112	-25
-136	121	-27
-126	118	-26
-123	120	-27
-120	122	-27
-117	124	-28
-115	127	-28
-112	130	-29
-112	136	-31
-101	135	-30
-97	136	-30
-96	141	-32
-93	143	-32
-90	145	-33
-87	148	-33
-88	156	-35
-85	159	-36
-81	162	-36
-78	165	-37
-100	222	-50
-95	224	-50
-91	228	-51
-86	232	-52
-82	237	-53
-77	242	-54
-72	245	-55
-67	247	-55
-67	377	-85
-59	386	-86
-14	193	-43
-10	188	-42
-5	185	-41
-1	186	-42
4	189	-42
8	184	-41
12	178	-40
16	173	-39
19	170	-38
23	165	-37
26	159	-36
29	157	-35
32	154	-34
35	150	-34
38	148	-33
41	145	-33
44	143	-32
47	140	-31
49	135	-30
51	133	-30
55	131	-29
57	130	-29
59	127	-28
62	124	-28
64	122	-27
66	119	-27
69	117	-26
71	115	-26
73	113	-25
76	111	-25
78	109	-25
81	108	-24
25	26	-6
25	25	-6
27	24	-5
28	22	-5
28	21	-5
29	21	-5
30	20	-4
30	19	-4
31	19	-4
31	18	-4
32	18	-4
33	18	-4
33	17	-4
34	16	-4
35	16	-4
36	16	-4
36	15	-3
37	15	-3
38	14	-3
39	13	-3
40	13	-3
40	12	-3
13	2	-1
13	2	0
13	1	0
13	1	0
13	1	0
-224	10	-3
-229	15	-4
-240	21	-5
-230	25	-7
-228	29	-8
-223	33	-9
-220	37	-10
-214	40	-11
-211	44	-12
-204	47	-13
-202	51	-14
-195	53	-14
-193	57	-15
-189	60	-16
-185	63	-17
-179	65	-17
-175	68	-18
-171	70	-19
-163	71	-19
-160	74	-20
-168	82	-22
-160	82	-22
-159	86	-23
-157	89	-24
-156	93	-25
-152	95	-25
-149	97	-26
-145	99	-26
-144	103	-27
-142	106	-28
-138	107	-28
-134	109	-29
-131	112	-30
-126	117	-31
-123	119	-32
-120	122	-32
-117	124	-33
-115	127	-34
-112	130	-34
-110	133	-35
-130	164	-44
-106	141	-37
-102	143	-38
-98	143	-38
-93	142	-38
-93	150	-40
-90	153	-41
-87	155	-41
-84	158	-42
-81	162	-43
-77	164	-43
-98	220	-58
-94	223	-59
-90	229	-61
-85	233	-62
-80	236	-63
-76	241	-64
-71	246	-65
-38	182	-48
-57	344	-91
-49	343	-91
-41	342	-90
-12	190	-50
-8	186	-49
-3	182	-48
1	185	-49
6	182	-48
10	177	-47
14	173	-46
18	170	-45
21	168	-44
24	158	-42
28	156	-41
31	154	-41
34	151	-40
37	147	-39
40	145	-38
43	142	-38
46	139	-37
48	136	-36
50	132	-35
53	131	-35
56	129	-34
59	127	-34
61	124	-33
64	122	-32
66	119	-32
68	117	-31
70	115	-30
72	112	-30
75	110	-29
77	108	-29
79	105	-28
81	104	-28
84	102	-27
25	27	-7
25	25	-7
26	25	-7
27	23	-6
29	23	-6
28	21	-6
29	20	-5
29	20	-5
30	19	-5
31	19	-5
31	18	-5
32	18	-5
33	17	-5
33	17	-5
34	16	-4
34	16	-4
35	16	-4
36	15	-4
37	14	-4
37	14	-4
38	13	-4
39	13	-3
40	12	-3
40	12	-3
13	2	-1
13	2	0
13	2	0
13	1	0
13	1	0
-232	5	-2
-222	9	-3
-227	14	-4
-232	19	-6
-230	23	-7
-230	27	-8
-225	31	-10
-221	35	-11
-217	39	-12
-213	43	-13
-210	46	-14
-202	49	-15
-197	52	-16
-194	55	-17
-190	58	-18
-187	61	-19
-182	64	-20
-178	66	-20
-174	69	-21
-170	71	-22
-162	72	-22
-171	80	-25
-167	83	-25
-159	82	-25
-159	87	-27
-157	90	-27
-153	92	-28
-153	96	-29
-149	98	-30
-145	100	-31
-143	103	-31
-139	104	-32
-136	107	-33
-133	109	-34
-132	113	-35
-132	118	-36
-124	116	-36
-123	120	-37
-119	122	-37
-117	125	-38
-114	128	-39
-111	130	-40
-110	134	-41
-106	141	-43
-102	143	-44
-99	146	-45
-96	148	-45
-93	151	-46
-89	153	-47
-87	156	-48
-84	160	-49
-80	162	-50
-101	215	-66
-97	219	-67
-93	225	-69
-89	229	-70
-84	232	-71
-80	237	-73
-75	241	-74
-70	246	-75
-42	181	-56
-44	277	-85
-38	280	-86
-31	277	-85
-16	192	-59
-11	188	-58
-6	183	-56
-2	182	-56
3	185	-57
7	184	-56
12	195	-60
17	201	-62
22	206	-63
27	210	-64
25	156	-48
28	154	-47
32	152	-47
35	149	-46
38	146	-45
41	143	-44
44	141	-43
46	137	-42
49	133	-41
51	132	-40
54	130	-40
57	127	-39
59	125	-38
62	123	-38
64	120	-37
66	118	-36
68	115	-35
71	113	-35
73	111	-34
75	108	-33
77	106	-33
78	104	-32
81	102	-31
83	100	-31
25	26	-8
25	25	-8
26	25	-8
25	21	-6
29	21	-6
29	21	-6
30	20	-6
30	19	-6
31	18	-6
32	18	-5
32	17	-5
33	17	-5
34	16	-5
34	16	-5
35	15	-5
36	15	-5
36	14	-4
38	14	-4
38	13	-4
39	12	-4
40	12	-4
40	12	-4
13	2	-1
13	2	-1
13	1	0
13	1	0
13	1	0
13	1	0
-239	3	-1
-224	7	-2
-218	11	-4
-229	16	-6
-233	21	-7
-230	25	-9
-227	29	-10
-224	33	-12
-220	37	-13
-215	40	-14
-210	44	-15
-203	46	-16
-202	50	-18
-194	53	-18
-193	56	-20
-190	59	-21
-185	62	-22
-180	64	-22
-175	66	-23
-171	69	-24
-166	71	-25
-160	72	-25
-170	81	-28
-161	81	-28
-159	84	-29
-158	87	-30
-155	90	-31
-152	92	-32
-150	95	-33
-146	97	-34
-142	99	-35
-140	102	-36
-137	104	-36
-135	107	-37
-132	110	-38
-133	115	-40
-127	114	-40
-123	117	-41
-121	120	-42
-118	122	-43
-116	125	-44
-112	127	-44
-112	144	-50
-103	140	-49
-100	142	-50
-97	145	-51
-95	149	-52
-91	151	-53
-88	154	-54
-85	156	-55
-82	159	-56
-79	162	-57
-99	216	-76
-95	220	-77
-90	224	-78
-87	230	-81
-82	234	-82
-76	237	-83
-72	241	-84
-44	261	-91
-38	261	-91
-31	261	-91
-25	262	-92
-12	187	-65
-7	183	-64
-3	179	-63
2	183	-64
6	180	-63
11	192	-67
16	197	-69
21	202	-71
26	207	-72
24	153	-54
28	152	-53
31	149	-52
34	147	-51
37	144	-50
40	141	-49
43	139	-49
46	136	-47
48	133	-46
51	131	-46
54	128	-45
56	125	-44
59	123	-43
62	122	-43
64	119	-42
66	116	-41
68	114	-40
71	112	-39
73	110	-38
74	107	-37
76	104	-37
79	103	-36
81	102	-36
82	98	-34
25	26	-9
25	25	-9
27	25	-9
25	22	-8
24	21	-7
29	21	-7
29	20	-7
30	19	-6
31	18	-6
32	17	-6
32	17	-6
33	16	-6
34	16	-6
34	15	-5
35	15	-5
36	14	-5
36	14	-5
37	14	-5
38	13	-5
38	12	-4
39	12	-4
40	11	-4
13	2	-1
13	1	-1
13	1	0
13	1	0
13	1	0
13	1	0
13	1	0
-225	6	-2
-216	10	-4
-228	15	-6
-240	20	-8
-230	24	-9
-228	28	-11
-224	32	-12
-221	35	-14
-217	39	-15
-211	42	-17
-205	45	-18
-201	48	-19
-195	51	-20
-193	54	-21
-190	58	-23
-185	60	-24
-182	63	-25
-176	65	-26
-173	68	-27
-168	70	-28
-161	71	-28
-169	78	-31
-161	79	-31
-158	81	-32
-158	85	-34
-155	88	-35
-152	90	-36
-150	93	-37
-147	95	-38
-142	97	-38
-140	99	-39
-137	102	-40
-135	105	-41
-132	107	-42
-133	113	-44
-127	112	-44
-124	114	-45
-121	117	-46
-118	119	-47
-116	122	-48
-113	124	-49
-110	127	-50
-145	174	-69
-116	146	-58
-104	138	-55
-100	140	-55
-98	143	-56
-94	145	-57
-92	148	-58
-88	151	-60
-85	153	-60
-82	156	-62
-79	159	-63
-100	214	-84
-95	216	-85
-91	220	-87
-86	224	-89
-82	229	-90
-76	232	-92
-72	236	-93
-44	256	-101
-37	256	-101
-31	256	-101
-25	257	-101
-12	183	-72
-7	179	-71
-3	176	-69
2	179	-71
6	177	-70
11	188	-74
16	194	-76
21	198	-78
27	203	-80
24	150	-59
28	148	-59
31	147	-58
34	144	-57
37	141	-56
41	138	-55
43	136	-54
46	132	-52
49	130	-51
51	128	-51
54	125	-49
57	123	-49
59	121	-48
62	119	-47
64	117	-46
66	114	-45
68	111	-44
71	109	-43
73	107	-42
75	104	-41
77	102	-40
79	100	-40
81	98	-39
82	96	-38
25	25	-10
26	24	-10
24	21	-8
24	20	-8
26	21	-8
29	20	-8
30	20	-8
32	19	-7
31	17	-7
32	17	-7
32	17	-7
33	16	-6
34	15	-6
34	15	-6
35	15	-6
36	14	-6
37	14	-5
38	13	-5
38	12	-5
39	12	-5
40	11	-5
41	11	-4
13	2	-1
13	2	-1
13	2	-1
13	1	-1
13	1	0
13	1	0
13	1	0
13	1	0
-226	0	0
-222	4	-2
-217	8	-3
-227	12	-5
-229	17	-7
-233	21	-9
-231	25	-11
-228	29	-13
-223	33	-15
-219	37	-16
-215	40	-18
-211	43	-19
-204	46	-20
-201	49	-22
-195	52	-23
-193	55	-24
-190	58	-26
-186	61	-27
-182	63	-28
-178	66	-29
-174	68	-30
-169	70	-31
-162	71	-32
-169	78	-35
-167	81	-36
-159	81	-36
-161	87	-38
-157	89	-39
-153	91	-40
-150	93	-41
-150	97	-43
-147	99	-44
-143	101	-45
-139	103	-46
-137	106	-47
-135	109	-48
-132	111	-49
-149	130	-58
-126	116	-51
-123	118	-52
-120	120	-53
-117	123	-54
-114	126	-55
-112	128	-57
-124	148	-65
-105	139	-61
-102	141	-62
-99	144	-64
-96	147	-65
-94	151	-66
-90	153	-67
-87	156	-69
-84	159	-70
-80	161	-71
-92	196	-87
-86	196	-87
-80	196	-87
-75	196	-87
-69	195	-86
-64	196	-86
-58	195	-86
-53	195	-86
-40	186	-82
-37	196	-86
-32	196	-87
-27	196	-87
-22	195	-86
-17	193	-85
-11	187	-83
-6	180	-80
-1	179	-79
3	184	-81
8	180	-79
12	179	-79
17	186	-82
22	181	-80
26	179	-79
30	180	-79
36	183	-81
40	181	-80
45	182	-80
49	177	-78
51	168	-74
55	167	-74
66	185	-82
70	183	-81
55	131	-58
58	129	-57
59	124	-55
61	120	-53
63	118	-52
66	116	-51
69	114	-50
71	111	-49
73	109	-48
75	106	-47
77	104	-46
79	102	-45
82	100	-44
83	97	-43
27	27	-12
26	25	-11
27	25	-11
26	23	-10
26	22	-10
26	21	-9
26	20	-9
27	20	-9
28	19	-9
28	19	-8
29	19	-8
28	18	-8
29	17	-7
30	17	-7
33	16	-7
34	16	-7
34	15	-7
35	15	-7
35	14	-6
36	14	-6
37	13	-6
37	13	-6
38	12	-5
39	12	-5
40	11	-5
41	11	-5
13	2	-1
13	2	-1
13	2	-1
13	1	-1
13	1	-1
13	1	0
13	0	0
13	0	0
-217	-2	1
-222	2	-1
-219	6	-3
-216	10	-5
-228	14	-7
-233	19	-9
-230	23	-11
-230	27	-13
-226	30	-15
-221	34	-17
-219	38	-18
-214	41	-20
-210	44	-22
-202	47	-23
-200	50	-25
-194	52	-26
-193	56	-27
-189	59	-29
-185	61	-30
-180	63	-31
-174	65	-32
-170	67	-33
-165	69	-34
-160	71	-35
-170	79	-39
-164	81	-39
-161	83	-41
-159	86	-42
-157	89	-44
-153	91	-45
-149	93	-46
-147	96	-47
-144	98	-48
-142	101	-49
-139	103	-50
-137	106	-52
-133	108	-53
-132	111	-55
-127	113	-55
-125	115	-57
-122	118	-58
-118	119	-59
-116	123	-60
-113	125	-61
-110	127	-62
-113	136	-67
-104	138	-68
-102	142	-70
-98	144	-71
-95	147	-72
-92	149	-73
-89	153	-75
-85	155	-76
-82	159	-78
-87	177	-87
-82	180	-88
-77	179	-88
-72	180	-88
-66	179	-88
-62	180	-89
-57	180	-89
-51	180	-88
-47	181	-89
-41	178	-88
-37	180	-88
-32	181	-89
-27	180	-88
-22	181	-89
-18	181	-89
-13	182	-89
-8	181	-89
-3	178	-87
2	179	-88
6	178	-88
11	172	-84
15	165	-81
19	168	-82
24	171	-84
28	167	-82
30	154	-76
34	153	-75
38	154	-76
42	155	-76
47	157	-77
53	162	-79
62	173	-85
68	177	-87
55	131	-64
58	129	-63
60	126	-62
63	123	-60
65	121	-59
66	116	-57
68	112	-55
70	110	-54
72	107	-53
75	105	-52
77	103	-51
79	102	-50
81	99	-48
83	96	-47
27	27	-13
26	25	-12
27	25	-12
27	23	-11
26	22	-11
26	21	-10
26	20	-10
26	19	-10
27	19	-9
28	19	-9
30	19	-9
29	17	-8
30	17	-8
33	16	-8
34	16	-8
34	15	-7
35	15	-7
35	14	-7
36	14	-7
37	13	-6
37	13	-6
38	12	-6
40	12	-6
40	11	-5
40	10	-5
13	2	-1
13	2	-1
13	2	-1
13	1	0
13	1	-1
13	1	0
13	1	0
13	0	0
-212	-3	1
-221	1	0
-219	5	-3
-217	9	-5
-228	13	-7
-229	17	-9
-231	21	-11
-230	25	-14
-228	29	-16
-224	32	-18
-221	36	-20
-216	39	-21
-213	43	-23
-205	45	-24
-201	48	-26
-197	51	-27
-195	54	-29
-190	56	-31
-186	59	-32
-180	61	-33
-176	63	-34
-172	65	-35
-168	67	-37
-169	72	-39
-169	75	-41
-167	78	-42
-166	82	-44
-160	83	-45
-158	85	-46
-155	88	-48
-153	91	-49
-150	93	-51
-147	95	-52
-145	98	-53
-141	100	-54
-140	103	-56
-136	106	-57
-133	108	-58
-132	111	-60
-127	112	-61
-125	115	-62
-122	117	-64
-119	120	-65
-116	122	-66
-113	125	-68
-110	126	-69
-130	156	-85
-104	138	-75
-101	141	-76
-98	144	-78
-95	147	-80
-91	149	-81
-89	153	-83
-85	155	-84
-82	158	-86
-78	161	-87
-73	162	-88
-68	161	-87
-63	160	-87
-59	161	-87
-54	161	-87
-50	161	-88
-45	162	-88
-41	162	-88
-36	163	-88
-32	163	-88
-27	161	-87
-23	162	-88
-18	162	-88
-14	163	-88
-10	163	-88
-5	162	-88
-1	162	-88
3	162	-88
7	143	-78
12	161	-87
16	163	-88
20	157	-85
24	154	-84
28	153	-83
32	152	-82
36	152	-82
40	152	-83
44	150	-81
49	155	-84
54	156	-84
59	157	-85
64	159	-86
57	129	-70
59	127	-69
61	123	-66
64	121	-65
67	118	-64
69	115	-62
71	113	-61
74	111	-60
76	108	-58
77	104	-56
78	100	-54
80	98	-53
82	96	-52
26	26	-14
27	25	-13
27	24	-13
27	23	-12
26	21	-11
26	20	-11
27	19	-11
27	19	-10
28	19	-10
29	18	-10
29	18	-10
29	17	-9
32	16	-9
33	16	-8
34	15	-8
34	15	-8
35	14	-8
36	14	-7
36	13	-7
37	13	-7
38	12	-7
39	12	-6
39	11	-6
40	10	-6
40	10	-5
13	2	-1
13	1	-1
13	2	-1
13	1	-1
13	1	0
13	1	0
13	0	0
13	0	0
-210	-2	1
-222	2	-1
-219	6	-3
-215	9	-6
-229	14	-8
-232	18	-11
-231	22	-13
-231	26	-15
-228	29	-17
-224	33	-20
-219	36	-21
-214	39	-23
-210	42	-25
-205	45	-27
-201	48	-29
-196	50	-30
-193	54	-32
-188	56	-33
-183	58	-35
-180	60	-36
-175	63	-37
-178	67	-40
-175	70	-42
-175	74	-44
-171	76	-45
-165	77	-46
-164	80	-48
-160	82	-49
-158	85	-51
-155	87	-52
-64	39	-23
-144	97	-58
-142	100	-60
-140	103	-62
-137	106	-63
-135	108	-65
-132	111	-66
-127	112	-67
-124	114	-68
-121	116	-69
-118	119	-71
-116	121	-72
-113	124	-74
-111	127	-76
-123	147	-88
-116	146	-87
-103	137	-82
-101	140	-84
-98	144	-85
-94	145	-86
-90	147	-87
-85	147	-88
-80	147	-88
-76	149	-89
-71	148	-88
-67	149	-89
-62	149	-89
-57	148	-88
-53	149	-89
-48	148	-88
-44	148	-88
-40	149	-89
-36	149	-89
-31	149	-89
-27	149	-89
-23	149	-89
-19	149	-89
-15	149	-89
-11	150	-89
-6	149	-89
-2	148	-88
2	142	-84
6	135	-81
9	135	-81
13	140	-83
18	149	-89
21	138	-82
26	147	-88
30	145	-86
34	146	-87
38	145	-86
41	141	-84
45	139	-83
51	145	-86
54	143	-85
60	147	-87
57	130	-78
60	127	-75
62	123	-73
65	121	-72
67	118	-70
70	115	-69
72	113	-67
75	111	-66
77	109	-65
79	106	-63
82	105	-62
85	103	-61
84	97	-58
26	25	-15
26	24	-14
27	23	-14
27	22	-13
27	21	-13
26	20	-12
27	19	-11
27	19	-11
28	18	-11
29	18	-11
29	18	-11
28	16	-10
32	16	-9
33	15	-9
33	15	-9
34	14	-9
35	14	-8
36	13	-8
36	13	-8
37	12	-7
37	12	-7
38	12	-7
39	11	-7
40	10	-6
41	10	-6
13	1	-1
13	1	-1
13	1	0
13	0	0
-106	-5	3
-222	3	-2
-218	6	-4
-215	10	-6
-229	14	-9
-232	18	-12
-231	22	-14
-230	26	-17
-228	29	-19
-223	33	-21
-220	36	-23
-215	39	-25
-211	42	-27
-204	44	-29
-201	47	-31
-197	50	-33
-192	52	-34
-189	55	-36
-188	58	-38
-184	61	-40
-182	64	-42
-180	67	-44
-175	69	-45
-172	71	-46
-169	74	-48
-167	76	-50
-166	80	-52
-70	37	-24
-68	37	-24
-65	39	-25
-63	40	-26
-144	100	-65
-140	101	-66
-137	103	-67
-135	106	-69
-131	108	-71
-131	113	-74
-124	112	-73
-122	115	-75
-120	118	-77
-116	120	-78
-114	122	-80
-111	125	-82
-114	135	-88
-109	135	-88
-104	136	-88
-99	135	-88
-94	136	-89
-89	135	-88
-84	135	-88
-80	136	-89
-75	136	-88
-70	136	-89
-66	136	-89
-62	137	-89
-58	137	-89
-53	137	-89
-49	137	-90
-45	137	-89
-41	137	-90
-37	137	-89
-33	137	-90
-29	137	-90
-25	138	-90
-21	137	-90
-17	137	-89
-13	137	-90
-9	137	-90
-5	129	-84
-1	128	-84
3	123	-80
6	125	-82
10	126	-82
13	125	-81
17	125	-81
22	135	-88
26	137	-89
30	137	-89
34	135	-88
37	135	-88
41	134	-87
45	132	-86
48	130	-85
52	131	-85
56	131	-85
59	129	-84
62	125	-82
65	124	-81
68	120	-78
69	117	-76
72	114	-75
74	111	-72
76	108	-70
78	106	-69
81	104	-68
83	102	-67
41	46	-30
43	46	-30
26	26	-17
26	24	-16
27	24	-15
27	22	-15
26	21	-14
27	21	-13
27	19	-13
27	19	-12
27	19	-12
28	18	-12
30	18	-12
29	17	-11
29	16	-10
33	16	-10
33	15	-10
33	15	-10
34	14	-9
34	14	-9
35	13	-9
36	13	-8
36	12	-8
37	12	-8
38	12	-8
39	11	-7
39	10	-7
40	10	-7
41	10	-6
42	9	-6
13	2	-1
13	1	-1
13	1	0
13	0	0
13	1	0
13	0	0
-104	-5	4
-102	-3	2
-221	2	-1
-219	5	-4
-217	8	-6
-227	12	-9
-229	16	-12
-232	20	-14
-230	24	-17
-227	27	-20
-225	31	-22
-220	34	-24
-218	37	-27
-213	40	-29
-211	43	-31
-203	45	-32
-202	49	-35
-196	51	-36
-195	54	-39
-189	56	-40
-187	59	-42
-185	62	-44
-181	64	-46
-178	67	-48
-175	69	-49
-171	71	-51
-169	74	-53
-71	35	-25
-68	36	-25
-65	36	-26
-64	37	-26
-64	39	-28
-145	96	-68
-142	98	-70
-139	100	-72
-136	103	-73
-134	106	-75
-132	108	-77
-128	110	-78
-125	112	-80
-122	115	-82
-119	117	-83
-117	120	-86
-113	122	-87
-109	123	-88
-104	123	-88
-100	124	-88
-95	124	-88
-90	124	-88
-86	124	-89
-81	125	-89
-77	125	-89
-72	125	-89
-68	125	-89
-64	125	-89
-60	125	-89
-55	125	-89
-52	125	-89
-47	125	-89
-44	125	-89
-40	125	-89
-36	126	-89
-32	125	-89
-28	125	-89
-24	125	-89
-21	125	-89
-17	125	-89
-13	125	-89
-10	125	-89
-6	125	-89
-2	121	-86
2	117	-83
5	118	-84
9	122	-87
12	121	-86
15	117	-84
18	117	-84
23	125	-89
27	125	-89
31	125	-89
35	125	-89
38	125	-89
42	126	-90
46	126	-90
49	124	-88
53	124	-89
59	127	-91
63	127	-90
65	124	-88
67	120	-85
69	116	-83
72	114	-81
75	111	-79
77	109	-78
80	107	-77
35	43	-30
36	42	-30
38	42	-30
39	41	-29
27	25	-18
26	24	-17
27	24	-17
27	22	-16
26	21	-15
27	20	-14
27	20	-14
27	19	-13
28	18	-13
28	18	-13
29	18	-13
30	17	-12
28	16	-11
29	15	-11
33	16	-11
33	15	-11
34	15	-11
34	14	-10
34	14	-10
35	13	-9
36	13	-9
36	12	-9
37	12	-8
38	12	-8
39	11	-8
39	11	-8
40	10	-7
40	10	-7
41	9	-6
13	2	-1
13	1	-1
13	0	0
13	0	0
13	0	0
-105	-5	4
-102	-3	3
-221	1	-1
-219	4	-3
-217	8	-6
-227	12	-9
-229	15	-12
-233	19	-15
-230	23	-18
-228	26	-20
-225	29	-23
-220	32	-25
-218	35	-27
-214	38	-30
-209	41	-32
-203	43	-34
-200	46	-36
-196	48	-38
-195	52	-40
-190	54	-42
-187	57	-44
-186	60	-46
-181	62	-48
-178	64	-50
-176	67	-52
-172	69	-54
-170	71	-55
-71	34	-26
-68	34	-27
-66	35	-27
-64	36	-28
-64	37	-29
-145	92	-72
-142	95	-74
-139	97	-75
-137	99	-77
-134	102	-79
-131	104	-81
-130	108	-84
-125	108	-84
-122	111	-86
-119	113	-88
-117	116	-90
-114	118	-92
-111	120	-94
-105	120	-93
-100	120	-93
-95	120	-93
-91	120	-94
-86	120	-94
-81	120	-94
-78	121	-94
-73	121	-94
-68	121	-94
-64	121	-94
-60	121	-94
-56	121	-94
-52	121	-94
-48	121	-94
-44	121	-94
-40	121	-94
-36	120	-94
-33	121	-94
-29	121	-94
-25	121	-94
-21	121	-94
-18	121	-94
-14	121	-94
-10	121	-94
-7	121	-94
-3	120	-93
1	114	-89
4	113	-88
8	118	-91
12	119	-93
15	113	-88
18	113	-88
23	121	-94
26	121	-94
30	121	-94
34	122	-94
38	121	-94
42	122	-95
46	122	-95
49	120	-93
53	120	-94
58	124	-96
62	122	-95
65	121	-94
67	116	-90
69	113	-88
72	111	-86
75	109	-85
77	106	-82
79	103	-80
36	40	-31
38	40	-31
39	40	-31
27	25	-19
26	23	-18
27	23	-18
27	22	-17
26	20	-16
26	20	-15
27	19	-15
27	18	-14
28	18	-14
29	18	-14
29	17	-13
30	17	-13
29	15	-12
29	15	-11
33	15	-12
34	14	-11
34	14	-11
35	13	-10
35	13	-10
35	13	-10
36	12	-9
37	12	-9
38	11	-9
38	11	-8
39	10	-8
40	10	-8
41	9	-7
42	9	-7
13	2	-1
13	1	-1
13	1	-1
13	1	0
13	1	-1
13	0	0
-203	-24	21
-104	-10	8
-105	-5	4
-221	0	0
-220	4	-3
-217	7	-6
-215	10	-9
-228	14	-12
-229	18	-15
-236	22	-19
-230	25	-21
-232	29	-24
-227	32	-27
-222	34	-29
-220	38	-32
-214	40	-34
-211	43	-37
-209	46	-39
-201	51	-43
-201	55	-46
-195	57	-48
-194	60	-51
-193	63	-53
-191	66	-56
-186	68	-57
-79	31	-27
-75	31	-27
-73	32	-27
-167	82	-69
-166	85	-72
-159	85	-72
-162	95	-80
-147	90	-76
-141	90	-76
-134	90	-76
-129	90	-76
-124	90	-76
-118	90	-76
-113	90	-76
-108	90	-76
-103	90	-76
-98	90	-76
-94	90	-76
-89	89	-75
-85	90	-76
-82	90	-76
-78	90	-77
-74	90	-76
-70	90	-76
-67	90	-76
-63	91	-77
-59	90	-76
-56	90	-77
-53	90	-76
-50	90	-76
-46	90	-76
-43	90	-76
-40	90	-76
-37	90	-76
-34	90	-76
-31	90	-76
-28	90	-76
-25	90	-76
-22	90	-76
-19	90	-77
-16	90	-76
-13	91	-77
-11	91	-77
-8	90	-76
-5	91	-77
-2	91	-77
1	90	-77
4	91	-77
7	91	-77
10	91	-77
12	91	-77
15	91	-77
18	90	-77
21	91	-77
24	91	-77
27	91	-77
30	91	-77
33	91	-77
36	91	-77
39	91	-77
42	91	-77
17	30	-25
18	30	-25
19	30	-25
20	30	-25
21	30	-25
23	30	-25
24	30	-25
25	30	-25
27	30	-25
28	30	-25
29	30	-25
31	30	-25
34	29	-25
27	22	-18
28	21	-18
30	22	-18
31	21	-18
31	21	-18
32	20	-17
32	20	-17
32	19	-16
33	18	-16
29	15	-13
29	15	-12
34	15	-13
36	14	-12
37	14	-11
37	13	-11
40	13	-11
40	12	-10
40	11	-9
41	11	-9
41	10	-8
43	9	-7
13	2	-1
13	1	-1
13	1	-1
13	1	-1
13	0	0
13	0	0
13	0	0
-103	-9	8
-104	-6	6
-104	-5	4
-210	-2	2
-221	1	-1
-219	4	-4
-217	7	-7
-217	11	-10
-229	15	-13
-230	18	-16
-232	21	-20
-231	25	-23
-228	28	-26
-226	31	-29
-219	33	-31
-218	37	-34
-212	39	-36
-210	42	-38
-208	45	-41
-203	47	-43
-201	50	-46
-197	52	-48
-194	55	-50
-194	58	-53
-190	60	-55
-186	62	-57
-183	65	-59
-79	30	-28
-75	30	-28
-72	31	-28
-166	82	-76
-161	84	-77
-158	86	-79
-158	90	-82
-150	89	-82
-143	89	-82
-137	89	-82
-131	89	-82
-126	89	-82
-120	89	-82
-115	89	-82
-111	90	-82
-105	89	-82
-101	89	-82
-96	89	-82
-91	89	-82
-72	73	-68
-68	74	-68
-66	75	-69
-64	76	-70
-71	89	-82
-68	89	-82
-64	89	-82
-61	89	-82
-58	90	-82
-54	89	-82
-51	89	-82
-47	89	-82
-44	89	-82
-41	89	-82
-37	89	-82
-35	89	-82
-31	90	-83
-28	89	-82
-25	90	-82
-22	89	-82
-19	89	-82
-16	89	-82
-13	90	-82
-10	90	-82
-7	89	-82
-5	90	-82
-2	89	-82
1	89	-82
4	89	-82
7	89	-82
10	90	-83
13	90	-83
16	90	-82
19	90	-83
22	90	-83
25	90	-83
28	90	-82
31	90	-83
34	90	-83
37	90	-83
40	90	-83
43	90	-83
46	90	-83
18	30	-27
19	30	-27
20	29	-27
21	30	-27
23	29	-27
25	29	-27
26	29	-27
28	30	-27
31	29	-27
33	29	-27
34	29	-27
36	29	-27
29	21	-20
30	21	-20
30	20	-18
30	19	-18
31	19	-17
31	18	-17
32	18	-17
33	17	-16
29	14	-13
29	14	-13
34	14	-13
33	13	-12
34	13	-12
37	12	-11
37	12	-11
39	12	-11
40	11	-10
40	11	-10
41	10	-9
41	9	-8
43	9	-8
13	1	-1
13	1	-1
13	1	-1
13	1	-1
13	1	-1
13	0	0
13	0	0
