-78.0	18.0	24.0
-75.0	19.0	25.0
-74.0	20.0	26.0
-74.0	21.0	28.0
-74.0	22.0	30.0
-74.0	23.0	31.0
-74.0	24.0	33.0
-74.0	26.0	35.0
-74.0	27.0	37.0
-74.0	28.0	38.0
-74.0	30.0	40.0
-74.0	31.0	42.0
-74.0	33.0	44.0
-74.0	34.0	46.0
-75.0	36.0	48.0
-74.0	37.0	50.0
-74.0	39.0	52.0
-75.0	41.0	55.0
-75.0	42.0	57.0
-75.0	44.0	60.0
-75.0	46.0	62.0
-75.0	48.0	65.0
-79.0	19.0	22.0
-77.0	20.0	23.0
-74.0	20.0	23.0
-74.0	21.0	25.0
-74.0	23.0	26.0
-74.0	24.0	28.0
-74.0	25.0	29.0
-74.0	27.0	31.0
-74.0	28.0	32.0
-74.0	30.0	34.0
-74.0	31.0	36.0
-74.0	32.0	37.0
-74.0	34.0	39.0
-74.0	36.0	41.0
-74.0	37.0	43.0
-74.0	39.0	45.0
-75.0	41.0	47.0
-75.0	42.0	49.0
-74.0	44.0	51.0
-75.0	46.0	53.0
-75.0	48.0	56.0
-75.0	50.0	58.0
-79.0	19.0	19.0
-76.0	20.0	20.0
-74.0	21.0	21.0
-74.0	22.0	22.0
-74.0	24.0	24.0
-74.0	25.0	25.0
-74.0	26.0	26.0
-74.0	28.0	28.0
-74.0	30.0	30.0
-74.0	31.0	31.0
-74.0	33.0	33.0
-74.0	34.0	34.0
-74.0	36.0	36.0
-74.0	38.0	38.0
-74.0	40.0	40.0
-74.0	41.0	41.0
-74.0	43.0	43.0
-74.0	45.0	45.0
-74.0	47.0	47.0
-74.0	49.0	49.0
-75.0	51.0	51.0
-75.0	54.0	54.0
-78.0	19.0	16.0
-75.0	20.0	17.0
-74.0	20.0	18.0
-74.0	22.0	19.0
-74.0	23.0	20.0
-74.0	25.0	21.0
-74.0	26.0	23.0
-74.0	28.0	24.0
-74.0	29.0	25.0
-74.0	31.0	27.0
-74.0	33.0	28.0
-74.0	34.0	30.0
-74.0	36.0	31.0
-74.0	38.0	33.0
-74.0	40.0	34.0
-74.0	42.0	36.0
-75.0	44.0	38.0
-75.0	46.0	39.0
-74.0	47.0	41.0
-74.0	50.0	43.0
-74.0	52.0	45.0
-74.0	54.0	47.0
-75.0	56.0	49.0
-79.0	17.0	13.0
-76.0	18.0	14.0
-74.0	19.0	14.0
-74.0	21.0	15.0
-74.0	22.0	16.0
-74.0	24.0	18.0
-74.0	25.0	19.0
-74.0	27.0	20.0
-74.0	28.0	21.0
-74.0	30.0	22.0
-73.0	32.0	23.0
-74.0	34.0	25.0
-74.0	35.0	26.0
-74.0	37.0	27.0
-74.0	39.0	29.0
-74.0	41.0	30.0
-74.0	43.0	32.0
-74.0	44.0	33.0
-74.0	46.0	34.0
-74.0	49.0	36.0
-74.0	51.0	38.0
-74.0	53.0	39.0
-74.0	55.0	41.0
-75.0	58.0	43.0
-75.0	60.0	45.0
-79.0	17.0	11.0
-76.0	18.0	11.0
-74.0	19.0	12.0
-74.0	21.0	13.0
-74.0	22.0	14.0
-73.0	24.0	15.0
-74.0	25.0	16.0
-74.0	27.0	17.0
-74.0	28.0	18.0
-74.0	30.0	19.0
-74.0	32.0	20.0
-73.0	33.0	21.0
-74.0	35.0	22.0
-74.0	37.0	24.0
-74.0	39.0	25.0
-74.0	41.0	26.0
-74.0	43.0	27.0
-74.0	45.0	28.0
-74.0	47.0	30.0
-74.0	49.0	31.0
-74.0	51.0	32.0
-74.0	54.0	34.0
-75.0	56.0	36.0
-75.0	59.0	37.0
-75.0	61.0	39.0
-74.0	63.0	40.0
-80.0	15.0	8.0
-77.0	17.0	9.0
-75.0	18.0	9.0
-74.0	19.0	10.0
-74.0	21.0	11.0
-74.0	22.0	12.0
-73.0	24.0	13.0
-74.0	25.0	13.0
-73.0	27.0	14.0
-74.0	29.0	15.0
-74.0	30.0	16.0
-74.0	32.0	17.0
-74.0	34.0	18.0
-74.0	36.0	19.0
-73.0	38.0	20.0
-74.0	40.0	21.0
-74.0	42.0	22.0
-74.0	44.0	23.0
-74.0	46.0	24.0
-74.0	48.0	25.0
-74.0	50.0	27.0
-74.0	52.0	28.0
-74.0	54.0	29.0
-74.0	57.0	30.0
-74.0	60.0	32.0
-75.0	62.0	33.0
-75.0	65.0	34.0
-75.0	67.0	36.0
-78.0	17.0	7.0
-75.0	18.0	8.0
-74.0	19.0	8.0
-74.0	21.0	9.0
-74.0	22.0	10.0
-74.0	24.0	11.0
-74.0	26.0	11.0
-74.0	27.0	12.0
-74.0	29.0	13.0
-74.0	31.0	14.0
-74.0	33.0	14.0
-74.0	35.0	15.0
-74.0	37.0	16.0
-74.0	39.0	17.0
-74.0	41.0	18.0
-74.0	42.0	19.0
-74.0	45.0	19.0
-74.0	47.0	20.0
-74.0	49.0	21.0
-74.0	51.0	22.0
-74.0	53.0	23.0
-74.0	56.0	24.0
-75.0	58.0	26.0
-74.0	61.0	27.0
-75.0	64.0	28.0
-75.0	66.0	29.0
-74.0	69.0	30.0
-77.0	15.0	5.0
-75.0	16.0	5.0
-74.0	17.0	6.0
-74.0	19.0	7.0
-74.0	20.0	7.0
-74.0	22.0	8.0
-73.0	24.0	8.0
-74.0	25.0	9.0
-74.0	27.0	9.0
-74.0	29.0	10.0
-74.0	31.0	11.0
-74.0	32.0	11.0
-73.0	34.0	12.0
-73.0	36.0	13.0
-74.0	38.0	13.0
-74.0	40.0	14.0
-74.0	42.0	15.0
-74.0	44.0	15.0
-74.0	46.0	16.0
-74.0	49.0	17.0
-74.0	51.0	18.0
-74.0	53.0	18.0
-74.0	56.0	19.0
-74.0	58.0	20.0
-74.0	60.0	21.0
-74.0	63.0	22.0
-75.0	66.0	23.0
-75.0	69.0	24.0
-74.0	72.0	25.0
-80.0	12.0	3.0
-77.0	13.0	3.0
-74.0	15.0	4.0
-73.0	16.0	4.0
-74.0	18.0	5.0
-74.0	19.0	5.0
-74.0	21.0	5.0
-74.0	23.0	6.0
-74.0	24.0	6.0
-74.0	26.0	7.0
-74.0	28.0	7.0
-74.0	29.0	8.0
-74.0	31.0	8.0
-74.0	33.0	9.0
-73.0	35.0	9.0
-73.0	37.0	10.0
-74.0	39.0	10.0
-74.0	41.0	11.0
-74.0	43.0	11.0
-74.0	45.0	12.0
-74.0	47.0	12.0
-74.0	49.0	13.0
-74.0	51.0	13.0
-74.0	54.0	14.0
-74.0	56.0	15.0
-74.0	59.0	15.0
-74.0	61.0	16.0
-74.0	64.0	17.0
-75.0	67.0	17.0
-75.0	70.0	18.0
-75.0	73.0	19.0
-75.0	76.0	20.0
-80.0	11.0	2.0
-77.0	12.0	2.0
-74.0	13.0	2.0
-74.0	15.0	3.0
-74.0	16.0	3.0
-74.0	18.0	3.0
-74.0	20.0	3.0
-74.0	21.0	4.0
-74.0	23.0	4.0
-74.0	25.0	4.0
-74.0	26.0	5.0
-74.0	28.0	5.0
-74.0	30.0	5.0
-74.0	32.0	6.0
-74.0	33.0	6.0
-73.0	35.0	6.0
-73.0	37.0	6.0
-74.0	39.0	7.0
-74.0	41.0	7.0
-74.0	43.0	8.0
-74.0	46.0	8.0
-74.0	48.0	8.0
-74.0	50.0	9.0
-74.0	52.0	9.0
-74.0	55.0	9.0
-74.0	57.0	10.0
-74.0	60.0	10.0
-74.0	62.0	11.0
-74.0	65.0	11.0
-74.0	68.0	12.0
-75.0	71.0	12.0
-75.0	74.0	13.0
-75.0	77.0	13.0
-75.0	81.0	14.0
-77.0	10.0	1.0
-75.0	12.0	1.0
-74.0	13.0	1.0
-74.0	15.0	1.0
-74.0	16.0	1.0
-74.0	18.0	2.0
-74.0	19.0	2.0
-74.0	21.0	2.0
-74.0	23.0	2.0
-74.0	25.0	2.0
-74.0	26.0	2.0
-74.0	28.0	2.0
-73.0	30.0	3.0
-74.0	31.0	3.0
-74.0	33.0	3.0
-73.0	35.0	3.0
-74.0	37.0	3.0
-74.0	39.0	3.0
-74.0	41.0	4.0
-74.0	43.0	4.0
-74.0	45.0	4.0
-74.0	47.0	4.0
-74.0	50.0	4.0
-74.0	52.0	5.0
-74.0	54.0	5.0
-74.0	57.0	5.0
-74.0	59.0	5.0
-74.0	62.0	5.0
-75.0	65.0	6.0
-75.0	67.0	6.0
-75.0	70.0	6.0
-75.0	73.0	6.0
-75.0	76.0	7.0
-75.0	80.0	7.0
-75.0	83.0	7.0
-79.0	7.0	0.0
-76.0	9.0	0.0
-73.0	10.0	0.0
-74.0	12.0	0.0
-73.0	13.0	0.0
-74.0	15.0	0.0
-74.0	16.0	0.0
-74.0	18.0	0.0
-74.0	20.0	0.0
-73.0	21.0	0.0
-74.0	23.0	0.0
-74.0	25.0	0.0
-74.0	26.0	0.0
-74.0	28.0	0.0
-73.0	30.0	0.0
-73.0	31.0	0.0
-73.0	33.0	0.0
-74.0	35.0	0.0
-73.0	37.0	0.0
-74.0	39.0	0.0
-74.0	41.0	0.0
-74.0	43.0	0.0
-74.0	45.0	0.0
-74.0	47.0	0.0
-74.0	50.0	0.0
-74.0	52.0	0.0
-74.0	54.0	0.0
-74.0	57.0	0.0
-74.0	59.0	0.0
-74.0	62.0	0.0
-74.0	64.0	0.0
-74.0	67.0	0.0
-74.0	70.0	0.0
-75.0	73.0	0.0
-74.0	76.0	0.0
-75.0	80.0	0.0
-75.0	83.0	0.0
-75.0	87.0	0.0
-75.0	90.0	0.0
-78.0	6.0	-1.0
-75.0	8.0	-1.0
-73.0	9.0	-1.0
-73.0	10.0	-1.0
-74.0	12.0	-1.0
-73.0	13.0	-1.0
-73.0	15.0	-1.0
-74.0	17.0	-2.0
-74.0	18.0	-2.0
-74.0	20.0	-2.0
-74.0	21.0	-2.0
-74.0	23.0	-2.0
-74.0	25.0	-2.0
-74.0	26.0	-2.0
-74.0	28.0	-3.0
-74.0	30.0	-3.0
-73.0	31.0	-3.0
-73.0	33.0	-3.0
-73.0	35.0	-3.0
-73.0	37.0	-3.0
-74.0	39.0	-4.0
-74.0	41.0	-4.0
-74.0	43.0	-4.0
-74.0	45.0	-4.0
-74.0	47.0	-4.0
-74.0	49.0	-4.0
-74.0	51.0	-5.0
-74.0	54.0	-5.0
-74.0	56.0	-5.0
-74.0	59.0	-5.0
-74.0	61.0	-6.0
-74.0	64.0	-6.0
-74.0	67.0	-6.0
-74.0	70.0	-6.0
-74.0	73.0	-7.0
-74.0	76.0	-7.0
-74.0	79.0	-7.0
-74.0	82.0	-7.0
-75.0	86.0	-8.0
-75.0	90.0	-8.0
-75.0	94.0	-8.0
-78.0	5.0	-1.0
-75.0	6.0	-1.0
-73.0	7.0	-1.0
-73.0	9.0	-2.0
-73.0	10.0	-2.0
-73.0	12.0	-2.0
-74.0	13.0	-2.0
-73.0	15.0	-3.0
-74.0	16.0	-3.0
-74.0	18.0	-3.0
-74.0	19.0	-4.0
-74.0	21.0	-4.0
-74.0	23.0	-4.0
-74.0	24.0	-4.0
-74.0	26.0	-5.0
-74.0	27.0	-5.0
-74.0	29.0	-5.0
-73.0	31.0	-6.0
-73.0	33.0	-6.0
-73.0	34.0	-6.0
-74.0	36.0	-7.0
-74.0	38.0	-7.0
-74.0	40.0	-7.0
-74.0	42.0	-8.0
-74.0	44.0	-8.0
-74.0	46.0	-9.0
-74.0	48.0	-9.0
-74.0	50.0	-9.0
-74.0	53.0	-10.0
-74.0	55.0	-10.0
-74.0	57.0	-11.0
-74.0	60.0	-11.0
-74.0	62.0	-12.0
-74.0	65.0	-12.0
-74.0	68.0	-13.0
-74.0	71.0	-13.0
-74.0	74.0	-14.0
-72.0	75.0	-14.0
-69.0	75.0	-14.0
-66.0	75.0	-14.0
-64.0	76.0	-14.0
-62.0	76.0	-14.0
-60.0	77.0	-14.0
-58.0	79.0	-15.0
-56.0	80.0	-15.0
-55.0	81.0	-15.0
-54.0	83.0	-15.0
-53.0	85.0	-16.0
-52.0	89.0	-16.0
-51.0	92.0	-17.0
-52.0	98.0	-18.0
-50.0	99.0	-18.0
-78.0	2.0	-1.0
-76.0	3.0	-1.0
-73.0	5.0	-1.0
-73.0	6.0	-2.0
-74.0	8.0	-2.0
-74.0	9.0	-3.0
-74.0	10.0	-3.0
-73.0	12.0	-3.0
-73.0	13.0	-4.0
-74.0	15.0	-4.0
-74.0	16.0	-5.0
-74.0	18.0	-5.0
-74.0	19.0	-5.0
-73.0	21.0	-6.0
-73.0	22.0	-6.0
-74.0	24.0	-7.0
-74.0	25.0	-7.0
-74.0	27.0	-8.0
-74.0	29.0	-8.0
-74.0	30.0	-9.0
-74.0	32.0	-9.0
-73.0	34.0	-10.0
-74.0	36.0	-10.0
-73.0	37.0	-11.0
-74.0	39.0	-11.0
-74.0	41.0	-12.0
-74.0	43.0	-12.0
-74.0	45.0	-13.0
-74.0	47.0	-13.0
-74.0	49.0	-14.0
-74.0	51.0	-15.0
-74.0	54.0	-15.0
-74.0	56.0	-16.0
-74.0	58.0	-17.0
-74.0	61.0	-17.0
-70.0	60.0	-17.0
-62.0	56.0	-16.0
-59.0	56.0	-16.0
-58.0	57.0	-16.0
-57.0	58.0	-17.0
-53.0	57.0	-16.0
-52.0	58.0	-17.0
-56.0	65.0	-19.0
-57.0	68.0	-20.0
-55.0	69.0	-20.0
-52.0	69.0	-20.0
-50.0	69.0	-20.0
-48.0	69.0	-20.0
-46.0	70.0	-20.0
-44.0	70.0	-20.0
-42.0	71.0	-20.0
-41.0	72.0	-21.0
-39.0	73.0	-21.0
-37.0	74.0	-21.0
-36.0	75.0	-21.0
-79.0	0.0	0.0
-76.0	1.0	-1.0
-73.0	3.0	-1.0
-73.0	4.0	-2.0
-73.0	5.0	-2.0
-73.0	7.0	-3.0
-73.0	8.0	-3.0
-73.0	9.0	-4.0
-73.0	11.0	-4.0
-73.0	12.0	-5.0
-73.0	13.0	-5.0
-74.0	15.0	-6.0
-74.0	16.0	-7.0
-74.0	18.0	-7.0
-74.0	19.0	-8.0
-74.0	21.0	-8.0
-74.0	22.0	-9.0
-74.0	24.0	-9.0
-74.0	25.0	-10.0
-74.0	27.0	-11.0
-73.0	28.0	-11.0
-73.0	30.0	-12.0
-73.0	32.0	-12.0
-74.0	33.0	-13.0
-74.0	35.0	-14.0
-74.0	37.0	-15.0
-74.0	38.0	-15.0
-74.0	40.0	-16.0
-74.0	42.0	-17.0
-74.0	44.0	-17.0
-74.0	46.0	-18.0
-63.0	41.0	-16.0
-60.0	42.0	-16.0
-57.0	41.0	-16.0
-56.0	42.0	-17.0
-55.0	44.0	-17.0
-55.0	45.0	-18.0
-53.0	45.0	-18.0
-51.0	46.0	-18.0
-51.0	47.0	-19.0
-50.0	48.0	-19.0
-49.0	49.0	-20.0
-48.0	51.0	-20.0
-47.0	52.0	-20.0
-47.0	54.0	-22.0
-48.0	58.0	-23.0
-50.0	62.0	-25.0
-49.0	65.0	-26.0
-48.0	66.0	-26.0
-46.0	65.0	-26.0
-43.0	65.0	-26.0
-41.0	65.0	-26.0
-39.0	65.0	-26.0
-37.0	65.0	-26.0
-35.0	66.0	-26.0
-33.0	66.0	-26.0
-32.0	66.0	-26.0
-80.0	-3.0	1.0
-77.0	-1.0	1.0
-73.0	0.0	0.0
-73.0	2.0	-1.0
-73.0	3.0	-1.0
-73.0	4.0	-2.0
-73.0	5.0	-3.0
-73.0	7.0	-3.0
-73.0	8.0	-4.0
-73.0	9.0	-5.0
-73.0	10.0	-5.0
-73.0	12.0	-6.0
-73.0	13.0	-7.0
-73.0	14.0	-7.0
-73.0	16.0	-8.0
-73.0	17.0	-9.0
-73.0	18.0	-9.0
-73.0	20.0	-10.0
-73.0	21.0	-11.0
-73.0	22.0	-12.0
-73.0	24.0	-12.0
-73.0	25.0	-13.0
-73.0	27.0	-14.0
-73.0	28.0	-15.0
-73.0	30.0	-15.0
-73.0	31.0	-16.0
-74.0	33.0	-17.0
-73.0	35.0	-18.0
-73.0	36.0	-19.0
-73.0	38.0	-20.0
-73.0	40.0	-20.0
-72.0	41.0	-21.0
-63.0	38.0	-19.0
-65.0	40.0	-21.0
-62.0	40.0	-21.0
-60.0	41.0	-21.0
-57.0	40.0	-21.0
-54.0	40.0	-21.0
-50.0	39.0	-20.0
-48.0	39.0	-20.0
-46.0	39.0	-20.0
-45.0	40.0	-21.0
-46.0	43.0	-22.0
-46.0	44.0	-23.0
-47.0	47.0	-24.0
-47.0	49.0	-25.0
-48.0	51.0	-26.0
-48.0	54.0	-28.0
-49.0	57.0	-29.0
-49.0	60.0	-31.0
-50.0	64.0	-33.0
-49.0	66.0	-34.0
-46.0	65.0	-34.0
-44.0	64.0	-33.0
-41.0	64.0	-33.0
-39.0	64.0	-33.0
-37.0	63.0	-33.0
-35.0	63.0	-33.0
-78.0	-4.0	3.0
-75.0	-2.0	2.0
-73.0	-1.0	1.0
-73.0	0.0	0.0
-73.0	1.0	-1.0
-73.0	2.0	-2.0
-73.0	4.0	-2.0
-73.0	5.0	-3.0
-73.0	6.0	-4.0
-73.0	7.0	-5.0
-73.0	8.0	-5.0
-73.0	9.0	-6.0
-73.0	11.0	-7.0
-73.0	12.0	-8.0
-73.0	13.0	-9.0
-73.0	14.0	-9.0
-73.0	16.0	-10.0
-74.0	17.0	-11.0
-73.0	18.0	-12.0
-73.0	19.0	-13.0
-73.0	21.0	-14.0
-73.0	22.0	-14.0
-73.0	23.0	-15.0
-73.0	25.0	-16.0
-73.0	26.0	-17.0
-73.0	28.0	-18.0
-73.0	29.0	-19.0
-73.0	31.0	-20.0
-73.0	32.0	-21.0
-73.0	34.0	-22.0
-73.0	35.0	-23.0
-73.0	37.0	-24.0
-68.0	36.0	-23.0
-65.0	36.0	-23.0
-62.0	36.0	-24.0
-60.0	37.0	-24.0
-58.0	37.0	-24.0
-56.0	37.0	-24.0
-53.0	37.0	-24.0
-51.0	37.0	-24.0
-49.0	37.0	-24.0
-47.0	37.0	-24.0
-46.0	38.0	-25.0
-45.0	39.0	-26.0
-46.0	41.0	-27.0
-46.0	43.0	-28.0
-47.0	45.0	-30.0
-48.0	48.0	-31.0
-48.0	50.0	-33.0
-48.0	52.0	-34.0
-49.0	56.0	-36.0
-49.0	59.0	-38.0
-54.0	73.0	-48.0
-79.0	-5.0	4.0
-76.0	-4.0	3.0
-73.0	-3.0	2.0
-73.0	-2.0	1.0
-73.0	-1.0	1.0
-73.0	0.0	0.0
-73.0	2.0	-1.0
-73.0	3.0	-2.0
-73.0	4.0	-3.0
-73.0	5.0	-4.0
-73.0	6.0	-5.0
-73.0	7.0	-6.0
-73.0	8.0	-7.0
-73.0	9.0	-7.0
-73.0	10.0	-8.0
-73.0	11.0	-9.0
-73.0	13.0	-10.0
-73.0	14.0	-11.0
-74.0	15.0	-12.0
-73.0	16.0	-13.0
-73.0	17.0	-14.0
-73.0	18.0	-15.0
-73.0	20.0	-16.0
-73.0	21.0	-17.0
-73.0	22.0	-18.0
-73.0	23.0	-19.0
-73.0	25.0	-20.0
-73.0	26.0	-21.0
-73.0	27.0	-22.0
-73.0	29.0	-23.0
-73.0	30.0	-24.0
-73.0	32.0	-26.0
-73.0	33.0	-27.0
-73.0	35.0	-28.0
-70.0	35.0	-28.0
-67.0	35.0	-28.0
-64.0	35.0	-28.0
-62.0	35.0	-28.0
-59.0	35.0	-29.0
-57.0	35.0	-29.0
-55.0	36.0	-29.0
-53.0	36.0	-29.0
-51.0	36.0	-29.0
-49.0	36.0	-29.0
-47.0	36.0	-29.0
-46.0	37.0	-30.0
-46.0	39.0	-31.0
-46.0	41.0	-33.0
-47.0	43.0	-35.0
-47.0	45.0	-36.0
-47.0	47.0	-38.0
-48.0	49.0	-40.0
-49.0	52.0	-42.0
-49.0	55.0	-45.0
-49.0	58.0	-47.0
-50.0	61.0	-50.0
-77.0	-6.0	6.0
-74.0	-5.0	5.0
-73.0	-4.0	4.0
-73.0	-3.0	3.0
-73.0	-2.0	2.0
-73.0	-1.0	1.0
-73.0	0.0	0.0
-73.0	1.0	-1.0
-73.0	2.0	-2.0
-73.0	3.0	-3.0
-73.0	4.0	-4.0
-73.0	5.0	-5.0
-73.0	6.0	-6.0
-73.0	7.0	-7.0
-73.0	8.0	-8.0
-73.0	9.0	-9.0
-73.0	10.0	-10.0
-73.0	11.0	-11.0
-73.0	12.0	-12.0
-73.0	13.0	-13.0
-73.0	14.0	-14.0
-73.0	15.0	-15.0
-73.0	16.0	-16.0
-73.0	17.0	-17.0
-73.0	19.0	-19.0
-73.0	20.0	-20.0
-73.0	21.0	-21.0
-73.0	22.0	-22.0
-73.0	23.0	-23.0
-73.0	24.0	-24.0
-73.0	26.0	-26.0
-73.0	27.0	-27.0
-73.0	28.0	-28.0
-73.0	30.0	-30.0
-73.0	31.0	-31.0
-73.0	32.0	-32.0
-73.0	34.0	-34.0
-71.0	34.0	-34.0
-67.0	34.0	-34.0
-65.0	34.0	-34.0
-62.0	34.0	-34.0
-60.0	35.0	-35.0
-58.0	35.0	-35.0
-56.0	35.0	-35.0
-53.0	35.0	-35.0
-52.0	35.0	-35.0
-49.0	35.0	-35.0
-47.0	35.0	-35.0
-46.0	36.0	-36.0
-46.0	37.0	-37.0
-47.0	39.0	-39.0
-47.0	42.0	-42.0
-47.0	43.0	-43.0
-48.0	46.0	-46.0
-48.0	48.0	-48.0
-48.0	50.0	-50.0
-49.0	53.0	-53.0
-49.0	57.0	-57.0
-79.0	-9.0	11.0
-76.0	-7.0	9.0
-74.0	-6.0	8.0
-74.0	-5.0	7.0
-73.0	-4.0	5.0
-73.0	-4.0	4.0
-74.0	-3.0	3.0
-73.0	-2.0	2.0
-73.0	-1.0	1.0
-73.0	0.0	0.0
-73.0	1.0	-1.0
-73.0	2.0	-2.0
-73.0	3.0	-3.0
-73.0	4.0	-4.0
-73.0	4.0	-5.0
-74.0	5.0	-7.0
-73.0	6.0	-8.0
-74.0	7.0	-9.0
-74.0	8.0	-10.0
-74.0	9.0	-11.0
-73.0	10.0	-12.0
-74.0	11.0	-13.0
-73.0	12.0	-15.0
-73.0	13.0	-16.0
-74.0	14.0	-17.0
-74.0	17.0	-21.0
-74.0	18.0	-22.0
-74.0	19.0	-23.0
-73.0	20.0	-24.0
-73.0	21.0	-26.0
-74.0	22.0	-27.0
-73.0	23.0	-28.0
-74.0	24.0	-30.0
-74.0	26.0	-32.0
-74.0	27.0	-33.0
-74.0	28.0	-34.0
-74.0	29.0	-36.0
-74.0	31.0	-38.0
-73.0	32.0	-39.0
-71.0	32.0	-40.0
-75.0	35.0	-43.0
-69.0	34.0	-42.0
-65.0	34.0	-41.0
-62.0	34.0	-41.0
-60.0	34.0	-42.0
-58.0	34.0	-42.0
-55.0	34.0	-42.0
-53.0	34.0	-42.0
-51.0	34.0	-42.0
-49.0	34.0	-42.0
-47.0	35.0	-43.0
-46.0	35.0	-43.0
-46.0	37.0	-46.0
-46.0	39.0	-48.0
-47.0	41.0	-51.0
-48.0	43.0	-53.0
-48.0	45.0	-56.0
-48.0	48.0	-59.0
-48.0	51.0	-62.0
