-214.0	73.0	87.0
<<<<<<< HEAD
-217.0	72.0	85.0
-215.0	80.0	80.0
-215.0	79.0	79.0
-213.0	86.0	72.0
-212.0	84.0	71.0
-220.0	89.0	51.0
-219.0	89.0	52.0
-220.0	87.0	40.0
-217.0	90.0	42.0
-219.0	80.0	29.0
-209.0	81.0	30.0
-206.0	85.0	31.0
-205.0	90.0	33.0
-205.0	96.0	35.0
-204.0	101.0	37.0
-205.0	107.0	39.0
-216.0	80.0	29.0
-212.0	84.0	31.0
-206.0	87.0	32.0
-204.0	92.0	33.0
-205.0	98.0	36.0
-204.0	103.0	38.0
-215.0	77.0	21.0
-207.0	79.0	21.0
-206.0	84.0	22.0
-205.0	89.0	24.0
-205.0	95.0	25.0
-205.0	101.0	27.0
-204.0	106.0	28.0
-214.0	76.0	20.0
-207.0	79.0	21.0
-207.0	85.0	23.0
-205.0	90.0	24.0
-204.0	95.0	25.0
-205.0	101.0	27.0
-204.0	106.0	28.0
-212.0	74.0	13.0
-206.0	78.0	14.0
-207.0	83.0	15.0
-206.0	88.0	16.0
-204.0	93.0	16.0
-204.0	99.0	17.0
-205.0	105.0	19.0
-203.0	110.0	19.0
-213.0	74.0	13.0
-206.0	76.0	13.0
-207.0	82.0	15.0
-206.0	88.0	15.0
-205.0	93.0	16.0
-205.0	99.0	17.0
-205.0	105.0	18.0
-204.0	110.0	19.0
-204.0	66.0	6.0
-205.0	71.0	6.0
-210.0	78.0	7.0
-206.0	83.0	7.0
-206.0	88.0	8.0
-205.0	93.0	8.0
-204.0	98.0	9.0
-203.0	104.0	9.0
-210.0	64.0	6.0
-202.0	67.0	6.0
-205.0	73.0	6.0
-209.0	80.0	7.0
-206.0	84.0	7.0
-205.0	90.0	8.0
-204.0	95.0	8.0
-205.0	101.0	9.0
-210.0	62.0	0.0
-200.0	64.0	0.0
-204.0	70.0	0.0
-209.0	77.0	0.0
-205.0	81.0	0.0
-206.0	87.0	0.0
-205.0	92.0	0.0
-204.0	98.0	0.0
-202.0	103.0	0.0
-213.0	61.0	0.0
-200.0	63.0	0.0
-201.0	68.0	0.0
-208.0	76.0	0.0
-206.0	81.0	0.0
-205.0	86.0	0.0
-205.0	92.0	0.0
-204.0	97.0	0.0
-204.0	103.0	0.0
-216.0	56.0	-5.0
-204.0	58.0	-5.0
-207.0	64.0	-6.0
-206.0	69.0	-6.0
-209.0	76.0	-7.0
-207.0	80.0	-7.0
-206.0	85.0	-7.0
-205.0	91.0	-8.0
-204.0	96.0	-8.0
-248.0	123.0	-11.0
-215.0	56.0	-5.0
-204.0	59.0	-5.0
-209.0	65.0	-6.0
-205.0	70.0	-6.0
-208.0	76.0	-7.0
-205.0	80.0	-7.0
-206.0	86.0	-8.0
-205.0	91.0	-8.0
-204.0	96.0	-8.0
-250.0	125.0	-11.0
-219.0	54.0	-9.0
-207.0	56.0	-10.0
-208.0	61.0	-11.0
-206.0	66.0	-12.0
-205.0	71.0	-12.0
-206.0	76.0	-13.0
-205.0	81.0	-14.0
-205.0	87.0	-15.0
-203.0	92.0	-16.0
-204.0	98.0	-17.0
-252.0	128.0	-23.0
-215.0	55.0	-10.0
-207.0	59.0	-10.0
-210.0	65.0	-11.0
-205.0	68.0	-12.0
-208.0	75.0	-13.0
-205.0	79.0	-14.0
-205.0	85.0	-15.0
-204.0	90.0	-16.0
-204.0	95.0	-17.0
-250.0	123.0	-22.0
-259.0	135.0	-24.0
-216.0	45.0	-12.0
-207.0	48.0	-13.0
-204.0	52.0	-14.0
-206.0	58.0	-15.0
-205.0	62.0	-17.0
-206.0	68.0	-18.0
-210.0	74.0	-20.0
-206.0	78.0	-21.0
-206.0	84.0	-22.0
-204.0	89.0	-24.0
-204.0	94.0	-25.0
-248.0	121.0	-32.0
-219.0	113.0	-30.0
-208.0	114.0	-30.0
-205.0	118.0	-32.0
-203.0	123.0	-33.0
-205.0	131.0	-35.0
-204.0	137.0	-37.0
-216.0	45.0	-12.0
-207.0	48.0	-13.0
-204.0	52.0	-14.0
-206.0	58.0	-16.0
-205.0	63.0	-17.0
-205.0	68.0	-18.0
-210.0	75.0	-20.0
-205.0	78.0	-21.0
-205.0	84.0	-22.0
-205.0	89.0	-24.0
-203.0	94.0	-25.0
-250.0	122.0	-33.0
-222.0	115.0	-31.0
-208.0	114.0	-30.0
-205.0	118.0	-32.0
-203.0	123.0	-33.0
-203.0	130.0	-35.0
-203.0	137.0	-37.0
-220.0	39.0	-14.0
-211.0	42.0	-15.0
-207.0	46.0	-17.0
-206.0	51.0	-18.0
-207.0	56.0	-20.0
-207.0	61.0	-22.0
-206.0	65.0	-24.0
-208.0	71.0	-26.0
-205.0	75.0	-27.0
-204.0	80.0	-29.0
-205.0	86.0	-31.0
-203.0	90.0	-33.0
-203.0	96.0	-35.0
-209.0	104.0	-38.0
-202.0	106.0	-39.0
-198.0	111.0	-40.0
-197.0	115.0	-42.0
-198.0	123.0	-45.0
-209.0	136.0	-49.0
-202.0	138.0	-50.0
-204.0	146.0	-53.0
-214.0	41.0	-15.0
-207.0	45.0	-16.0
-207.0	50.0	-18.0
-207.0	55.0	-20.0
-207.0	60.0	-22.0
-208.0	65.0	-24.0
-205.0	69.0	-25.0
-205.0	74.0	-27.0
-205.0	79.0	-29.0
-205.0	84.0	-31.0
-204.0	89.0	-32.0
-203.0	94.0	-34.0
-208.0	103.0	-37.0
-202.0	105.0	-38.0
-199.0	110.0	-40.0
-196.0	114.0	-41.0
-199.0	121.0	-44.0
-210.0	134.0	-49.0
-203.0	137.0	-50.0
-204.0	144.0	-52.0
-203.0	32.0	-15.0
-209.0	37.0	-17.0
-207.0	41.0	-19.0
-207.0	46.0	-21.0
-206.0	50.0	-23.0
-206.0	55.0	-26.0
-210.0	61.0	-28.0
-205.0	64.0	-30.0
-209.0	70.0	-33.0
-207.0	75.0	-35.0
-205.0	79.0	-37.0
-204.0	84.0	-39.0
-205.0	89.0	-42.0
-204.0	94.0	-44.0
-204.0	100.0	-47.0
-201.0	104.0	-48.0
-195.0	106.0	-50.0
-192.0	111.0	-52.0
-195.0	118.0	-55.0
-203.0	129.0	-60.0
-202.0	135.0	-63.0
-207.0	34.0	-16.0
-207.0	38.0	-18.0
-208.0	43.0	-20.0
-207.0	47.0	-22.0
-208.0	52.0	-24.0
-208.0	57.0	-26.0
-208.0	62.0	-29.0
-206.0	66.0	-31.0
-209.0	72.0	-33.0
-206.0	76.0	-35.0
-205.0	80.0	-37.0
-204.0	85.0	-40.0
-203.0	90.0	-42.0
-208.0	98.0	-46.0
-203.0	101.0	-47.0
-199.0	105.0	-49.0
-193.0	107.0	-50.0
-194.0	113.0	-53.0
-195.0	120.0	-56.0
-202.0	131.0	-61.0
-202.0	137.0	-64.0
-218.0	-109.0	63.0
-220.0	-104.0	60.0
-218.0	-97.0	56.0
-221.0	-93.0	54.0
-216.0	-86.0	50.0
-216.0	-80.0	46.0
-216.0	-76.0	44.0
-215.0	-70.0	40.0
-216.0	-66.0	38.0
-216.0	-61.0	35.0
-205.0	-53.0	31.0
-221.0	-21.0	12.0
-214.0	-16.0	9.0
-212.0	-11.0	6.0
-211.0	-7.0	4.0
-210.0	-2.0	1.0
-207.0	2.0	-1.0
-209.0	6.0	-4.0
-210.0	10.0	-6.0
-207.0	14.0	-8.0
-207.0	19.0	-11.0
-205.0	23.0	-13.0
-205.0	27.0	-15.0
-202.0	31.0	-18.0
-219.0	-106.0	61.0
-222.0	-102.0	59.0
-220.0	-95.0	55.0
-218.0	-90.0	52.0
-215.0	-83.0	48.0
-216.0	-78.0	45.0
-217.0	-73.0	42.0
-214.0	-68.0	39.0
-219.0	-64.0	37.0
-210.0	-57.0	33.0
-223.0	-23.0	13.0
-217.0	-18.0	10.0
-213.0	-13.0	8.0
-211.0	-9.0	5.0
-212.0	-5.0	3.0
-209.0	0.0	0.0
-207.0	4.0	-2.0
-209.0	8.0	-5.0
-208.0	12.0	-7.0
-208.0	17.0	-10.0
-205.0	21.0	-12.0
-206.0	25.0	-14.0
-205.0	29.0	-17.0
-216.0	14.0	-10.0
-207.0	17.0	-12.0
-202.0	21.0	-14.0
-212.0	26.0	-18.0
-205.0	29.0	-20.0
-206.0	33.0	-23.0
-206.0	37.0	-26.0
-207.0	41.0	-29.0
-205.0	76.0	-53.0
-204.0	80.0	-56.0
-204.0	85.0	-59.0
-204.0	90.0	-63.0
-202.0	94.0	-66.0
-223.0	109.0	-76.0
-217.0	14.0	-10.0
-205.0	18.0	-12.0
-201.0	21.0	-15.0
-212.0	26.0	-18.0
-205.0	30.0	-21.0
-208.0	34.0	-24.0
-207.0	38.0	-27.0
-207.0	42.0	-29.0
-207.0	46.0	-32.0
-204.0	81.0	-57.0
-204.0	86.0	-60.0
-203.0	90.0	-63.0
-203.0	95.0	-67.0
-230.0	113.0	-79.0
-211.0	14.0	-12.0
-202.0	17.0	-14.0
-201.0	21.0	-17.0
-212.0	26.0	-21.0
-204.0	28.0	-24.0
-207.0	33.0	-27.0
-207.0	36.0	-31.0
-207.0	40.0	-34.0
-208.0	44.0	-37.0
-205.0	48.0	-40.0
-204.0	90.0	-76.0
-210.0	14.0	-11.0
-202.0	17.0	-14.0
-201.0	20.0	-17.0
-212.0	25.0	-21.0
-205.0	28.0	-24.0
-208.0	32.0	-27.0
-206.0	36.0	-30.0
-208.0	40.0	-34.0
-208.0	44.0	-37.0
-203.0	85.0	-71.0
-203.0	89.0	-75.0
-218.0	8.0	-8.0
-208.0	11.0	-11.0
-205.0	14.0	-14.0
-202.0	17.0	-17.0
-203.0	21.0	-21.0
-208.0	25.0	-25.0
-205.0	28.0	-28.0
-208.0	32.0	-32.0
-207.0	35.0	-35.0
-206.0	39.0	-39.0
-205.0	42.0	-42.0
-210.0	47.0	-47.0
-207.0	50.0	-50.0
-216.0	9.0	-9.0
-207.0	12.0	-12.0
-205.0	15.0	-15.0
-202.0	19.0	-19.0
-212.0	23.0	-23.0
-206.0	26.0	-26.0
-204.0	29.0	-29.0
-207.0	33.0	-33.0
-207.0	37.0	-37.0
-205.0	40.0	-40.0
-207.0	44.0	-44.0
-208.0	48.0	-48.0
-208.0	51.0	-51.0
-211.0	3.0	-4.0
-209.0	6.0	-7.0
-208.0	9.0	-11.0
-205.0	12.0	-15.0
-204.0	15.0	-18.0
-201.0	18.0	-22.0
-209.0	22.0	-26.0
-205.0	25.0	-29.0
-205.0	28.0	-33.0
-204.0	31.0	-37.0
-205.0	34.0	-41.0
-208.0	38.0	-45.0
-208.0	41.0	-49.0
-214.0	2.0	-2.0
-212.0	5.0	-6.0
-207.0	8.0	-10.0
-206.0	11.0	-13.0
-206.0	14.0	-17.0
-202.0	17.0	-20.0
-202.0	20.0	-24.0
-212.0	24.0	-29.0
-204.0	26.0	-32.0
-206.0	30.0	-36.0
-204.0	33.0	-39.0
-210.0	37.0	-44.0
-208.0	40.0	-48.0
-208.0	43.0	-52.0
-211.0	0.0	0.0
-207.0	3.0	-4.0
-209.0	6.0	-8.0
-208.0	9.0	-12.0
-207.0	11.0	-16.0
-205.0	14.0	-20.0
-202.0	16.0	-24.0
-201.0	19.0	-27.0
-213.0	23.0	-33.0
-205.0	25.0	-36.0
-204.0	28.0	-40.0
-212.0	32.0	-45.0
-208.0	34.0	-49.0
-212.0	0.0	1.0
-207.0	2.0	-3.0
-209.0	5.0	-7.0
-208.0	8.0	-11.0
-206.0	11.0	-15.0
-206.0	13.0	-19.0
-202.0	16.0	-23.0
-202.0	19.0	-27.0
-212.0	22.0	-32.0
-205.0	25.0	-35.0
-205.0	27.0	-39.0
-208.0	31.0	-44.0
-208.0	34.0	-48.0
=======
-265.0	95.0	113.0
-263.0	99.0	118.0
-263.0	104.0	124.0
-264.0	110.0	131.0
-263.0	115.0	137.0
-264.0	122.0	145.0
-260.0	126.0	150.0
-247.0	125.0	149.0
-236.0	126.0	150.0
-227.0	127.0	151.0
-216.0	126.0	150.0
-205.0	126.0	150.0
-197.0	126.0	151.0
-188.0	127.0	151.0
-179.0	126.0	150.0
-171.0	127.0	151.0
-164.0	128.0	152.0
-158.0	129.0	153.0
-149.0	128.0	152.0
-142.0	127.0	152.0
-135.0	127.0	152.0
-128.0	127.0	152.0
-123.0	128.0	152.0
-116.0	128.0	153.0
-110.0	128.0	152.0
-104.0	128.0	153.0
-98.0	128.0	152.0
-93.0	128.0	153.0
-87.0	128.0	152.0
-82.0	128.0	153.0
-76.0	128.0	153.0
-270.0	94.0	112.0
-264.0	97.0	116.0
-263.0	102.0	121.0
-263.0	107.0	128.0
-266.0	114.0	136.0
-261.0	118.0	140.0
-261.0	124.0	147.0
-253.0	126.0	150.0
-242.0	126.0	150.0
-230.0	126.0	150.0
-219.0	126.0	150.0
-210.0	126.0	151.0
-201.0	127.0	151.0
-192.0	127.0	151.0
-183.0	127.0	151.0
-175.0	127.0	151.0
-167.0	127.0	151.0
-160.0	128.0	152.0
-153.0	128.0	153.0
-145.0	128.0	152.0
-138.0	128.0	152.0
-131.0	127.0	152.0
-126.0	128.0	153.0
-118.0	127.0	152.0
-112.0	128.0	152.0
-106.0	128.0	152.0
-100.0	128.0	152.0
-95.0	128.0	153.0
-89.0	127.0	152.0
-83.0	128.0	152.0
-78.0	128.0	153.0
-73.0	128.0	153.0
-215.0	80.0	80.0
-266.0	104.0	104.0
-263.0	109.0	109.0
-262.0	114.0	114.0
-262.0	120.0	120.0
-263.0	126.0	126.0
-262.0	133.0	133.0
-260.0	138.0	138.0
-248.0	138.0	138.0
-236.0	138.0	138.0
-227.0	139.0	139.0
-216.0	139.0	139.0
-205.0	139.0	139.0
-197.0	140.0	140.0
-188.0	139.0	139.0
-179.0	140.0	140.0
-171.0	140.0	140.0
-164.0	141.0	141.0
-158.0	142.0	142.0
-149.0	141.0	141.0
-142.0	141.0	141.0
-135.0	141.0	141.0
-129.0	141.0	141.0
-122.0	141.0	141.0
-116.0	141.0	141.0
-109.0	141.0	141.0
-104.0	141.0	141.0
-98.0	141.0	141.0
-92.0	141.0	141.0
-86.0	141.0	141.0
-81.0	141.0	141.0
-75.0	141.0	141.0
-267.0	103.0	103.0
-264.0	107.0	107.0
-262.0	113.0	113.0
-263.0	119.0	119.0
-259.0	123.0	123.0
-261.0	130.0	130.0
-262.0	138.0	138.0
-250.0	138.0	138.0
-238.0	138.0	138.0
-229.0	139.0	139.0
-218.0	139.0	139.0
-207.0	139.0	139.0
-201.0	140.0	140.0
-190.0	139.0	139.0
-182.0	140.0	140.0
-174.0	140.0	140.0
-166.0	140.0	140.0
-158.0	140.0	140.0
-151.0	141.0	141.0
-144.0	141.0	141.0
-137.0	141.0	141.0
-130.0	141.0	141.0
-124.0	141.0	141.0
-117.0	140.0	140.0
-111.0	141.0	141.0
-106.0	142.0	142.0
-99.0	141.0	141.0
-93.0	141.0	141.0
-88.0	141.0	141.0
-82.0	141.0	141.0
-77.0	141.0	141.0
-266.0	112.0	94.0
-264.0	118.0	99.0
-263.0	124.0	104.0
-262.0	130.0	109.0
-264.0	137.0	115.0
-262.0	143.0	120.0
-263.0	151.0	127.0
-248.0	150.0	126.0
-239.0	151.0	127.0
-227.0	151.0	126.0
-217.0	151.0	127.0
-207.0	151.0	127.0
-199.0	152.0	128.0
-189.0	151.0	127.0
-181.0	152.0	128.0
-173.0	152.0	128.0
-165.0	153.0	128.0
-158.0	153.0	129.0
-150.0	153.0	128.0
-143.0	153.0	128.0
-136.0	153.0	128.0
-129.0	152.0	128.0
-123.0	153.0	129.0
-116.0	153.0	128.0
-111.0	154.0	129.0
-105.0	154.0	129.0
-99.0	154.0	129.0
-93.0	154.0	129.0
-87.0	153.0	129.0
-82.0	153.0	129.0
-77.0	154.0	129.0
-267.0	112.0	94.0
-264.0	117.0	98.0
-263.0	123.0	103.0
-263.0	129.0	108.0
-263.0	136.0	114.0
-261.0	142.0	119.0
-262.0	150.0	125.0
-251.0	150.0	126.0
-241.0	151.0	127.0
-229.0	151.0	127.0
-218.0	151.0	127.0
-208.0	151.0	127.0
-200.0	152.0	128.0
-190.0	151.0	127.0
-182.0	152.0	128.0
-174.0	152.0	128.0
-167.0	153.0	128.0
-159.0	153.0	128.0
-152.0	154.0	129.0
-145.0	153.0	129.0
-137.0	153.0	128.0
-131.0	153.0	129.0
-124.0	153.0	128.0
-117.0	153.0	128.0
-112.0	154.0	129.0
-106.0	154.0	129.0
-100.0	154.0	129.0
-94.0	153.0	129.0
-88.0	154.0	129.0
-82.0	153.0	129.0
-77.0	153.0	128.0
-72.0	153.0	129.0
-273.0	112.0	79.0
-267.0	116.0	81.0
-217.0	100.0	70.0
-262.0	127.0	89.0
-265.0	135.0	95.0
-262.0	141.0	99.0
-261.0	148.0	103.0
-261.0	155.0	109.0
-262.0	163.0	114.0
-253.0	166.0	116.0
-241.0	165.0	116.0
-230.0	166.0	116.0
-221.0	166.0	117.0
-210.0	166.0	117.0
-200.0	166.0	116.0
-192.0	166.0	116.0
-183.0	166.0	116.0
-175.0	167.0	117.0
-168.0	167.0	117.0
-159.0	167.0	117.0
-152.0	168.0	117.0
-146.0	168.0	118.0
-138.0	168.0	118.0
-131.0	168.0	117.0
-125.0	168.0	118.0
-118.0	168.0	118.0
-112.0	168.0	117.0
-106.0	168.0	118.0
-100.0	168.0	118.0
-94.0	169.0	118.0
-88.0	168.0	118.0
-83.0	168.0	118.0
-78.0	169.0	118.0
-72.0	168.0	118.0
-272.0	113.0	79.0
-266.0	116.0	82.0
-214.0	99.0	70.0
-262.0	128.0	90.0
-264.0	136.0	95.0
-262.0	142.0	99.0
-262.0	149.0	104.0
-263.0	157.0	110.0
-261.0	164.0	115.0
-251.0	165.0	116.0
-239.0	165.0	116.0
-228.0	165.0	116.0
-216.0	164.0	115.0
-209.0	166.0	116.0
-199.0	166.0	116.0
-191.0	167.0	117.0
-182.0	167.0	117.0
-173.0	167.0	117.0
-165.0	167.0	117.0
-158.0	168.0	117.0
-151.0	168.0	118.0
-144.0	168.0	117.0
-137.0	168.0	118.0
-130.0	168.0	118.0
-123.0	168.0	118.0
-116.0	168.0	117.0
-110.0	167.0	117.0
-105.0	168.0	118.0
-99.0	169.0	118.0
-93.0	168.0	118.0
-87.0	168.0	118.0
-81.0	168.0	118.0
-76.0	168.0	118.0
-65.0	169.0	118.0
-273.0	116.0	67.0
-267.0	120.0	69.0
-265.0	127.0	73.0
-258.0	130.0	75.0
-263.0	139.0	80.0
-264.0	148.0	85.0
-263.0	154.0	89.0
-260.0	161.0	93.0
-259.0	168.0	97.0
-262.0	178.0	103.0
-261.0	186.0	107.0
-247.0	185.0	107.0
-237.0	186.0	107.0
-226.0	186.0	107.0
-215.0	185.0	107.0
-208.0	187.0	108.0
-197.0	186.0	108.0
-188.0	186.0	108.0
-181.0	187.0	108.0
-172.0	188.0	108.0
-165.0	188.0	109.0
-156.0	188.0	108.0
-148.0	187.0	108.0
-142.0	188.0	109.0
-136.0	190.0	110.0
-128.0	188.0	109.0
-121.0	188.0	109.0
-113.0	186.0	108.0
-107.0	187.0	108.0
-101.0	187.0	108.0
-95.0	188.0	108.0
-89.0	186.0	108.0
-83.0	187.0	108.0
-78.0	188.0	108.0
-72.0	188.0	109.0
-270.0	116.0	67.0
-266.0	121.0	70.0
-263.0	127.0	73.0
-232.0	118.0	68.0
-263.0	141.0	81.0
-263.0	148.0	86.0
-261.0	155.0	89.0
-260.0	162.0	94.0
-261.0	171.0	99.0
-262.0	180.0	104.0
-259.0	186.0	107.0
-245.0	185.0	107.0
-233.0	185.0	107.0
-224.0	186.0	107.0
-214.0	186.0	107.0
-204.0	187.0	108.0
-196.0	187.0	108.0
-186.0	186.0	108.0
-178.0	187.0	108.0
-170.0	188.0	109.0
-161.0	187.0	108.0
-153.0	186.0	108.0
-146.0	187.0	108.0
-140.0	188.0	109.0
-133.0	188.0	109.0
-126.0	188.0	109.0
-118.0	187.0	108.0
-112.0	187.0	108.0
-106.0	188.0	108.0
-99.0	187.0	108.0
-94.0	188.0	108.0
-87.0	187.0	108.0
-82.0	188.0	108.0
-76.0	188.0	109.0
-70.0	188.0	108.0
-264.0	138.0	64.0
-263.0	145.0	68.0
-264.0	154.0	72.0
-261.0	160.0	74.0
-262.0	168.0	79.0
-260.0	175.0	82.0
-261.0	194.0	90.0
-261.0	203.0	95.0
-258.0	211.0	98.0
-248.0	212.0	99.0
-237.0	212.0	99.0
-226.0	212.0	99.0
-214.0	210.0	98.0
-206.0	212.0	99.0
-195.0	210.0	98.0
-188.0	212.0	99.0
-178.0	211.0	98.0
-170.0	212.0	99.0
-161.0	211.0	98.0
-155.0	213.0	100.0
-146.0	213.0	99.0
-139.0	213.0	99.0
-131.0	212.0	99.0
-124.0	212.0	99.0
-117.0	212.0	99.0
-111.0	213.0	99.0
-105.0	214.0	100.0
-98.0	213.0	99.0
-92.0	213.0	99.0
-86.0	214.0	100.0
-79.0	214.0	100.0
-73.0	213.0	100.0
-266.0	123.0	57.0
-262.0	135.0	63.0
-262.0	143.0	67.0
-263.0	151.0	70.0
-261.0	158.0	74.0
-260.0	165.0	77.0
-259.0	173.0	81.0
-259.0	181.0	84.0
-259.0	190.0	89.0
-261.0	200.0	93.0
-260.0	209.0	98.0
-252.0	213.0	99.0
-240.0	213.0	99.0
-228.0	211.0	98.0
-215.0	210.0	98.0
-206.0	211.0	98.0
-196.0	210.0	98.0
-189.0	212.0	99.0
-179.0	211.0	98.0
-170.0	211.0	98.0
-162.0	211.0	99.0
-155.0	213.0	99.0
-147.0	212.0	99.0
-140.0	213.0	100.0
-132.0	213.0	99.0
-125.0	213.0	99.0
-118.0	211.0	99.0
-111.0	213.0	99.0
-105.0	214.0	100.0
-99.0	214.0	100.0
-93.0	214.0	100.0
-86.0	215.0	100.0
-80.0	213.0	100.0
-74.0	213.0	99.0
-263.0	144.0	52.0
-260.0	150.0	55.0
-262.0	160.0	58.0
-260.0	166.0	61.0
-261.0	176.0	64.0
-259.0	183.0	67.0
-258.0	191.0	70.0
-260.0	202.0	73.0
-259.0	211.0	77.0
-257.0	219.0	80.0
-254.0	227.0	83.0
-258.0	241.0	88.0
-248.0	243.0	88.0
-233.0	239.0	87.0
-208.0	234.0	85.0
-195.0	231.0	84.0
-187.0	232.0	84.0
-175.0	229.0	83.0
-168.0	230.0	84.0
-159.0	229.0	83.0
-158.0	239.0	87.0
-259.0	138.0	50.0
-261.0	146.0	53.0
-261.0	154.0	56.0
-261.0	162.0	59.0
-260.0	169.0	62.0
-259.0	178.0	65.0
-259.0	187.0	68.0
-260.0	196.0	71.0
-260.0	205.0	75.0
-257.0	213.0	78.0
-257.0	223.0	81.0
-257.0	234.0	85.0
-256.0	244.0	89.0
-239.0	239.0	87.0
-225.0	236.0	86.0
-216.0	237.0	86.0
-202.0	233.0	85.0
-192.0	232.0	85.0
-183.0	232.0	84.0
-171.0	229.0	83.0
-163.0	229.0	83.0
-158.0	233.0	85.0
-156.0	243.0	89.0
-262.0	150.0	40.0
-261.0	158.0	42.0
-257.0	164.0	44.0
-258.0	173.0	46.0
-259.0	182.0	49.0
-258.0	190.0	51.0
-257.0	199.0	53.0
-261.0	150.0	40.0
-259.0	157.0	42.0
-260.0	166.0	45.0
-258.0	174.0	47.0
-259.0	183.0	49.0
-259.0	192.0	51.0
-258.0	200.0	54.0
-258.0	163.0	29.0
-258.0	162.0	29.0
>>>>>>> 88fd0aa908ab7083e678428ca612e1f66f102498
