0	0	0
-266	62	46
-280	77	57
-280	83	61
-272	86	64
-258	88	65
-213	87	65
-206	94	70
-204	98	73
-202	103	76
-225	120	89
-224	126	93
-219	129	96
-218	134	100
-247	159	118
-246	166	123
-240	170	126
-229	170	126
-219	169	126
-210	170	126
-202	171	127
-194	172	128
-185	171	127
-176	171	127
-169	171	127
-163	173	128
-155	173	128
-148	173	129
-142	173	128
-135	173	129
-128	173	128
-122	173	129
-116	173	129
-111	175	130
-106	175	130
-100	176	130
-95	176	131
-89	176	131
-85	177	132
-79	177	131
-74	176	131
-69	177	131
-64	177	131
-59	177	131
-54	178	132
-49	178	132
-43	175	130
-39	174	129
-33	171	127
-29	170	126
-24	168	125
-19	166	123
-14	163	121
-4	119	88
-1	119	88
3	119	88
5	120	89
9	119	88
12	119	88
15	119	88
18	119	89
21	120	89
24	120	89
27	119	89
29	116	86
40	119	88
43	120	89
53	110	81
63	118	87
59	103	77
61	100	74
63	98	72
65	97	72
69	97	72
71	95	71
74	95	70
78	96	71
80	93	69
81	90	67
87	92	69
91	92	69
94	91	68
92	85	63
101	90	67
99	84	62
104	84	63
107	84	62
111	83	61
112	80	59
-253	61	39
-254	67	42
-252	72	46
-272	90	57
-257	91	57
-213	91	58
-267	120	76
-263	125	79
-263	132	84
-200	107	68
-198	111	70
-252	155	98
-247	159	101
-241	163	103
-242	171	109
-234	174	110
-223	173	109
-213	173	109
-205	174	110
-197	175	111
-188	175	110
-180	175	111
-172	175	111
-166	176	112
-158	176	112
-152	177	112
-144	176	111
-137	176	111
-131	176	111
-125	176	112
-119	177	112
-114	178	113
-108	178	113
-102	178	113
-97	178	113
-92	178	113
-87	179	113
-81	179	113
-76	178	113
-71	179	113
-66	180	114
-62	180	114
-57	179	113
-52	179	113
-47	180	114
-43	180	114
-38	180	114
-33	179	113
-29	180	114
-25	180	114
-20	179	113
-3	118	74
-1	119	76
2	119	75
5	119	75
8	119	75
11	119	75
14	119	75
17	119	75
20	119	75
23	119	76
26	120	76
29	120	76
32	120	76
35	120	76
39	121	76
42	120	76
45	120	76
49	121	76
55	120	76
59	121	77
63	121	77
64	116	74
63	109	69
65	105	67
67	103	65
69	101	64
72	101	64
73	97	61
77	98	62
82	100	63
83	97	61
85	94	59
91	97	61
95	96	61
97	94	60
103	96	61
106	94	59
107	90	57
108	87	55
111	86	55
114	85	54
115	81	52
109	67	43
111	65	41
113	63	40
124	66	42
-218	50	27
-229	58	31
-250	69	37
-250	74	39
-250	80	42
-277	95	51
-273	100	53
-269	105	56
-251	105	56
-206	102	54
-254	132	70
-197	109	58
-197	114	61
-195	119	63
-217	138	74
-215	144	77
-212	148	79
-209	153	82
-226	174	92
-235	188	100
-230	193	103
-223	196	104
-215	198	105
-204	196	104
-195	196	104
-188	198	105
-179	197	105
-170	196	104
-164	197	105
-156	197	105
-149	197	105
-142	197	105
-135	197	105
-128	196	104
-122	196	104
-115	196	104
-110	197	105
-104	197	105
-98	197	105
-93	198	105
-87	198	105
-82	198	106
-76	199	106
-71	198	105
-66	198	106
-61	198	105
-56	198	105
-51	199	106
-46	198	105
-40	194	103
-34	191	102
-29	190	101
-20	184	98
-15	183	97
-11	180	96
-6	178	95
-2	176	94
5	130	69
8	129	69
11	129	69
14	130	69
18	129	69
21	130	69
24	130	69
27	130	69
30	129	69
33	130	69
36	126	67
38	124	66
43	118	63
50	129	69
53	119	63
71	127	68
65	111	59
69	105	56
71	103	55
74	103	55
77	101	54
79	100	53
83	101	53
85	98	52
86	95	50
92	97	52
96	97	52
107	94	50
108	91	48
109	88	47
112	86	46
115	85	45
117	82	44
114	66	35
-210	45	19
-221	52	23
-243	62	27
-253	70	31
-250	75	33
-267	87	38
-263	92	40
-268	113	50
-266	120	52
-257	123	54
-248	125	55
-196	122	53
-208	136	59
-207	142	62
-208	156	68
-202	159	69
-208	171	75
-231	198	86
-227	203	89
-223	209	91
-221	216	95
-218	223	97
-196	211	92
-194	238	104
-183	235	103
-176	237	104
-168	237	104
-160	237	104
-151	235	103
-144	237	104
-138	238	104
-130	236	103
-120	232	101
-112	229	100
-103	223	98
-95	220	96
-88	216	94
-80	212	93
-74	208	91
-68	206	90
-62	203	89
-55	199	87
-49	195	85
-44	194	85
-39	191	83
-34	188	82
-29	186	81
-24	184	80
-20	181	79
-15	179	78
-11	176	77
-7	174	76
-3	173	76
5	129	57
8	128	56
10	126	55
13	125	55
16	127	56
19	129	57
22	128	56
25	128	56
28	126	55
31	125	55
33	120	53
36	121	53
40	125	55
42	124	54
44	119	52
47	118	51
49	115	50
52	117	51
56	116	51
57	113	49
60	112	49
62	109	48
65	108	47
66	104	46
68	103	45
71	102	44
73	100	44
75	98	43
78	98	43
82	99	43
84	96	42
85	93	41
91	96	42
94	95	42
94	90	39
94	86	38
96	84	37
100	83	37
101	81	35
105	77	34
122	78	34
127	78	34
133	77	34
139	77	34
121	63	28
117	57	25
137	64	28
133	58	26
-195	33	12
-189	36	13
-196	42	15
-214	51	18
-231	60	21
-251	71	25
-250	77	27
-273	97	34
-256	97	34
-253	109	38
-247	113	39
-256	124	43
-246	126	44
-251	135	47
-253	144	50
-249	149	52
-249	157	54
-245	162	56
-238	165	57
-235	171	59
-223	170	59
-174	166	58
-172	172	60
-173	181	63
-170	186	65
-168	192	67
-167	199	69
-164	205	71
-164	215	75
-162	223	77
-157	225	78
-167	252	87
-158	250	87
-147	244	85
-136	238	83
-114	210	73
-107	209	73
-108	223	77
-101	220	77
-92	216	75
-85	213	74
-79	211	73
-72	206	72
-66	202	70
-59	199	69
-54	196	68
-48	194	67
-43	190	66
-38	189	66
-33	185	64
-28	183	64
-24	181	63
-19	178	62
-15	176	61
-11	175	61
-7	172	60
-3	170	59
1	168	58
7	125	44
10	124	43
12	123	43
15	122	42
18	125	44
21	121	42
23	120	42
26	119	41
28	118	41
31	115	40
33	113	39
35	112	39
39	116	40
44	121	42
42	107	37
46	103	36
48	101	35
50	101	35
53	100	35
55	98	34
59	100	35
63	102	36
67	103	36
70	103	36
73	103	36
79	102	35
83	102	36
88	103	36
91	103	36
97	104	36
100	103	36
105	103	36
109	103	36
114	102	35
121	100	35
125	98	34
128	97	34
132	95	33
136	93	32
127	83	29
138	86	30
135	80	28
119	67	23
122	65	23
126	64	22
130	62	22
134	60	21
137	58	20
-194	32	8
-185	34	9
-193	40	10
-208	48	12
-229	58	15
-251	69	18
-252	75	20
-267	86	22
-275	95	25
-269	100	26
-245	98	25
-251	107	28
-252	114	29
-248	118	31
-256	129	34
-243	130	34
-240	135	35
-241	143	37
-247	154	40
-232	151	39
-231	159	41
-240	172	45
-237	178	46
-233	184	48
-221	182	47
-229	197	51
-225	203	53
-217	205	53
-215	212	55
-206	213	55
-198	214	56
-154	208	54
-151	215	56
-158	235	61
-159	248	64
-147	242	63
-137	237	62
-116	211	55
-109	210	55
-105	214	56
-102	218	57
-95	216	56
-87	213	55
-80	209	54
-74	205	53
-68	203	53
-61	199	52
-56	195	51
-50	193	50
-45	190	49
-40	188	49
-35	186	48
-31	184	48
-26	182	47
-22	179	46
-17	176	46
-13	174	45
-9	172	45
-5	171	45
-1	169	44
11	129	33
14	129	33
17	128	33
20	129	33
23	128	33
25	128	33
28	127	33
31	127	33
34	127	33
37	127	33
40	126	33
44	128	33
47	127	33
50	127	33
53	128	33
57	128	33
60	129	33
64	128	33
67	127	33
73	124	32
76	124	32
79	122	32
82	121	31
85	120	31
88	118	31
91	117	30
94	115	30
97	114	30
100	112	29
103	110	29
106	109	28
109	107	28
112	105	27
115	104	27
118	102	26
122	101	26
125	99	26
129	97	25
132	95	25
127	87	23
126	82	21
124	77	20
118	69	18
120	67	17
122	65	17
125	63	16
134	64	17
138	62	16
155	66	17
154	62	16
-197	29	5
-187	32	6
-184	35	6
-192	41	7
-205	49	8
-225	59	10
-249	70	12
-250	77	13
-272	97	17
-270	103	18
-244	100	17
-245	107	18
-250	115	20
-250	122	21
-246	127	22
-241	131	23
-240	138	24
-240	145	25
-235	150	26
-235	156	27
-227	166	29
-235	180	31
-232	186	32
-218	184	32
-214	188	33
-224	206	36
-220	211	37
-217	218	38
-212	223	39
-206	226	39
-201	231	40
-192	231	40
-184	231	40
-143	229	40
-140	236	41
-134	237	41
-112	210	36
-107	211	37
-105	220	38
-99	220	38
-92	217	38
-85	213	37
-78	209	36
-71	205	36
-65	202	35
-59	198	34
-53	196	34
-48	192	33
-43	191	33
-38	188	33
-33	186	32
-28	184	32
-24	181	31
-19	178	31
-15	177	31
-11	174	30
-7	172	30
-3	170	30
1	168	29
8	164	29
17	145	25
20	145	25
23	145	25
27	144	25
30	144	25
40	145	25
42	140	24
45	139	24
48	138	24
51	136	24
54	134	23
57	133	23
60	131	23
63	130	23
65	129	22
68	127	22
71	126	22
74	124	22
77	123	21
80	121	21
83	120	21
86	119	21
89	117	20
92	116	20
95	114	20
97	112	19
101	111	19
104	109	19
107	108	19
110	106	18
114	105	18
116	103	18
119	100	17
123	99	17
127	97	17
130	96	17
134	94	16
123	82	14
123	70	12
125	68	12
129	66	12
131	64	11
133	61	11
139	60	10
155	60	10
152	55	10
-201	24	2
-191	28	2
-184	31	3
-183	35	3
-195	42	4
-212	50	4
-229	59	5
-253	71	6
-282	86	7
-275	90	8
-272	96	8
-270	102	9
-272	110	10
-263	113	10
-232	113	10
-229	118	10
-226	122	11
-227	130	11
-224	135	12
-231	146	13
-229	151	13
-228	158	14
-227	165	14
-224	171	15
-216	173	15
-217	181	16
-213	186	16
-208	190	17
-204	195	17
-202	202	18
-199	208	18
-197	215	19
-197	224	20
-193	230	20
-189	236	21
-186	243	21
-182	249	22
-176	253	22
-165	248	22
-152	241	21
-142	235	21
-132	232	20
-112	208	18
-105	205	18
-98	203	18
-97	213	19
-90	211	18
-83	206	18
-76	201	18
-70	198	17
-63	194	17
-58	192	17
-53	190	17
-48	188	16
-42	185	16
-37	182	16
-33	179	16
-28	177	15
-24	175	15
-20	173	15
-15	171	15
-11	170	15
-8	167	15
-4	165	14
0	163	14
9	125	11
12	122	11
14	122	11
17	121	11
19	120	10
22	120	10
27	129	11
27	114	10
29	114	10
33	117	10
35	116	10
38	115	10
41	115	10
50	132	12
58	129	11
70	112	10
73	111	10
74	107	9
77	106	9
80	105	9
89	113	10
93	112	10
95	110	10
93	102	9
91	96	8
93	93	8
103	99	9
111	103	9
110	97	9
113	95	8
116	94	8
114	87	8
110	81	7
112	79	7
112	75	7
131	80	7
128	74	6
123	67	6
124	64	6
127	63	5
131	61	5
134	59	5
139	57	5
141	55	5
151	55	5
152	52	5
-201	21	0
-192	24	0
-186	28	0
-184	31	0
-183	35	0
-198	42	0
-213	51	0
-232	60	0
-256	72	0
-279	85	0
-275	90	0
-271	95	0
-269	102	0
-266	107	0
-263	113	0
-260	118	0
-257	124	0
-231	118	0
-225	121	0
-248	141	0
-246	147	0
-243	152	0
-240	158	0
-237	163	0
-234	169	0
-232	175	0
-228	180	0
-226	188	0
-223	194	0
-220	200	0
-218	206	0
-213	211	0
-210	218	0
-207	224	0
-203	230	0
-200	237	0
-196	243	0
-193	251	0
-186	253	0
-174	249	0
-162	242	0
-150	236	0
-139	230	0
-129	225	0
-107	197	0
-101	197	0
-95	198	0
-90	197	0
-87	203	0
-81	200	0
-74	196	0
-68	193	0
-62	190	0
-56	188	0
-51	186	0
-46	182	0
-41	181	0
-36	178	0
-31	174	0
-27	173	0
-23	170	0
-18	168	0
-14	167	0
-10	164	0
-6	163	0
-3	160	0
1	158	0
10	122	0
12	119	0
14	118	0
17	115	0
20	116	0
22	116	0
23	106	0
26	107	0
30	113	0
32	111	0
36	115	0
35	103	0
37	102	0
44	106	0
45	102	0
49	106	0
49	99	0
52	98	0
53	96	0
55	95	0
59	97	0
62	96	0
64	94	0
62	87	0
69	93	0
66	85	0
76	93	0
68	80	0
82	89	0
79	81	0
84	79	0
91	82	0
96	83	0
96	79	0
93	74	0
96	72	0
101	73	0
105	72	0
108	71	0
109	68	0
128	73	0
126	68	0
123	63	0
126	61	0
129	59	0
133	57	0
137	55	0
139	53	0
146	52	0
155	52	0
152	47	0
-205	17	-2
-194	20	-2
-188	24	-2
-186	28	-3
-184	32	-3
-181	35	-3
-191	41	-4
-206	49	-4
-224	58	-5
-250	70	-6
-275	83	-8
-273	89	-8
-270	95	-9
-268	101	-9
-266	107	-10
-262	112	-10
-260	117	-11
-257	123	-11
-254	128	-12
-251	134	-12
-248	139	-13
-245	145	-13
-242	150	-14
-239	155	-14
-236	161	-15
-233	167	-15
-231	173	-16
-227	178	-16
-226	185	-17
-222	191	-17
-219	196	-18
-217	204	-18
-213	208	-19
-208	214	-19
-206	221	-20
-202	227	-20
-199	233	-21
-194	239	-22
-163	211	-19
-187	252	-23
-174	246	-22
-163	242	-22
-150	234	-21
-139	228	-21
-129	223	-20
-108	198	-18
-102	196	-18
-96	196	-18
-90	196	-18
-85	196	-18
-81	199	-18
-74	194	-18
-68	191	-17
-61	188	-17
-56	186	-17
-51	183	-17
-45	181	-16
-41	179	-16
-36	176	-16
-31	173	-16
-26	171	-15
-22	169	-15
-18	167	-15
-14	165	-15
-10	163	-15
-6	160	-14
-2	158	-14
1	156	-14
5	155	-14
18	148	-13
22	147	-13
25	147	-13
28	144	-13
31	143	-13
37	140	-13
41	139	-13
44	137	-12
47	136	-12
49	134	-12
40	100	-9
42	98	-9
44	97	-9
47	96	-9
48	95	-9
51	94	-8
53	93	-8
55	92	-8
58	91	-8
60	90	-8
62	88	-8
64	88	-8
67	88	-8
67	84	-8
69	83	-7
71	81	-7
72	79	-7
75	78	-7
78	77	-7
83	77	-7
96	71	-6
138	51	-5
143	49	-4
157	51	-5
154	46	-4
151	42	-4
141	35	-3
-213	10	-2
-199	14	-3
-194	18	-3
-189	22	-4
-186	25	-5
-184	29	-5
-183	33	-6
-183	37	-7
-198	44	-8
-215	52	-10
-235	62	-11
-258	73	-14
-274	85	-16
-273	90	-17
-271	96	-18
-267	101	-19
-264	107	-20
-262	112	-21
-258	117	-22
-255	123	-23
-252	128	-24
-249	134	-25
-247	139	-26
-243	144	-27
-240	149	-28
-237	155	-29
-236	161	-30
-233	167	-31
-230	172	-32
-227	178	-33
-223	183	-34
-220	189	-35
-216	194	-36
-214	201	-37
-188	185	-34
-185	190	-35
-178	192	-35
-171	192	-36
-159	188	-35
-160	198	-37
-155	200	-37
-149	202	-37
-146	207	-38
-144	214	-40
-145	228	-42
-135	222	-41
-125	218	-40
-116	214	-40
-107	209	-39
-99	204	-38
-92	202	-37
-85	198	-37
-76	191	-35
-70	188	-35
-59	184	-34
-53	181	-34
-48	178	-33
-42	173	-32
-37	171	-32
-33	172	-32
-28	170	-31
-24	166	-31
-20	165	-30
-15	163	-30
-11	159	-29
-7	156	-29
-4	156	-29
0	154	-29
4	153	-28
14	145	-27
24	144	-27
27	142	-26
30	141	-26
33	139	-26
37	138	-26
40	136	-25
44	129	-24
48	131	-24
52	131	-24
54	129	-24
57	127	-23
60	126	-23
63	124	-23
66	123	-23
69	122	-22
71	119	-22
74	117	-22
78	117	-22
80	116	-21
83	114	-21
86	113	-21
89	112	-21
92	110	-20
95	109	-20
98	107	-20
101	106	-20
77	76	-14
75	71	-13
117	98	-18
120	96	-18
123	94	-17
127	93	-17
131	92	-17
134	89	-17
138	88	-16
142	86	-16
147	85	-16
150	82	-15
154	80	-15
158	78	-14
166	74	-14
167	70	-13
165	65	-12
136	49	-9
140	48	-9
156	50	-9
154	46	-8
151	41	-8
141	35	-6
140	32	-6
-212	6	-2
-200	10	-3
-196	14	-4
-193	17	-5
-189	21	-6
-186	25	-7
-185	28	-8
-183	32	-9
-183	36	-10
-196	42	-12
-213	50	-14
-232	59	-17
-256	71	-20
-275	82	-23
-275	88	-25
-271	93	-27
-269	98	-28
-265	103	-30
-261	108	-31
-260	114	-33
-255	119	-34
-254	124	-36
-249	129	-37
-248	135	-38
-244	140	-40
-241	145	-41
-242	152	-43
-237	156	-45
-235	163	-46
-231	167	-48
-229	174	-50
-225	179	-51
-222	184	-53
-189	164	-47
-180	164	-47
-172	163	-47
-165	164	-47
-160	166	-47
-157	170	-49
-155	176	-50
-147	175	-50
-142	177	-51
-138	181	-52
-135	186	-53
-135	194	-55
-146	221	-63
-115	205	-58
-106	200	-57
-99	197	-56
-94	199	-57
-87	195	-56
-80	193	-55
-74	190	-54
-67	186	-53
-61	183	-52
-55	180	-51
-49	177	-51
-44	176	-50
-39	173	-49
-34	171	-49
-30	169	-48
-25	166	-47
-20	163	-47
-16	162	-46
-12	160	-46
-8	158	-45
-4	156	-45
0	154	-44
4	152	-43
18	146	-42
21	143	-41
24	142	-40
28	140	-40
31	139	-40
34	138	-39
37	135	-39
41	134	-38
41	123	-35
79	115	-33
82	114	-33
85	113	-32
88	111	-32
91	109	-31
93	108	-31
96	106	-30
99	105	-30
103	103	-30
106	102	-29
109	100	-29
112	99	-28
115	97	-28
110	88	-25
111	86	-24
125	92	-26
129	91	-26
133	90	-26
136	88	-25
140	86	-25
144	84	-24
147	82	-24
152	81	-23
156	79	-22
164	74	-21
167	72	-20
166	67	-19
164	62	-18
161	57	-16
158	53	-15
155	48	-14
153	44	-13
151	40	-11
140	34	-10
140	31	-9
141	28	-8
137	24	-7
