-209	47	35
-197	49	36
-207	56	41
-197	58	43
-193	61	45
-189	64	47
-184	67	49
-180	69	51
-175	72	53
-171	75	55
-163	75	56
-158	77	57
-155	79	59
-154	83	62
-145	83	62
-141	84	63
-136	86	64
-133	88	65
-129	90	67
-125	91	67
-119	91	68
-116	93	69
-111	94	70
-109	96	71
-108	100	74
-105	101	75
-102	103	77
-99	105	78
-97	108	80
-94	109	81
-91	112	83
-87	112	83
-84	114	85
-81	116	86
-79	119	88
-77	122	91
-101	178	132
-96	179	133
-91	181	134
-87	185	137
-82	186	138
-78	189	140
-73	192	142
-69	196	145
-63	196	145
-59	199	148
-54	201	149
-48	203	151
-44	207	154
-39	211	157
-33	213	158
-28	216	160
-23	218	162
-17	221	164
-11	225	167
-5	226	168
1	231	171
7	233	173
13	238	176
20	237	176
25	228	169
30	218	162
35	212	157
39	203	151
43	196	145
47	190	141
51	183	136
54	176	131
55	166	123
59	163	121
62	159	118
66	157	117
73	161	119
79	163	121
86	168	125
95	173	129
102	177	131
112	182	135
112	173	128
133	175	130
141	177	131
148	178	132
155	177	131
164	179	133
171	178	132
172	163	121
174	157	116
176	152	113
180	148	110
183	144	107
185	138	103
186	133	99
188	128	95
178	115	85
205	115	85
215	115	85
219	110	82
221	106	79
-203	48	30
-195	50	32
-199	56	35
-197	60	38
-192	63	40
-188	66	42
-182	69	43
-176	71	45
-172	73	46
-165	75	47
-162	77	49
-156	79	50
-154	82	52
-150	85	54
-143	85	54
-139	87	55
-135	88	56
-130	90	57
-127	92	58
-121	92	58
-117	93	59
-114	95	60
-111	97	61
-109	100	63
-106	102	65
-104	104	66
-101	106	67
-98	108	69
-96	111	70
-93	113	71
-90	114	72
-87	117	74
-85	119	75
-81	119	76
-78	121	77
-103	177	112
-83	152	96
-95	184	116
-90	186	118
-86	188	119
-81	190	121
-77	193	122
-72	195	124
-67	198	125
-63	201	127
-58	203	128
-53	205	130
-48	209	133
-43	211	134
-38	213	135
-33	216	137
-28	220	139
-22	222	140
-17	226	143
-11	228	145
-6	232	147
0	235	149
6	237	150
13	241	152
19	245	155
24	235	148
29	226	143
34	217	138
38	209	132
42	202	128
46	195	123
49	187	118
53	182	115
56	176	112
58	166	105
61	164	104
64	159	101
70	161	102
76	165	105
83	168	106
89	171	108
98	178	112
107	183	116
115	186	118
126	194	123
134	196	124
138	191	121
148	195	123
160	201	127
167	200	127
153	174	110
161	175	111
168	166	105
176	166	105
176	159	100
178	154	97
171	141	89
171	134	85
189	135	85
206	134	85
209	129	82
210	124	78
214	120	76
216	114	72
219	110	70
-203	46	25
-195	49	26
-210	57	31
-196	58	31
-193	62	33
-188	65	35
-184	69	36
-179	71	38
-173	73	39
-166	75	40
-162	77	41
-156	79	42
-154	83	44
-151	85	45
-143	85	45
-139	87	46
-134	89	47
-130	90	48
-128	93	49
-121	92	49
-116	93	50
-114	96	51
-110	97	52
-109	100	53
-106	103	55
-104	105	56
-101	106	57
-98	109	58
-96	111	59
-93	113	60
-90	115	61
-87	118	63
-85	120	64
-81	120	64
-78	122	65
-76	126	67
-72	125	67
-69	127	67
-66	128	68
-63	131	70
-60	132	70
-57	134	71
-68	198	106
-64	201	107
-59	204	108
-54	205	109
-50	208	111
-45	211	112
-40	214	114
-35	216	115
-30	219	117
-25	222	118
-20	224	119
-14	227	121
-9	232	123
-3	235	125
3	238	127
9	240	128
15	243	129
21	246	131
25	233	124
30	226	120
35	217	116
39	209	111
43	202	108
46	195	104
50	188	100
53	184	98
57	179	95
58	169	90
61	164	87
64	161	85
70	162	86
75	165	88
82	169	90
89	172	92
97	177	94
105	183	97
114	187	100
123	192	102
134	198	106
136	191	102
145	194	103
153	196	104
157	191	101
150	174	92
156	172	92
166	175	93
167	169	90
159	153	81
161	148	79
162	142	75
181	152	81
194	155	83
198	151	80
200	146	78
203	141	75
204	135	72
208	130	69
211	126	67
213	121	64
215	116	62
218	111	59
222	107	57
-210	40	18
-202	44	19
-196	47	21
-202	53	23
-197	57	25
-195	61	27
-189	64	28
-184	67	29
-180	70	31
-175	73	32
-170	75	33
-161	76	33
-157	79	35
-154	82	36
-150	84	37
-143	84	37
-138	86	38
-134	88	39
-130	90	39
-126	91	40
-120	91	40
-116	93	41
-114	96	42
-110	97	42
-109	100	44
-106	102	45
-104	105	46
-100	106	46
-98	108	47
-96	111	49
-93	113	49
-90	115	50
-87	117	51
-84	119	52
-80	120	52
-77	121	53
-76	126	55
-72	124	54
-68	126	55
-65	127	56
-63	130	57
-60	131	58
-57	133	58
-69	197	86
-64	199	87
-60	201	88
-55	203	89
-51	206	90
-46	209	91
-42	211	92
-37	213	93
-32	217	95
-33	418	183
-17	315	138
-9	302	132
-1	287	126
5	235	103
11	240	105
17	243	106
22	242	106
27	231	101
31	222	97
36	216	95
40	209	91
44	201	88
47	194	85
50	187	82
54	183	80
57	178	78
59	171	75
62	165	72
64	161	70
69	160	70
75	163	71
81	167	73
88	171	75
95	174	76
104	179	79
112	185	81
122	190	83
132	195	85
138	196	86
173	192	84
175	186	82
179	181	79
182	177	77
163	150	66
188	166	73
191	161	70
193	155	68
196	150	66
199	146	64
202	140	61
205	136	59
208	131	57
211	126	55
212	120	53
216	116	51
219	111	49
222	106	47
225	102	45
-202	41	14
-199	45	16
-195	48	17
-203	56	19
-196	59	20
-191	62	22
-188	66	23
-182	69	24
-176	71	25
-171	74	26
-163	75	26
-161	78	27
-154	80	28
-153	83	29
-144	83	29
-139	85	29
-136	87	30
-131	89	31
-128	91	32
-122	91	32
-117	92	32
-114	94	33
-111	95	33
-108	97	34
-108	103	36
-104	103	36
-101	105	37
-98	107	37
-96	110	38
-93	111	39
-90	113	39
-88	116	40
-84	117	41
-82	119	41
-78	119	41
-76	123	43
-73	124	43
-69	125	43
-66	127	44
-63	128	44
-60	130	45
-58	132	46
-55	133	46
-66	197	68
-61	199	69
-54	189	66
-51	198	69
-45	194	67
-40	193	67
-36	198	69
-33	208	72
-30	217	75
-50	530	184
-22	320	111
-14	312	108
-6	294	102
1	283	98
7	235	82
13	240	83
19	243	84
24	240	83
28	228	79
33	222	77
38	217	75
41	204	71
44	199	69
48	193	67
52	189	65
55	182	63
57	176	61
60	169	59
62	164	57
65	160	56
69	160	56
75	163	57
82	167	58
88	170	59
96	175	61
103	178	62
113	185	64
122	189	66
132	195	68
144	203	71
155	209	73
164	210	73
167	204	71
169	197	68
173	192	67
177	187	65
180	182	63
184	177	61
185	171	59
189	166	58
191	160	56
195	155	54
196	149	52
199	145	50
202	140	49
205	135	47
208	130	45
211	125	44
215	121	42
217	115	40
219	110	38
222	106	37
226	101	35
-200	34	9
-200	38	10
-200	43	11
-195	47	12
-209	56	14
-196	57	15
-192	61	16
-187	64	17
-183	68	18
-177	70	18
-172	73	19
-164	74	19
-161	78	20
-154	79	20
-152	82	21
-148	85	22
-140	84	22
-136	86	22
-132	88	23
-128	90	23
-123	91	24
-116	90	23
-113	92	24
-111	95	25
-108	97	25
-107	101	26
-104	102	26
-101	104	27
-99	107	28
-96	108	28
-93	110	29
-90	112	29
-88	115	30
-85	116	30
-82	118	31
-78	118	31
-75	120	31
-70	124	32
-67	125	32
-64	127	33
-61	129	33
-58	131	34
-55	132	34
-63	197	51
-56	190	49
-51	193	50
-47	194	50
-42	195	51
-38	196	51
-35	207	54
-31	211	55
-27	217	56
-18	318	83
-10	301	78
-2	289	75
10	236	61
15	239	62
21	243	63
26	236	61
30	227	59
35	220	57
38	210	55
42	204	53
46	198	51
49	193	50
52	186	48
56	181	47
59	176	46
60	168	44
63	164	43
66	159	41
70	159	41
76	162	42
83	166	43
89	169	44
97	174	45
104	177	46
113	183	48
123	189	49
132	194	50
144	201	52
155	206	53
165	209	54
167	202	52
170	196	51
174	191	50
177	186	48
180	180	47
183	175	45
186	169	44
189	164	43
191	159	41
195	154	40
198	149	39
201	144	37
204	140	36
206	134	35
209	129	34
210	123	32
215	119	31
216	114	30
219	109	28
223	104	27
207	91	24
200	82	21
-72	10	2
-198	38	7
-199	43	7
-195	47	8
-209	55	10
-196	57	10
-192	61	11
-186	64	11
-183	68	12
-175	69	12
-171	72	13
-163	74	13
-161	77	13
-154	78	14
-153	83	14
-145	83	14
-138	83	14
-135	85	15
-131	88	15
-126	89	15
-120	88	15
-117	91	16
-113	92	16
-110	94	16
-107	96	17
-107	100	17
-103	101	18
-100	103	18
-98	106	18
-95	107	19
-92	109	19
-89	111	19
-87	114	20
-84	115	20
-81	117	20
-77	117	20
-75	119	21
-71	120	21
-69	123	21
-66	124	22
-63	126	22
-60	127	22
-57	128	22
-55	131	23
-62	181	32
-61	191	33
-56	191	33
-53	197	34
-45	205	36
-35	208	36
-31	212	37
-26	214	37
-43	523	91
-18	310	54
-10	301	52
-3	289	50
4	281	49
9	233	40
15	236	41
20	239	42
26	237	41
30	228	40
35	221	38
38	212	37
42	204	35
46	199	35
49	192	33
52	186	32
55	181	31
59	177	31
60	168	29
63	164	29
66	159	28
69	156	27
74	159	28
81	163	28
87	166	29
94	170	30
102	175	30
109	177	31
119	184	32
128	189	33
139	195	34
152	203	35
164	209	36
167	202	35
170	197	34
173	192	33
177	187	32
180	181	31
183	176	31
186	171	30
188	165	29
190	159	28
194	155	27
197	149	26
200	144	25
203	140	24
206	134	23
208	129	22
210	124	22
213	119	21
216	114	20
219	109	19
221	104	18
189	83	14
190	78	14
191	73	13
-70	8	1
-70	10	1
-195	36	3
-200	42	4
-195	46	4
-205	53	5
-196	56	5
-193	60	5
-187	63	5
-183	66	6
-177	69	6
-171	71	6
-163	73	6
-161	77	7
-154	78	7
-152	81	7
-148	83	7
-138	82	7
-134	84	7
-131	86	8
-125	87	8
-116	85	7
-116	89	8
-113	91	8
-110	93	8
-107	95	8
-104	97	8
-102	99	9
-99	101	9
-96	103	9
-94	105	9
-91	107	9
-88	109	10
-85	110	10
-83	112	10
-80	114	10
-77	115	10
-75	118	10
-69	121	11
-66	122	11
-63	123	11
-60	125	11
-57	127	11
-55	129	11
-61	175	15
-62	190	17
-57	189	17
-52	190	17
-50	199	17
-45	201	18
-39	196	17
-36	203	18
-32	210	18
-27	210	18
-20	316	28
-12	303	27
-4	291	25
3	280	24
8	230	20
14	232	20
19	236	21
25	238	21
29	229	20
33	220	19
37	212	19
41	205	18
45	198	17
48	193	17
51	187	16
54	181	16
58	176	15
59	168	15
62	164	14
65	159	14
67	155	14
72	156	14
79	160	14
85	163	14
92	166	15
99	170	15
106	174	15
100	155	14
107	158	14
109	152	13
107	142	12
108	137	12
109	132	12
111	128	11
120	132	12
147	155	14
172	174	15
182	176	15
186	171	15
188	165	14
191	160	14
194	155	14
197	150	13
199	145	13
203	140	12
205	134	12
206	129	11
210	125	11
213	120	10
216	115	10
219	110	10
223	106	9
190	84	7
176	73	6
176	68	6
174	63	5
