-91	17	9
-88	18	10
-74	17	9
-84	22	12
-84	24	13
-82	29	15
-70	27	14
-81	36	19
-80	38	20
-79	40	21
-79	41	22
-78	43	23
-78	45	24
-78	47	25
-82	51	27
-85	56	30
-73	55	29
-72	56	30
-74	61	32
-73	62	33
-71	63	34
-70	65	34
-68	66	35
-61	63	33
-61	64	34
-66	73	39
-66	75	40
-65	77	41
-64	79	42
-62	81	43
-61	83	44
-60	85	45
-61	92	49
-62	97	51
-60	98	52
-58	99	53
-37	72	38
-34	70	37
-32	70	37
-30	70	38
-29	71	38
-27	72	38
-26	73	39
-26	77	41
-40	146	78
-38	151	80
-40	174	93
-36	175	93
-32	173	92
-29	182	97
-27	192	102
-24	210	112
-21	219	116
-16	223	118
-11	220	117
-6	219	117
-1	219	117
4	217	115
9	216	115
14	215	114
19	216	115
23	214	114
28	213	113
32	212	113
37	210	112
41	207	110
46	206	110
50	203	108
55	203	108
59	201	107
64	200	107
68	198	106
71	195	104
75	193	102
80	193	103
85	192	102
90	192	102
95	191	102
99	189	100
103	187	99
108	186	99
113	185	99
133	208	111
156	233	124
162	231	123
170	232	123
176	230	122
182	228	121
188	225	120
194	222	118
202	222	118
209	220	117
215	217	116
252	245	130
255	237	126
260	232	123
262	223	119
254	208	111
261	205	109
210	158	84
275	198	106
387	268	143
405	269	143
416	264	140
431	261	139
445	258	137
248	129	69
245	121	65
241	113	60
247	110	59
-90	17	7
-86	18	8
-84	23	10
-74	22	10
-82	30	13
-72	28	12
-81	35	15
-80	37	16
-80	39	17
-79	41	18
-79	43	19
-78	44	19
-78	46	20
-77	48	21
-83	54	23
-84	57	25
-71	55	24
-72	58	26
-73	62	27
-72	63	28
-70	65	28
-69	66	29
-63	64	28
-61	64	28
-60	65	29
-65	74	33
-65	77	34
-64	80	35
-63	81	35
-61	83	36
-60	85	37
-60	89	39
-62	95	42
-61	99	43
-59	99	43
-37	71	31
-34	70	31
-33	70	31
-30	69	30
-29	69	30
-28	73	32
-27	74	32
-26	77	33
-40	141	62
-39	149	65
-39	162	71
-39	177	77
-34	175	77
-30	175	77
-28	183	80
-25	193	85
-23	211	92
-19	220	96
-15	226	99
-10	225	98
-5	223	98
0	224	98
5	223	97
10	220	96
15	217	95
19	216	94
23	217	95
28	213	93
32	212	93
37	214	93
42	212	93
46	211	92
51	210	92
55	208	91
60	206	90
64	204	89
68	201	88
71	197	86
75	194	85
81	197	86
85	196	86
89	194	85
94	193	85
100	194	85
104	192	84
109	190	83
113	188	82
120	190	83
122	185	81
127	183	80
132	182	80
136	180	79
142	179	78
187	228	100
195	228	100
201	225	98
208	223	98
214	220	96
253	250	109
254	240	105
257	233	102
261	227	99
253	211	92
262	209	92
211	161	70
276	202	88
399	268	117
416	267	117
429	263	115
440	258	113
455	254	111
247	130	57
245	123	54
240	114	50
246	111	49
252	108	47
-79	13	5
-88	16	6
-86	18	6
-84	23	8
-73	22	8
-82	30	10
-72	28	10
-81	36	12
-80	37	13
-79	39	14
-79	41	14
-78	43	15
-78	45	15
-78	46	16
-78	49	17
-84	55	19
-85	58	20
-71	56	19
-72	59	21
-73	63	22
-72	64	22
-71	66	23
-69	67	23
-62	63	22
-60	64	22
-64	70	24
-65	75	26
-65	78	27
-64	80	28
-62	81	28
-61	83	29
-60	85	30
-60	89	31
-62	96	33
-61	99	34
-58	100	35
-38	73	25
-35	72	25
-33	71	25
-31	71	25
-29	71	25
-28	72	25
-26	72	25
-26	75	26
-25	78	27
-39	149	52
-37	153	53
-39	176	61
-35	175	61
-31	174	61
-27	177	61
-25	191	66
-22	196	68
-19	213	74
-16	227	79
-11	227	79
-6	226	79
-1	225	78
4	224	78
8	222	77
13	221	77
18	220	76
22	215	75
26	214	74
31	213	74
36	214	74
40	212	74
44	211	73
49	210	73
53	209	73
58	208	72
62	206	71
65	201	70
71	202	70
73	195	68
78	197	68
83	197	68
87	195	68
92	195	68
97	193	67
101	192	67
105	190	66
110	189	66
115	188	65
119	187	65
124	185	64
128	183	63
132	181	63
138	181	63
178	224	78
184	221	77
187	216	75
192	213	74
205	218	76
218	222	77
250	244	85
255	239	83
258	232	81
261	225	78
256	212	74
264	209	73
210	158	55
275	199	69
396	276	96
405	270	94
422	268	93
432	262	91
446	258	90
459	253	88
247	128	45
245	121	42
242	113	39
249	110	38
257	107	37
-79	12	3
-86	16	4
-73	16	4
-83	23	6
-73	22	6
-82	28	7
-71	27	7
-80	36	9
-80	38	10
-79	40	10
-79	41	11
-79	43	11
-78	45	12
-77	47	12
-80	51	13
-85	56	15
-84	58	15
-73	55	14
-71	57	15
-73	61	16
-73	63	16
-71	64	17
-70	66	17
-68	67	17
-61	63	16
-60	64	17
-66	73	19
-65	76	20
-64	78	20
-63	80	21
-48	64	17
-46	65	17
-45	66	17
-44	68	18
-43	70	18
-42	71	18
-40	71	18
-39	73	19
-38	74	19
-36	75	19
-34	75	19
-31	73	19
-30	75	19
-29	75	20
-39	140	36
-39	148	39
-36	152	39
-38	175	45
-34	175	45
-30	173	45
-27	174	45
-24	187	49
-21	195	51
-19	211	55
-16	227	59
-11	228	59
-6	226	59
-1	224	58
4	223	58
8	222	58
13	220	57
18	219	57
22	215	56
26	213	55
30	211	55
35	213	55
40	211	55
44	210	55
49	210	55
53	206	54
57	207	54
61	204	53
65	200	52
70	201	52
72	195	51
78	197	51
81	194	50
86	194	50
91	193	50
96	193	50
100	191	50
105	190	49
109	189	49
113	186	48
119	187	49
123	185	48
127	183	48
132	181	47
136	179	47
141	177	46
181	220	57
187	217	56
194	216	56
204	217	56
215	220	57
253	249	65
253	239	62
257	233	60
259	225	58
255	211	55
261	207	54
225	171	44
274	200	52
403	270	70
413	264	69
429	262	68
444	258	67
459	255	66
250	131	34
245	121	32
242	114	30
246	109	28
256	108	28
264	105	27
271	101	26
-57	6	1
-54	7	1
-52	8	1
-52	9	2
-52	10	2
-83	23	4
-73	22	4
-82	30	5
-81	35	6
-80	37	6
-79	39	7
-79	41	7
-78	43	7
-78	44	8
-77	46	8
-79	49	9
-84	55	10
-84	57	10
-84	60	10
-79	59	10
-71	56	10
-72	59	10
-73	62	11
-72	64	11
-70	65	11
-68	66	12
-61	62	11
-60	63	11
-66	72	12
-47	55	10
-46	56	10
-44	56	10
-43	58	10
-43	60	10
-42	61	11
-41	63	11
-41	65	11
-40	66	12
-39	68	12
-38	70	12
-37	71	12
-36	73	13
-34	74	13
-33	75	13
-32	77	13
-30	77	13
-29	79	14
-28	82	14
-29	88	15
-27	91	16
-27	95	16
-39	171	30
-35	174	30
-31	173	30
-28	172	30
-25	179	31
-23	192	33
-19	195	34
-16	210	37
-13	228	40
-8	226	39
-3	225	39
2	224	39
6	224	39
11	221	38
16	218	38
20	215	37
24	215	37
28	212	37
33	213	37
37	211	37
42	210	36
46	208	36
50	207	36
54	205	36
59	203	35
63	203	35
71	199	35
74	193	34
79	195	34
84	194	34
88	194	34
92	192	33
97	191	33
101	189	33
106	189	33
110	186	32
115	185	32
119	184	32
124	183	32
129	181	31
133	180	31
138	178	31
174	216	38
188	224	39
196	224	39
203	223	39
210	221	38
216	217	38
253	244	42
259	240	42
262	233	40
263	224	39
253	207	36
263	205	36
211	157	27
279	200	35
394	271	47
405	266	46
422	265	46
435	261	45
448	256	44
463	252	44
247	126	22
242	117	20
242	111	19
249	108	19
258	106	18
265	102	18
276	100	17
-57	5	0
-54	7	1
-52	7	1
-52	8	1
-51	9	1
-51	11	1
-51	12	1
-50	13	1
-50	14	1
-50	15	1
-49	16	1
-49	17	1
-49	18	2
-80	36	3
-80	37	3
-79	39	3
-79	41	4
-78	43	4
-78	45	4
-77	47	4
-76	48	4
-76	50	4
-76	52	5
-75	55	5
-72	55	5
-72	57	5
-73	60	5
-73	63	5
-72	64	6
-70	66	6
-64	63	6
-48	50	4
-45	49	4
-44	50	4
-43	51	4
-42	52	5
-42	54	5
-42	56	5
-42	59	5
-41	60	5
-40	62	5
-40	64	6
-38	63	6
-37	66	6
-36	67	6
-35	69	6
-34	70	6
-33	72	6
-32	73	6
-31	75	7
-29	76	7
-28	78	7
-27	81	7
-26	83	7
-25	87	8
-24	90	8
-23	93	8
-34	172	15
-30	171	15
-26	172	15
-24	186	16
-21	191	17
-18	207	18
-14	209	18
-10	224	20
-6	221	19
-1	220	19
4	217	19
8	216	19
13	215	19
17	214	19
21	212	19
26	210	18
30	209	18
34	208	18
39	207	18
43	206	18
47	205	18
52	203	18
55	201	18
60	199	17
64	198	17
69	198	17
72	194	17
76	192	17
80	191	17
84	190	17
89	190	17
93	188	16
98	187	16
102	186	16
107	186	16
112	184	16
120	189	16
121	182	16
127	182	16
131	180	16
135	178	16
140	176	15
162	196	17
162	188	16
165	183	16
170	180	16
211	216	19
221	217	19
256	241	21
260	234	20
261	226	20
255	211	18
258	205	18
269	205	18
283	198	17
397	266	23
412	264	23
425	259	23
440	256	22
451	250	22
472	249	22
246	122	11
243	114	10
246	109	10
254	107	9
262	104	9
269	100	9
282	98	9
291	95	8
-58	4	0
-55	5	0
-53	6	0
-52	7	0
-52	8	0
-51	10	0
-51	11	0
-51	12	0
-50	13	0
-50	14	0
-50	15	0
-49	16	0
-49	17	0
-82	34	0
-80	35	0
-80	37	0
-79	39	0
-79	41	0
-78	42	0
-78	44	0
-77	46	0
-77	48	0
-76	50	0
-75	52	0
-75	54	0
-72	54	0
-71	56	0
-73	59	0
-73	62	0
-72	64	0
-70	65	0
-45	45	0
-43	45	0
-43	46	0
-41	47	0
-41	48	0
-41	50	0
-41	52	0
-40	53	0
-41	57	0
-40	58	0
-41	61	0
-39	62	0
-37	62	0
-36	62	0
-35	64	0
-34	67	0
-33	67	0
-32	69	0
-31	71	0
-30	72	0
-29	74	0
-28	76	0
-27	77	0
-26	79	0
-24	81	0
-23	84	0
-22	88	0
-34	170	0
-30	169	0
-27	169	0
-25	182	0
-22	190	0
-19	203	0
-15	207	0
-12	222	0
-7	221	0
-2	221	0
3	220	0
7	217	0
12	215	0
16	215	0
20	211	0
25	212	0
29	208	0
34	211	0
38	208	0
42	204	0
47	205	0
51	204	0
55	202	0
59	200	0
63	197	0
67	196	0
70	192	0
74	190	0
80	192	0
84	190	0
88	189	0
93	189	0
98	189	0
103	188	0
107	187	0
110	182	0
116	183	0
120	181	0
125	180	0
129	179	0
134	177	0
138	175	0
151	183	0
155	180	0
159	177	0
164	175	0
168	172	0
186	183	0
252	239	0
258	235	0
262	229	0
263	219	0
255	204	0
263	201	0
213	155	0
278	195	0
391	263	0
405	261	0
418	257	0
433	254	0
445	249	0
463	247	0
247	124	0
244	116	0
244	109	0
250	106	0
258	103	0
267	101	0
276	98	0
287	95	0
284	88	0
-56	4	0
-53	5	0
-52	6	-1
-52	7	-1
-52	9	-1
-51	9	-1
-51	11	-1
-51	12	-1
-50	13	-1
-50	14	-1
-50	15	-1
-49	16	-1
-49	17	-2
-81	33	-3
-80	35	-3
-80	37	-3
-79	38	-3
-78	40	-4
-78	42	-4
-77	44	-4
-77	46	-4
-76	47	-4
-76	49	-4
-75	51	-5
-75	53	-5
-71	53	-5
-72	56	-5
-47	39	-3
-45	39	-4
-43	39	-4
-41	39	-4
-41	40	-4
-41	42	-4
-40	43	-4
-39	44	-4
-40	47	-4
-40	49	-4
-41	52	-5
-40	53	-5
-40	55	-5
-40	58	-5
-40	61	-5
-38	60	-5
-37	61	-6
-35	61	-6
-33	62	-6
-33	63	-6
-32	66	-6
-31	67	-6
-30	68	-6
-29	70	-6
-28	71	-6
-27	74	-7
-26	75	-7
-25	77	-7
-23	80	-7
-22	81	-7
-21	84	-8
-33	167	-15
-28	166	-15
-25	170	-15
-24	187	-17
-20	189	-17
-17	203	-18
-14	214	-19
-9	218	-20
-4	218	-20
0	217	-20
5	216	-19
10	214	-19
14	213	-19
18	208	-19
23	209	-19
27	206	-19
32	206	-19
36	205	-19
41	204	-18
45	201	-18
49	201	-18
53	199	-18
58	197	-18
62	197	-18
66	193	-17
71	195	-18
73	188	-17
78	189	-17
83	188	-17
87	187	-17
92	186	-17
96	185	-17
100	184	-17
105	183	-17
109	181	-16
114	180	-16
119	180	-16
123	177	-16
128	177	-16
132	174	-16
137	172	-16
147	177	-16
152	176	-16
155	172	-15
160	170	-15
169	172	-16
180	176	-16
189	178	-16
255	231	-21
259	224	-20
263	218	-20
253	201	-18
260	198	-18
212	153	-14
273	190	-17
404	258	-23
422	257	-23
432	252	-23
445	247	-22
458	242	-22
248	123	-11
243	115	-10
241	108	-10
248	105	-9
257	102	-9
264	99	-9
262	92	-8
270	89	-8
261	80	-7
262	74	-7
-55	4	-1
-53	5	-1
-53	6	-1
-52	7	-1
-52	8	-1
-52	8	-2
-51	9	-2
-51	11	-2
-51	12	-2
-50	13	-2
-50	14	-3
-50	15	-3
-50	16	-3
-49	17	-3
-81	33	-6
-80	34	-6
-79	36	-7
-79	38	-7
-78	40	-7
-78	41	-8
-78	43	-8
-77	45	-8
-77	47	-9
-76	49	-9
-42	30	-5
-39	29	-5
-38	29	-5
-38	30	-6
-38	31	-6
-37	32	-6
-37	34	-6
-37	35	-6
-39	38	-7
-38	38	-7
-37	40	-7
-56	71	-13
-46	62	-11
-44	62	-11
-42	61	-11
-39	61	-11
-37	61	-11
-35	60	-11
-34	61	-11
-32	61	-11
-31	62	-11
-30	63	-12
-28	64	-12
-27	65	-12
-26	66	-12
-24	67	-12
-23	68	-13
-22	70	-13
-21	72	-13
-20	75	-14
-20	79	-15
-18	80	-15
-18	87	-16
-25	168	-31
-24	186	-34
-22	200	-37
-17	201	-37
-13	208	-38
-9	212	-39
-4	210	-39
1	210	-39
6	208	-38
10	206	-38
15	205	-38
19	204	-38
24	202	-37
28	202	-37
33	200	-37
37	200	-37
41	198	-37
46	198	-37
50	197	-36
55	196	-36
59	193	-36
63	191	-35
67	190	-35
70	186	-34
75	185	-34
79	184	-34
83	183	-34
88	181	-34
92	181	-33
97	180	-33
102	180	-33
106	178	-33
111	177	-33
119	182	-34
121	177	-33
125	174	-32
129	172	-32
134	171	-32
140	170	-31
145	169	-31
150	168	-31
153	164	-30
162	166	-31
168	166	-31
176	167	-31
180	163	-30
185	161	-30
240	201	-37
249	200	-37
255	196	-36
266	196	-36
211	148	-27
280	189	-35
396	257	-47
407	253	-47
426	252	-47
440	249	-46
447	241	-45
463	237	-44
246	119	-22
242	111	-20
242	105	-19
250	102	-19
258	99	-18
266	97	-18
265	90	-17
264	84	-16
254	75	-14
255	70	-13
256	65	-12
261	61	-11
-59	1	0
-53	3	-1
-53	4	-1
-53	5	-2
-52	6	-2
-52	7	-2
-52	8	-2
-52	9	-3
-51	10	-3
-51	11	-3
-51	12	-3
-50	13	-4
-50	14	-4
-50	15	-4
-49	16	-5
-80	33	-10
-80	35	-10
-79	37	-10
-79	39	-11
-79	40	-11
-78	42	-12
-38	23	-7
-35	22	-6
-35	23	-6
-34	24	-7
-34	24	-7
-34	26	-7
-34	26	-8
-33	27	-8
-34	29	-8
-34	30	-9
-34	31	-9
-34	32	-9
-35	34	-10
-35	36	-10
-63	77	-22
-50	64	-18
-46	62	-18
-43	62	-18
-40	60	-17
-38	60	-17
-36	60	-17
-35	61	-17
-33	61	-17
-32	61	-18
-30	62	-18
-29	63	-18
-27	63	-18
-25	63	-18
-24	63	-18
-23	64	-18
-21	65	-19
-20	66	-19
-19	68	-19
-18	69	-20
-16	71	-20
-15	73	-21
-14	76	-22
-13	79	-23
-20	184	-53
-17	197	-56
-12	198	-57
-8	211	-60
-3	208	-59
2	206	-59
6	206	-59
11	205	-58
16	203	-58
20	201	-57
25	202	-58
29	199	-57
34	199	-57
38	197	-56
43	198	-57
47	195	-56
52	193	-55
56	192	-55
60	189	-54
64	187	-53
68	187	-53
73	185	-53
77	184	-53
81	182	-52
86	182	-52
91	181	-52
95	180	-51
100	179	-51
105	178	-51
109	177	-50
114	175	-50
119	175	-50
122	171	-49
127	171	-49
132	169	-48
138	168	-48
141	166	-47
152	171	-49
155	167	-48
161	166	-47
172	170	-48
172	163	-47
177	161	-46
185	161	-46
233	196	-56
245	197	-56
254	195	-56
261	193	-55
210	148	-42
272	184	-53
285	185	-53
402	250	-71
414	246	-70
428	243	-69
444	240	-69
456	235	-67
472	232	-66
246	114	-32
242	106	-30
244	101	-29
251	99	-28
248	92	-26
249	86	-25
266	87	-25
264	80	-23
267	76	-22
253	66	-19
253	61	-17
260	57	-16
268	54	-15
275	50	-14
