0	0	0
-135	27	50
-133	30	56
-170	48	90
-161	48	90
-156	49	91
-171	56	105
-170	59	110
-173	62	117
-176	67	125
-174	69	129
-166	69	130
-159	69	130
-152	70	131
-183	91	171
-175	92	172
-167	91	172
-159	91	171
-153	92	172
-145	91	172
-138	91	172
-133	92	173
-125	91	172
-119	91	172
-113	91	171
-107	92	172
-102	92	172
-97	92	172
-91	92	172
-86	91	172
-81	92	172
-76	92	173
-72	92	174
-63	88	165
-58	87	164
-54	88	165
-52	90	170
-48	93	175
-44	93	175
-39	93	175
-35	93	175
-30	93	175
-26	93	175
-22	93	175
-18	93	176
-13	94	176
-9	94	176
-4	93	175
0	94	176
4	94	176
8	94	177
13	94	177
17	94	177
21	94	177
26	94	177
30	94	177
34	94	177
39	94	177
43	94	177
48	94	177
53	94	177
57	94	177
62	95	178
67	94	177
71	94	177
76	94	176
82	94	177
87	94	177
92	94	177
97	94	177
104	94	177
109	95	178
115	95	178
121	95	178
123	91	171
126	89	168
128	86	162
130	83	156
131	80	151
135	79	148
137	76	143
139	74	139
141	72	135
143	69	130
145	67	126
147	65	122
149	63	118
151	61	114
152	58	110
154	56	106
156	54	102
-134	33	52
-136	36	56
-130	38	60
-169	55	87
-161	55	87
-169	64	101
-173	69	109
-174	73	115
-174	76	121
-176	81	128
-167	81	127
-159	81	127
-191	105	166
-182	105	167
-174	106	167
-166	105	166
-159	106	167
-152	106	167
-145	106	167
-138	106	167
-132	106	168
-126	106	168
-119	106	168
-113	106	167
-107	106	167
-102	106	168
-97	106	168
-91	106	168
-86	106	168
-80	106	167
-76	106	168
-71	107	169
-63	101	160
-58	101	159
-54	102	161
-51	105	166
-47	107	169
-43	108	170
-39	108	170
-34	108	171
-30	108	170
-25	108	171
-21	108	171
-16	109	171
-12	109	172
-8	108	171
-3	108	171
1	109	172
5	109	172
10	109	172
14	109	172
18	109	172
23	109	173
27	109	172
32	109	172
36	109	172
40	109	171
45	109	172
50	109	173
55	109	173
59	109	173
64	109	172
69	108	171
74	109	172
79	109	172
84	109	172
89	109	172
95	109	172
101	110	173
106	109	172
112	110	173
118	110	173
122	107	169
124	103	163
126	101	159
129	98	154
129	94	148
133	91	145
135	89	141
137	86	136
139	83	132
142	81	128
143	78	124
146	76	120
147	74	116
149	71	112
151	68	108
153	66	104
154	64	101
156	61	97
-185	38	51
-150	36	48
-141	36	49
-145	42	57
-145	45	60
-179	65	87
-170	65	87
-161	65	87
-174	77	104
-179	87	118
-185	94	127
-176	95	127
-169	95	128
-162	95	128
-174	107	144
-171	110	148
-185	124	167
-176	124	167
-169	125	168
-161	125	169
-154	125	168
-146	124	168
-139	124	167
-132	124	167
-126	124	168
-120	125	168
-114	125	169
-108	125	168
-102	125	168
-97	125	168
-91	125	169
-86	125	168
-81	125	169
-75	125	169
-70	125	168
-65	125	168
-61	126	169
-55	125	169
-51	126	169
-46	126	170
-42	126	170
-37	126	170
-32	127	170
-28	127	171
-23	127	171
-18	127	171
-14	127	171
-9	127	171
-5	127	171
0	127	171
4	127	172
9	128	172
13	128	172
18	127	172
22	128	172
27	128	172
32	128	172
36	127	172
41	127	171
46	127	171
50	128	172
56	128	172
61	129	173
66	128	173
71	129	173
76	129	173
82	129	174
87	129	173
93	129	174
98	129	173
104	129	173
110	128	173
113	126	169
116	122	164
118	118	159
119	113	153
122	111	150
125	108	145
127	104	140
129	101	136
131	98	132
134	96	129
137	93	126
138	90	121
140	87	117
142	84	113
144	82	110
146	79	106
148	76	103
150	74	99
152	71	96
153	69	93
156	66	89
-183	38	44
-151	40	46
-144	41	47
-145	47	54
-145	50	58
-137	59	68
-166	74	86
-179	93	107
-182	99	114
-185	105	122
-183	109	126
-166	108	125
-170	116	135
-197	140	162
-189	141	164
-181	141	164
-172	141	163
-165	142	164
-158	142	165
-151	143	166
-143	142	164
-136	142	164
-129	141	164
-123	142	164
-116	141	164
-111	143	165
-105	143	165
-100	144	166
-94	144	167
-88	142	165
-83	143	166
-77	142	165
-72	143	166
-66	143	166
-61	143	166
-56	143	166
-51	144	167
-46	144	166
-41	143	166
-37	143	166
-32	144	167
-27	144	166
-22	144	167
-18	144	167
-13	144	167
-8	145	168
-4	145	168
1	145	167
6	145	168
11	145	168
15	145	168
20	145	168
25	145	168
29	145	168
34	146	169
39	145	168
44	145	168
49	146	169
54	146	169
60	146	169
65	146	169
70	146	169
75	146	169
81	147	170
87	148	171
92	147	170
98	147	170
103	147	170
106	142	165
109	139	160
112	134	155
115	130	151
117	126	146
119	122	142
121	119	138
124	116	134
126	112	130
128	109	126
131	106	123
133	103	119
136	100	116
137	96	112
140	94	109
142	91	105
143	88	102
146	85	99
147	82	95
149	79	92
152	77	89
153	74	85
155	71	82
157	68	79
-178	37	37
-183	45	45
-182	49	49
-173	50	50
-158	49	49
-142	47	47
-191	71	71
-196	77	77
-201	83	83
-194	89	89
-183	89	89
-179	91	91
-202	119	119
-208	128	128
-202	130	130
-190	128	128
-183	130	130
-217	168	168
-208	169	169
-198	168	168
-190	169	169
-181	169	169
-173	169	169
-165	169	169
-157	169	169
-150	169	169
-142	169	169
-135	169	169
-129	170	170
-123	171	171
-116	171	171
-110	171	171
-103	170	170
-97	171	171
-91	171	171
-85	170	170
-80	171	171
-74	171	171
-68	171	171
-63	172	172
-57	172	172
-52	172	172
-47	173	173
-41	172	172
-36	173	173
-31	174	174
-25	173	173
-20	173	173
-15	173	173
-10	174	174
-5	174	174
1	174	174
5	153	153
10	150	150
14	151	151
19	152	152
23	152	152
28	152	152
32	150	150
38	156	156
43	158	158
50	162	162
59	175	175
64	175	175
70	175	175
76	176	176
82	176	176
86	171	171
89	167	167
93	162	162
96	158	158
98	152	152
103	150	150
105	144	144
107	141	141
110	137	137
112	132	132
115	129	129
117	125	125
120	122	122
123	119	119
125	116	116
127	112	112
129	109	109
131	106	106
134	103	103
135	100	100
138	97	97
140	94	94
141	90	90
143	87	87
145	84	84
147	81	81
149	79	79
151	76	76
153	73	73
155	70	70
159	69	69
-180	38	32
-184	50	43
-187	55	47
-180	56	49
-141	48	41
-200	85	73
-204	91	79
-212	100	86
-205	102	88
-184	101	88
-219	146	126
-214	150	129
-202	148	128
-196	150	130
-208	167	144
-209	175	151
-199	175	151
-198	182	157
-196	188	163
-191	193	166
-182	192	166
-174	193	166
-167	195	168
-158	194	167
-151	194	168
-144	195	168
-137	195	169
-128	194	167
-122	195	168
-116	196	169
-108	195	168
-102	195	169
-96	197	170
-90	197	170
-83	196	169
-77	197	170
-72	198	171
-66	197	170
-60	198	171
-54	198	171
-48	198	171
-43	199	172
-37	199	172
-31	199	171
-26	200	173
-20	199	172
-14	199	172
-9	199	172
-3	199	172
3	200	173
8	201	174
13	178	154
17	172	148
21	166	143
25	160	138
29	156	135
33	157	136
39	160	139
45	165	142
50	168	145
56	170	146
63	176	152
69	178	154
76	180	155
82	181	156
86	177	153
89	172	148
92	168	145
95	163	141
98	158	136
101	153	132
104	149	129
106	145	126
109	142	123
112	137	119
115	134	116
117	131	113
120	128	110
121	123	106
124	120	104
126	117	101
128	113	98
131	110	95
132	106	92
134	103	89
137	101	87
138	96	83
140	94	81
143	91	78
144	88	76
146	85	73
148	82	71
149	78	68
152	76	65
154	73	63
156	70	60
-183	49	36
-186	53	40
-189	58	43
-192	64	47
-174	66	49
-166	67	49
-168	76	56
-210	100	74
-216	108	80
-222	117	87
-216	120	89
-205	119	89
-199	122	90
-153	99	74
-145	103	76
-195	144	107
-189	146	108
-211	170	127
-204	173	128
-200	177	131
-194	180	134
-189	184	136
-185	188	140
-179	191	142
-174	194	144
-174	204	151
-165	203	151
-160	206	153
-157	214	159
-152	217	161
-147	222	165
-142	226	168
-136	228	169
-128	227	169
-119	226	168
-113	227	169
-106	228	169
-100	229	170
-93	228	169
-86	229	170
-80	231	171
-74	231	172
-67	232	172
-60	229	170
-55	233	173
-48	230	171
-42	231	171
-35	231	172
-29	232	172
-23	232	172
-17	233	173
-11	233	173
-5	233	173
2	201	149
7	190	141
11	184	137
16	180	133
20	175	130
24	169	126
27	160	118
31	158	117
36	160	119
41	163	121
47	168	124
52	171	127
58	173	129
65	180	133
72	184	137
79	189	140
83	185	137
86	179	133
89	175	130
92	169	126
95	165	122
98	160	119
100	155	115
103	151	112
106	148	110
109	145	107
112	141	104
114	136	101
116	133	99
118	129	96
121	125	93
123	123	91
125	119	88
127	115	86
130	112	83
131	108	80
133	105	78
136	102	76
138	99	74
139	96	71
141	92	69
144	90	66
146	87	64
148	84	62
150	81	60
152	78	58
154	75	55
156	71	53
157	68	51
-182	49	31
-186	53	34
-189	59	37
-192	64	41
-196	70	44
-174	75	48
-167	76	48
-221	118	75
-226	128	81
-221	131	83
-154	102	64
-154	106	67
-194	146	92
-201	158	100
-196	162	102
-205	177	112
-201	182	115
-194	184	116
-189	187	119
-184	191	121
-179	195	123
-175	200	126
-170	203	128
-164	206	130
-159	210	133
-153	211	134
-148	216	136
-143	218	138
-138	223	141
-133	226	143
-125	225	142
-124	236	150
-117	237	150
-115	248	157
-110	252	160
-104	256	162
-98	259	164
-91	261	165
-84	262	166
-77	261	165
-71	264	167
-63	261	165
-57	264	167
-49	262	166
-43	263	166
-36	263	167
-30	264	167
-20	235	149
-13	223	141
-7	213	135
-2	205	129
4	199	126
8	194	123
13	189	119
17	182	115
21	176	111
24	167	105
28	162	103
31	158	100
36	163	103
41	165	105
47	169	107
53	174	110
58	178	112
64	180	114
72	187	119
79	191	121
83	188	119
85	182	115
89	178	112
91	172	109
95	168	106
97	164	104
100	159	100
103	155	98
106	151	96
108	147	93
111	144	91
113	140	88
115	136	86
118	132	84
121	129	82
122	125	79
124	121	76
126	118	74
129	114	72
131	111	70
133	108	68
135	105	66
137	101	64
139	98	62
141	95	60
144	92	58
145	89	56
147	86	54
149	83	52
151	79	50
153	76	48
155	73	46
157	70	44
-181	47	25
-185	52	28
-188	57	31
-189	63	33
-194	69	37
-199	75	40
-205	83	44
-193	88	47
-172	88	47
-166	90	48
-177	101	54
-214	128	68
-202	126	67
-209	137	73
-209	144	77
-201	146	78
-197	150	80
-209	174	93
-204	178	95
-200	183	97
-192	184	98
-188	189	100
-183	192	102
-177	194	103
-176	202	108
-171	207	110
-163	206	110
-159	211	112
-153	213	114
-147	216	115
-143	222	118
-138	225	120
-133	229	122
-125	227	121
-122	235	125
-118	241	128
-111	241	128
-107	247	132
-101	250	133
-94	252	134
-89	256	136
-84	262	140
-78	264	141
-72	268	143
-67	276	147
-61	282	150
-53	279	148
-49	291	155
-37	259	138
-28	245	130
-21	238	126
-15	233	124
-9	221	118
-3	212	113
2	201	107
7	193	103
11	189	101
15	181	96
19	176	94
23	172	91
26	164	87
30	160	85
34	161	86
39	166	88
44	169	90
49	172	92
43	137	73
56	167	89
58	160	85
61	154	82
67	158	84
72	160	85
76	160	85
86	169	90
92	172	91
95	167	89
98	164	87
101	159	85
104	156	83
106	151	80
109	147	78
112	144	77
114	140	74
116	136	72
118	132	70
120	128	68
123	125	66
125	121	65
126	118	63
129	114	61
131	111	59
134	108	57
136	105	56
138	101	54
140	98	52
142	95	51
144	92	49
146	88	47
148	85	45
150	82	44
151	79	42
154	75	40
155	72	38
163	71	38
-182	48	21
-186	54	23
-189	59	26
-192	64	28
-196	71	31
-201	78	34
-206	85	37
-212	93	41
-215	100	44
-189	104	46
-189	116	51
-197	127	55
-205	139	61
-207	146	64
-210	156	68
-221	172	75
-216	176	77
-207	177	77
-201	180	79
-191	179	78
-192	188	82
-185	190	83
-180	193	84
-173	195	85
-174	205	90
-165	204	89
-161	209	91
-156	212	93
-151	216	95
-143	215	94
-141	222	97
-134	224	98
-127	223	98
-124	230	101
-119	235	103
-116	242	106
-111	246	108
-104	246	107
-100	252	110
-94	256	112
-88	259	113
-83	262	115
-77	267	117
-71	270	118
-65	271	119
-59	277	121
-53	278	122
-46	276	121
-37	266	117
-29	251	110
-22	238	104
-15	227	99
-9	221	97
-4	212	93
1	208	91
6	196	86
10	189	83
15	185	81
19	181	79
22	174	76
26	169	74
28	160	70
31	155	68
34	150	66
37	146	64
40	142	62
42	138	60
44	134	58
57	162	71
61	162	71
61	150	66
66	152	67
72	156	68
79	161	71
90	174	76
94	171	75
97	166	73
92	149	65
100	155	68
100	147	64
108	151	66
110	146	64
112	142	62
115	133	58
119	131	57
121	127	56
123	123	54
126	120	53
128	117	51
130	114	50
132	110	48
134	107	47
136	103	45
138	100	44
141	97	42
142	93	41
145	90	40
147	87	38
149	84	37
151	81	35
153	77	34
155	74	32
157	71	31
-178	25	9
-182	47	16
-184	52	18
-188	58	20
-192	64	22
-195	70	24
-199	76	27
-206	84	29
-211	92	32
-215	100	35
-224	110	38
-228	118	41
-233	128	44
-214	130	45
-207	146	51
-215	159	55
-220	171	59
-215	175	61
-207	177	61
-202	180	63
-191	179	62
-190	186	65
-185	189	66
-179	192	67
-172	194	67
-172	203	71
-163	201	70
-161	208	72
-155	211	73
-150	214	74
-144	216	75
-139	219	76
-135	224	78
-126	222	77
-124	230	80
-119	233	81
-114	238	82
-110	243	84
-103	242	84
-98	247	86
-94	253	88
-89	258	90
-83	260	90
-78	264	92
-72	269	93
-66	269	93
-60	274	95
-54	277	96
-48	279	97
-39	263	91
-32	258	90
-24	245	85
-17	231	80
-11	225	78
-6	218	76
-1	209	72
4	200	70
9	194	67
13	188	65
17	182	63
20	176	61
24	172	60
26	163	57
30	158	55
32	152	53
35	148	51
38	144	50
40	140	49
43	137	47
50	149	52
56	154	54
61	158	55
69	167	58
78	178	62
82	175	61
84	168	58
52	97	34
53	92	32
54	89	31
56	87	30
57	86	30
59	84	29
61	83	29
64	83	29
118	130	45
121	126	44
124	124	43
125	120	42
128	116	40
130	113	39
132	109	38
135	107	37
136	103	36
138	99	35
140	96	33
143	93	32
145	90	31
146	86	30
149	83	29
151	80	28
153	77	27
155	73	25
157	70	24
-172	24	6
-182	47	12
-185	52	14
-188	57	15
-193	64	17
-196	70	18
-200	76	20
-207	84	22
-212	92	24
-216	100	26
-223	109	28
-228	119	31
-234	128	33
-244	141	37
-246	150	39
-239	154	40
-210	156	41
-218	171	44
-207	170	44
-206	177	46
-200	180	47
-190	179	47
-187	185	48
-182	188	49
-176	190	49
-172	195	51
-169	201	52
-161	201	52
-158	206	54
-153	210	55
-146	210	55
-143	216	56
-138	219	57
-134	224	58
-126	222	58
-121	225	59
-117	231	60
-113	236	61
-109	241	63
-101	240	62
-98	247	64
-93	251	65
-89	257	67
-81	256	67
-77	263	68
-72	267	69
-64	265	69
-60	272	71
-54	276	72
-48	284	74
-40	270	70
-31	256	66
-24	240	62
-17	232	60
-12	225	59
-6	215	56
-1	206	53
4	198	52
8	191	50
13	187	49
16	181	47
20	175	45
23	170	44
26	162	42
29	155	40
32	151	39
35	147	38
37	143	37
40	139	36
42	136	35
45	133	35
55	153	40
68	178	46
73	177	46
43	96	25
47	99	26
45	88	23
46	86	22
48	84	22
51	84	22
53	84	22
54	81	21
55	79	20
60	81	21
64	83	22
66	82	21
70	83	22
74	84	22
123	123	32
125	120	31
127	116	30
129	113	29
131	109	28
133	106	28
136	103	27
138	100	26
140	96	25
142	93	24
144	90	23
146	86	22
148	83	22
150	80	21
152	77	20
154	73	19
157	70	18
143	60	16
129	50	13
-172	30	5
-170	34	6
-181	45	8
-184	50	9
-187	55	10
-191	61	11
-195	67	12
-199	74	13
-204	81	14
-210	89	15
-213	96	17
-218	104	18
-202	102	18
-227	122	21
-199	113	20
-246	146	25
-241	151	26
-237	156	27
-230	159	28
-220	168	29
-214	171	30
-205	172	30
-201	177	31
-190	175	30
-188	182	32
-183	185	32
-178	189	33
-173	192	33
-171	199	34
-162	198	34
-159	203	35
-155	209	36
-148	208	36
-142	211	37
-139	216	38
-135	222	39
-128	221	38
-123	225	39
-118	229	40
-113	232	40
-109	236	41
-103	237	41
-97	239	42
-94	248	43
-89	253	44
-83	255	44
-78	257	45
-73	263	46
-66	262	45
-61	266	46
-55	271	47
-51	282	49
-42	270	47
-34	258	45
-27	247	43
-19	231	40
-14	228	40
-8	216	38
-3	207	36
2	197	34
7	190	33
11	188	33
15	181	32
18	176	31
22	172	30
25	165	29
27	155	27
31	155	27
33	148	26
36	145	25
38	139	24
41	137	24
43	132	23
65	174	30
38	94	16
40	91	16
41	87	15
44	89	16
46	87	15
47	84	15
47	80	14
48	78	14
50	77	13
53	77	13
58	81	14
60	80	14
63	80	14
65	79	14
69	81	14
121	124	22
124	122	21
125	117	20
127	114	20
130	111	19
132	108	19
134	104	18
137	101	18
138	98	17
140	94	16
142	91	16
144	88	15
146	84	15
149	81	14
150	77	13
153	75	13
155	71	12
156	67	12
137	55	10
121	45	8
122	42	7
-170	29	3
-175	34	3
-181	44	4
-184	49	4
-187	54	5
-191	60	5
-195	66	6
-200	73	6
-204	80	7
-210	88	8
-214	95	8
-209	99	9
-203	102	9
-198	105	9
-194	109	10
-198	117	10
-242	150	13
-236	154	13
-231	158	14
-220	166	15
-214	169	15
-204	170	15
-200	174	15
-191	174	15
-188	179	16
-184	184	16
-178	186	16
-173	190	17
-170	196	17
-161	193	17
-158	200	17
-155	206	18
-149	207	18
-142	208	18
-140	215	19
-137	220	19
-126	214	19
-124	222	19
-116	219	19
-113	227	20
-109	232	20
-103	233	20
-97	235	21
-94	242	21
-90	250	22
-85	252	22
-78	252	22
-74	258	23
-68	260	23
-61	258	23
-57	268	23
-52	273	24
-44	267	23
-37	260	23
-29	251	22
-22	234	20
-16	228	20
-10	218	19
-5	209	18
0	199	17
5	192	17
9	187	16
13	182	16
17	176	15
20	170	15
23	165	14
27	160	14
29	151	13
32	148	13
34	144	13
37	140	12
40	136	12
42	133	12
44	129	11
53	146	13
59	151	13
37	85	7
39	86	7
41	84	7
41	79	7
42	77	7
44	77	7
46	76	7
49	76	7
52	77	7
57	80	7
58	79	7
60	78	7
63	77	7
66	77	7
70	78	7
122	121	11
124	118	10
126	115	10
129	112	10
131	108	9
132	105	9
134	101	9
136	98	9
138	95	8
141	92	8
143	88	8
145	85	7
146	82	7
149	79	7
151	75	7
153	72	6
156	69	6
146	61	5
130	50	4
121	40	4
110	34	3
-170	29	0
-175	33	0
-180	43	0
-184	48	0
-187	54	0
-191	60	0
-195	65	0
-199	72	0
-204	79	0
-209	86	0
-212	93	0
-208	97	0
-203	101	0
-198	104	0
-194	107	0
-190	111	0
-184	113	0
-177	115	0
-180	122	0
-220	164	0
-211	165	0
-205	168	0
-188	177	0
-183	181	0
-177	182	0
-172	186	0
-171	193	0
-161	191	0
-158	197	0
-154	201	0
-149	204	0
-142	205	0
-139	211	0
-137	217	0
-127	213	0
-124	219	0
-116	216	0
-113	224	0
-108	227	0
-103	230	0
-98	232	0
-94	239	0
-90	245	0
-85	248	0
-79	249	0
-74	255	0
-69	258	0
-61	253	0
-57	263	0
-52	270	0
-44	264	0
-37	257	0
-30	248	0
-22	231	0
-16	223	0
-10	215	0
-5	206	0
0	199	0
5	191	0
9	184	0
13	179	0
16	174	0
20	169	0
23	163	0
26	158	0
29	150	0
32	148	0
34	143	0
37	138	0
39	135	0
42	131	0
44	128	0
52	143	0
57	146	0
38	82	0
39	79	0
40	78	0
42	77	0
45	77	0
47	77	0
51	79	0
54	80	0
55	78	0
57	77	0
59	76	0
62	76	0
64	75	0
68	76	0
122	121	0
123	117	0
126	114	0
128	111	0
131	108	0
131	104	0
133	100	0
136	98	0
138	94	0
140	91	0
142	88	0
144	85	0
146	82	0
148	78	0
150	75	0
153	72	0
155	69	0
146	61	0
132	51	0
120	43	0
123	41	0
113	35	0
106	30	0
99	25	0
-163	9	-1
-170	28	-3
-174	33	-3
-180	42	-4
-184	47	-4
-187	53	-5
-191	58	-5
-195	64	-6
-199	70	-6
-204	77	-7
-209	84	-8
-214	92	-8
-218	100	-9
-148	94	-9
-188	166	-15
-187	173	-16
-183	177	-16
-177	179	-16
-172	183	-16
-170	189	-17
-160	187	-17
-157	192	-17
-155	198	-18
-149	200	-18
-142	201	-18
-140	208	-19
-137	213	-19
-127	209	-19
-123	214	-19
-116	212	-19
-111	216	-20
-108	223	-20
-103	225	-20
-97	227	-21
-92	230	-21
-91	242	-22
-85	244	-22
-79	246	-22
-75	252	-23
-68	253	-23
-61	248	-22
-57	258	-23
-51	261	-24
-45	262	-24
-37	254	-23
-30	244	-22
-22	227	-20
-16	222	-20
-10	213	-19
-5	203	-18
0	195	-18
5	188	-17
9	180	-16
13	177	-16
16	172	-16
20	166	-15
23	161	-15
27	157	-14
29	148	-13
32	147	-13
35	141	-13
37	137	-12
40	133	-12
42	130	-12
44	125	-11
50	133	-12
52	130	-12
42	95	-9
41	88	-8
41	82	-7
42	80	-7
44	79	-7
47	81	-7
50	81	-7
51	79	-7
53	77	-7
55	76	-7
57	75	-7
59	74	-7
61	73	-7
64	74	-7
68	74	-7
121	119	-11
123	115	-10
126	112	-10
128	109	-10
130	106	-10
132	102	-9
134	99	-9
136	96	-9
138	93	-8
140	89	-8
142	86	-8
144	83	-8
146	80	-7
148	77	-7
150	74	-7
153	71	-6
156	68	-6
143	58	-5
130	49	-4
124	40	-4
114	34	-3
107	29	-3
99	25	-2
88	20	-2
83	16	-1
-159	5	-1
-156	8	-2
-171	27	-5
-175	32	-6
-175	44	-8
-165	45	-8
-128	39	-7
-121	40	-7
-118	42	-8
-108	41	-8
-112	45	-8
-193	107	-20
-191	112	-21
-186	114	-21
-181	117	-22
-177	120	-22
-127	100	-19
-190	162	-30
-186	167	-31
-184	172	-32
-180	177	-33
-174	179	-33
-171	184	-34
-164	185	-34
-158	187	-35
-156	193	-36
-151	196	-36
-144	197	-36
-141	202	-37
-138	209	-39
-131	208	-39
-126	212	-39
-119	211	-39
-112	210	-39
-108	216	-40
-103	219	-40
-98	222	-41
-93	224	-41
-92	237	-44
-87	243	-45
-80	241	-45
-75	246	-45
-70	248	-46
-61	241	-45
-57	251	-46
-53	260	-48
-46	258	-48
-37	244	-45
-30	234	-43
-23	223	-41
-16	214	-39
-11	207	-38
-5	202	-37
0	191	-35
4	183	-34
9	179	-33
13	176	-32
17	171	-32
19	160	-30
23	155	-29
26	151	-28
29	146	-27
32	144	-27
35	139	-26
37	135	-25
40	131	-24
42	127	-23
44	124	-23
48	125	-23
51	123	-23
55	125	-23
46	91	-17
47	87	-16
48	84	-16
50	82	-15
51	80	-15
53	79	-15
54	77	-14
55	75	-14
57	73	-14
59	72	-13
61	72	-13
65	73	-14
69	74	-14
121	115	-21
124	113	-21
126	109	-20
128	106	-20
130	103	-19
133	100	-19
135	97	-18
137	94	-17
138	91	-17
140	88	-16
143	85	-16
145	82	-15
147	78	-14
148	75	-14
151	72	-13
152	69	-13
155	66	-12
139	56	-10
127	47	-9
124	40	-7
115	34	-6
107	29	-5
100	25	-5
89	20	-4
83	16	-3
78	13	-2
77	11	-2
-158	-1	0
-155	2	-1
-154	6	-2
-156	9	-2
-159	12	-3
-161	16	-5
-124	29	-8
-120	30	-9
-108	35	-10
-118	49	-14
-124	55	-16
-128	60	-17
-131	65	-18
-195	106	-30
-192	109	-31
-186	111	-32
-182	115	-33
-178	118	-34
-191	138	-39
-194	161	-46
-185	161	-46
-186	169	-48
-181	173	-49
-177	177	-50
-171	180	-51
-167	184	-52
-158	181	-52
-155	187	-53
-153	193	-55
-145	193	-55
-141	197	-56
-139	205	-58
-134	207	-59
-127	207	-59
-119	205	-59
-114	208	-59
-108	209	-60
-103	212	-61
-99	218	-62
-94	219	-63
-90	225	-64
-89	238	-68
-82	238	-68
-76	240	-69
-72	248	-71
-62	238	-68
-58	247	-71
-54	260	-74
-48	263	-75
-38	244	-70
-30	233	-66
-23	222	-63
-17	212	-60
-11	209	-60
-5	200	-57
0	192	-55
4	181	-52
9	176	-50
13	169	-48
17	166	-47
20	159	-45
23	154	-44
27	149	-43
30	144	-41
33	141	-40
35	136	-39
38	132	-38
40	129	-37
42	125	-36
37	98	-28
39	97	-28
40	94	-27
42	91	-26
43	88	-25
46	87	-25
47	84	-24
48	81	-23
49	79	-23
52	79	-23
53	77	-22
54	75	-21
56	74	-21
60	74	-21
62	74	-21
67	76	-22
74	80	-23
84	87	-25
103	104	-30
114	110	-31
122	113	-32
125	110	-31
127	107	-31
129	104	-30
131	101	-29
133	98	-28
135	95	-27
138	92	-26
139	89	-25
141	85	-24
144	83	-24
146	80	-23
147	76	-22
150	74	-21
151	71	-20
154	67	-19
153	63	-18
136	53	-15
121	44	-12
137	47	-13
124	39	-11
115	33	-9
107	28	-8
100	24	-7
90	19	-6
84	16	-5
79	13	-4
76	11	-3
