-93	21	11
-89	23	12
-88	24	13
-88	26	14
-87	30	16
-88	32	17
-87	34	18
-88	37	20
-88	39	21
-88	43	23
-87	45	24
-88	48	25
-87	50	27
-88	56	30
-88	64	34
-86	65	35
-82	65	35
-78	65	35
-75	65	35
-71	65	35
-68	65	35
-54	62	33
-54	65	35
-51	64	34
-48	64	34
-46	64	34
-44	65	34
-42	65	34
-40	64	34
-38	65	34
-35	64	34
-33	64	34
-32	65	34
-30	64	34
-28	64	34
-26	64	34
-25	64	34
-23	64	34
-21	64	34
-19	64	34
-17	64	34
-16	64	34
-14	64	34
-13	64	34
-11	64	34
-10	64	34
-8	64	34
-7	64	34
-5	64	34
-4	64	34
-2	64	34
0	64	34
1	64	34
3	63	34
4	64	34
6	64	34
7	64	34
9	64	34
10	64	34
12	64	34
13	64	34
15	64	34
17	64	34
18	64	34
20	64	34
21	64	34
23	64	34
25	64	34
26	64	34
28	64	34
30	64	34
32	64	34
34	64	34
36	64	34
37	64	34
39	64	34
41	64	34
44	64	34
46	64	34
48	65	34
50	64	34
53	65	34
55	65	34
58	65	35
61	65	35
63	65	35
66	65	35
76	65	35
78	62	33
78	56	30
78	53	28
78	49	26
78	46	25
78	42	22
78	39	21
-94	21	11
-91	22	12
-89	24	13
-88	26	14
-88	27	15
-87	31	17
-87	34	18
-88	38	20
-88	43	23
-87	45	24
-87	49	26
-88	55	29
-89	64	34
-87	65	35
-83	65	35
-79	65	35
-75	65	35
-72	65	34
-68	65	34
-55	63	34
-54	64	34
-51	64	34
-49	64	34
-47	64	34
-44	64	34
-42	64	34
-40	65	34
-38	65	34
-36	65	34
-34	64	34
-32	64	34
-30	64	34
-28	64	34
-26	64	34
-25	64	34
-23	64	34
-21	64	34
-19	64	34
-18	64	34
-16	64	34
-15	64	34
-13	64	34
-11	64	34
-10	64	34
-8	64	34
-7	64	34
-5	64	34
-4	64	34
-2	64	34
-1	64	34
1	64	34
3	63	34
4	64	34
5	64	34
7	64	34
8	64	34
10	64	34
12	64	34
13	64	34
15	64	34
16	64	34
18	64	34
19	64	34
21	64	34
23	64	34
24	64	34
26	64	34
28	64	34
30	64	34
32	64	34
33	64	34
35	64	34
37	64	34
39	64	34
41	64	34
43	64	34
46	65	34
48	65	34
50	64	34
53	65	35
55	65	34
58	65	35
61	65	35
63	65	35
66	65	35
76	66	35
78	62	33
79	57	30
78	53	28
78	49	26
78	46	25
78	42	22
78	39	21
-96	21	11
-91	22	12
-88	23	12
-88	25	13
-88	27	14
-88	31	17
-87	33	18
-88	37	20
-88	40	21
-87	44	23
-87	49	26
-86	51	27
-88	54	29
-88	57	30
-90	64	34
-87	65	34
-84	65	35
-80	65	35
-76	65	35
-72	65	34
-69	65	35
-56	58	31
-54	63	34
-52	64	34
-50	64	34
-47	64	34
-45	64	34
-43	64	34
-41	64	34
-38	64	34
-37	64	34
-35	64	34
-32	64	34
-31	64	34
-29	64	34
-27	64	34
-25	64	34
-24	64	34
-22	64	34
-20	64	34
-18	64	34
-17	64	34
-15	64	34
-13	64	34
-12	64	34
-10	64	34
-9	64	34
-7	64	34
-6	64	34
-4	64	34
-3	64	34
-1	64	34
0	63	34
2	63	34
3	63	34
5	64	34
6	63	34
8	64	34
10	64	34
11	63	34
12	64	34
14	63	34
16	64	34
17	64	34
19	64	34
20	64	34
22	63	34
24	63	34
25	63	34
27	64	34
29	64	34
31	64	34
32	64	34
34	64	34
36	64	34
38	64	34
40	64	34
42	64	34
45	64	34
47	64	34
49	64	34
51	65	34
54	65	34
56	65	34
59	65	34
62	65	35
64	65	34
66	64	34
75	66	35
79	64	34
78	60	32
78	55	29
78	47	25
77	40	21
-93	21	11
-90	22	12
-88	24	13
-88	26	14
-88	28	15
-86	29	16
-87	32	17
-86	33	18
-88	36	19
-88	39	21
-88	43	23
-87	45	24
-87	50	27
-88	56	30
-88	64	34
-86	65	35
-82	65	35
-78	65	35
-74	65	35
-71	65	35
-68	65	34
-54	62	33
-54	65	35
-51	65	34
-48	64	34
-46	64	34
-44	64	34
-42	64	34
-40	64	34
-37	64	34
-35	64	34
-34	64	34
-32	64	34
-30	64	34
-28	64	34
-26	64	34
-24	64	34
-23	64	34
-21	64	34
-19	64	34
-17	64	34
-16	64	34
-14	64	34
-12	64	34
-11	64	34
-9	64	34
-8	64	34
-6	64	34
-5	64	34
-3	64	34
-2	64	34
0	63	34
1	64	34
3	64	34
4	64	34
6	64	34
7	63	34
9	64	34
10	64	34
12	64	34
13	64	34
15	64	34
17	64	34
18	63	34
20	64	34
21	63	34
23	63	34
25	63	34
27	64	34
28	64	34
30	64	34
32	64	34
34	64	34
36	64	34
38	64	34
40	64	34
42	64	34
44	64	34
46	64	34
48	64	34
50	64	34
53	65	34
56	65	34
58	65	35
61	65	35
64	65	35
67	65	35
74	66	35
76	65	35
78	61	32
78	56	30
78	53	28
78	48	25
78	46	24
78	41	22
77	39	21
-96	20	11
-92	21	11
-88	23	12
-88	24	13
-87	26	14
-88	31	16
-87	32	17
-90	36	19
-88	37	20
-87	39	21
-87	43	23
-86	45	24
-88	48	26
-87	50	27
-88	56	30
-91	64	34
-87	64	34
-84	65	35
-80	65	35
-77	65	34
-73	65	34
-70	65	34
-67	65	35
-54	63	34
-52	64	34
-50	64	34
-47	64	34
-45	64	34
-43	64	34
-41	64	34
-39	64	34
-37	64	34
-35	64	34
-33	64	34
-31	64	34
-29	64	34
-27	64	34
-25	64	34
-24	64	34
-22	64	34
-20	64	34
-18	63	34
-17	64	34
-15	64	34
-14	64	34
-12	64	34
-11	64	34
-9	64	34
-7	64	34
-6	64	34
-4	63	34
-3	63	34
-1	63	34
0	63	34
2	63	34
3	63	34
5	63	34
6	63	34
8	64	34
9	63	34
11	63	34
12	64	34
14	63	34
15	63	34
17	63	34
19	63	34
20	63	34
22	63	34
23	63	34
25	63	34
27	64	34
29	64	34
30	64	34
32	64	34
34	64	34
36	64	34
38	64	34
40	64	34
42	64	34
44	64	34
46	64	34
49	64	34
51	64	34
53	64	34
56	64	34
59	65	34
62	65	34
65	65	34
67	64	34
74	66	35
78	60	32
78	55	29
77	47	25
77	40	21
-92	21	11
-89	23	12
-88	24	13
-87	26	14
-88	30	16
-87	32	17
-89	35	19
-88	37	20
-87	39	21
-87	43	23
-88	48	26
-87	50	27
-88	56	30
-91	64	34
-87	64	34
-84	65	34
-81	65	34
-77	65	34
-73	65	34
-70	65	34
-67	65	34
-53	64	34
-50	64	34
-48	64	34
-45	64	34
-43	64	34
-41	64	34
-39	64	34
-37	64	34
-35	64	34
-33	64	34
-31	64	34
-29	64	34
-27	64	34
-25	64	34
-24	64	34
-22	64	34
-20	64	34
-19	63	34
-17	64	34
-15	64	34
-14	64	34
-12	64	34
-11	64	34
-9	64	34
-7	64	34
-6	64	34
-4	63	34
-3	63	34
-1	63	34
0	63	34
2	63	34
3	63	34
5	63	34
6	63	34
8	63	34
9	63	34
11	63	34
12	64	34
14	63	34
15	63	34
17	64	34
18	63	34
20	63	34
22	63	34
24	63	34
25	63	34
27	64	34
29	64	34
31	64	34
32	64	34
34	64	34
36	64	34
38	64	34
40	64	34
42	64	34
44	64	34
46	64	34
49	64	34
51	64	34
53	64	34
56	64	34
59	65	34
61	65	34
64	65	34
67	64	34
74	65	35
78	60	32
78	55	29
77	47	25
77	40	21
-95	20	11
-90	22	12
-88	23	12
-87	25	13
-87	27	14
-87	31	17
-87	33	18
-87	38	20
-89	41	22
-88	42	22
-87	44	23
-86	49	26
-88	55	29
-85	55	29
-89	64	34
-87	65	35
-83	65	35
-79	65	34
-75	65	35
-72	65	34
-68	65	34
-54	57	30
-51	64	34
-49	64	34
-47	64	34
-44	64	34
-43	64	34
-40	64	34
-38	64	34
-36	64	34
-34	64	34
-32	64	34
-30	64	34
-28	64	34
-26	64	34
-25	64	34
-23	64	34
-21	64	34
-20	64	34
-18	64	34
-16	64	34
-15	63	34
-13	64	34
-12	63	34
-10	63	34
-8	64	34
-7	64	34
-5	63	34
-4	63	34
-2	63	34
-1	63	34
1	63	34
2	63	34
4	63	34
5	63	34
7	63	34
8	64	34
10	63	34
11	63	34
13	64	34
14	64	34
16	64	34
17	63	34
19	63	34
21	63	34
22	63	34
24	63	34
26	63	34
27	64	34
29	64	34
31	64	34
33	63	34
35	64	34
37	64	34
39	64	34
41	64	34
43	64	34
45	64	34
47	64	34
49	64	34
52	64	34
54	64	34
57	64	34
59	64	34
62	65	34
65	65	34
75	65	35
78	62	33
78	54	29
78	49	26
77	46	25
77	39	21
-94	21	11
-90	22	12
-88	23	12
-87	25	13
-87	27	14
-87	31	17
-87	33	18
-87	38	20
-88	43	23
-86	44	24
-86	49	26
-88	55	29
-88	64	34
-87	65	35
-82	65	35
-78	65	34
-74	65	34
-71	64	34
-68	64	34
-55	63	34
-54	65	34
-51	64	34
-48	64	34
-46	64	34
-44	64	34
-42	64	34
-40	64	34
-37	64	34
-35	64	34
-33	64	34
-31	64	34
-30	64	34
-28	64	34
-26	64	34
-24	64	34
-22	64	34
-21	64	34
-19	63	34
-17	64	34
-16	64	34
-14	64	34
-12	64	34
-11	63	34
-10	64	34
-8	64	34
-6	64	34
-5	63	34
-3	63	34
-2	63	34
0	63	34
1	63	34
3	63	34
5	63	34
6	63	34
7	63	34
9	63	34
11	63	34
12	63	34
14	63	34
15	64	34
17	64	34
18	63	34
20	63	34
22	63	34
23	63	34
25	63	34
27	64	34
28	64	34
30	64	34
32	64	34
34	64	34
36	64	34
38	64	34
40	64	34
42	64	34
44	64	34
46	64	34
49	64	34
51	64	34
53	64	34
56	64	34
59	65	34
61	65	34
64	64	34
67	65	34
74	66	35
78	60	32
78	55	29
77	47	25
77	40	21
-97	19	8
-93	20	9
-89	22	9
-89	24	10
-88	26	11
-88	28	12
-87	32	14
-88	36	16
-87	38	17
-87	42	19
-88	48	21
-87	50	22
-88	55	24
-93	64	28
-89	64	28
-84	64	28
-81	64	28
-77	64	28
-73	64	28
-70	64	28
-66	64	28
-55	63	28
-52	64	28
-50	64	28
-48	63	28
-45	63	28
-43	64	28
-41	63	28
-39	63	28
-37	63	28
-35	63	28
-33	63	28
-31	63	28
-29	63	27
-27	63	27
-26	63	27
-24	62	27
-22	63	27
-21	62	27
-19	62	27
-17	62	27
-16	62	27
-14	62	27
-13	63	27
-11	63	27
-10	63	28
-9	64	28
-7	63	28
-5	63	27
-4	63	27
-2	62	27
-1	63	27
0	62	27
2	63	27
3	63	27
5	63	27
6	63	27
8	62	27
9	63	27
11	62	27
12	63	27
14	63	27
15	62	27
17	62	27
18	63	27
20	63	27
21	63	27
23	63	28
25	63	27
26	63	27
28	63	28
30	63	28
31	63	27
33	63	28
35	63	27
37	63	28
39	63	28
41	63	28
43	63	28
45	63	28
41	55	24
43	55	24
44	53	23
46	53	23
59	64	28
62	64	28
65	64	28
74	64	28
78	62	27
77	53	23
79	49	21
77	46	20
76	40	18
77	39	17
-98	18	8
-94	20	9
-90	21	9
-89	23	10
-89	25	11
-88	27	12
-88	31	14
-87	33	15
-87	37	16
-88	42	19
-87	44	19
-87	49	22
-88	55	24
-90	64	28
-86	64	28
-81	64	28
-78	64	28
-74	64	28
-71	64	28
-67	64	28
-56	64	28
-53	63	28
-50	63	28
-48	63	28
-45	63	28
-43	63	28
-41	63	28
-39	63	28
-37	63	28
-35	63	28
-33	63	28
-31	63	28
-29	63	28
-28	63	28
-26	63	27
-24	63	27
-22	63	27
-21	62	27
-19	62	27
-17	62	27
-16	62	27
-14	62	27
-13	63	27
-12	63	27
-10	64	28
-9	64	28
-7	64	28
-5	63	27
-4	63	27
-3	62	27
-1	63	27
0	62	27
2	63	27
3	63	27
5	63	27
6	63	27
8	63	27
9	63	27
10	63	27
12	63	27
14	63	27
15	63	27
16	63	27
18	63	27
20	63	27
21	63	27
23	63	28
24	63	27
26	63	27
28	63	28
30	63	28
31	63	27
33	63	28
35	63	28
37	63	28
39	63	28
41	63	28
43	63	28
45	63	28
41	55	24
42	54	23
44	53	23
46	53	23
59	64	28
62	64	28
65	64	28
74	64	28
78	62	27
77	53	23
78	48	21
77	46	20
78	42	18
77	38	17
-94	20	9
-90	21	9
-89	23	10
-89	25	11
-88	27	12
-88	31	14
-88	33	15
-87	37	16
-88	42	18
-87	44	19
-87	49	21
-88	55	24
-90	65	28
-86	64	28
-82	64	28
-78	64	28
-74	64	28
-71	64	28
-67	64	28
-56	64	28
-53	64	28
-50	63	28
-48	63	28
-46	63	28
-44	63	28
-42	64	28
-39	63	28
-37	63	28
-35	63	28
-33	63	28
-32	63	28
-30	63	28
-28	63	28
-26	63	28
-24	63	27
-23	63	28
-21	63	27
-19	62	27
-18	62	27
-16	62	27
-15	62	27
-13	63	27
-12	63	27
-10	63	27
-9	64	28
-7	64	28
-6	63	28
-4	63	27
-3	63	27
-1	63	27
0	63	27
1	63	27
3	63	27
4	63	28
6	63	27
7	63	28
9	63	28
10	63	27
12	63	27
13	63	27
15	63	27
16	63	27
18	63	28
19	63	28
21	63	28
23	63	28
24	63	27
26	63	28
28	63	28
29	63	28
31	63	27
33	63	28
35	63	28
37	63	28
39	63	28
40	63	28
42	63	28
44	64	28
43	59	26
42	54	24
43	52	23
46	54	24
59	64	28
61	64	28
64	64	28
65	62	27
74	65	28
80	64	28
78	60	26
78	54	24
77	46	20
77	39	17
-96	19	8
-91	21	9
-89	22	10
-89	24	11
-88	26	11
-89	30	13
-88	32	14
-88	37	16
-87	39	17
-87	43	19
-87	48	21
-88	54	24
-88	56	25
-92	64	28
-88	65	28
-83	65	28
-79	64	28
-76	64	28
-72	64	28
-69	64	28
-66	64	28
-54	64	28
-52	64	28
-49	64	28
-47	63	28
-45	63	28
-42	64	28
-40	63	28
-38	63	28
-36	63	28
-34	63	28
-32	63	28
-30	63	28
-29	63	28
-27	63	27
-25	63	28
-23	63	27
-22	63	27
-20	62	27
-18	63	27
-17	62	27
-15	62	27
-14	63	27
-12	63	28
-11	63	28
-9	63	28
-8	64	28
-6	63	28
-5	63	27
-3	63	27
-2	63	27
0	63	27
1	63	27
3	63	27
4	63	27
5	63	27
7	63	28
8	63	27
10	63	27
11	62	27
13	63	27
14	63	27
16	62	27
17	63	27
19	63	28
21	63	28
22	63	28
24	63	27
25	63	28
27	63	28
29	63	27
30	63	28
32	63	28
34	63	28
36	63	28
38	63	28
40	64	28
42	63	28
44	63	28
44	60	26
43	57	25
44	55	24
45	54	23
59	65	28
61	64	28
64	64	28
66	64	28
73	65	28
76	64	28
78	60	26
78	55	24
78	53	23
78	47	21
77	40	18
77	38	16
-96	19	8
-91	21	9
-89	22	10
-88	24	10
-88	26	11
-89	30	13
-87	32	14
-88	36	16
-86	38	17
-87	43	19
-88	48	21
-87	50	22
-89	54	24
-88	56	25
-92	65	28
-88	64	28
-84	64	28
-80	64	28
-76	64	28
-72	64	28
-69	64	28
-66	64	28
-54	64	28
-52	64	28
-49	64	28
-47	63	28
-45	63	28
-43	63	28
-40	63	28
-38	63	28
-36	63	28
-34	63	28
-32	63	28
-31	63	28
-29	63	28
-27	63	27
-25	63	27
-23	63	27
-22	62	27
-20	62	27
-19	62	27
-17	62	27
-15	62	27
-14	62	27
-12	63	27
-11	63	27
-10	64	28
-8	63	28
-6	63	28
-5	62	27
-3	62	27
-2	63	27
-1	62	27
1	63	27
2	62	27
4	62	27
5	63	27
7	63	27
8	62	27
9	63	27
11	62	27
13	63	27
14	63	27
15	62	27
17	63	27
19	63	27
20	63	27
22	63	27
23	63	28
25	63	27
27	63	28
28	63	28
30	63	27
32	63	27
34	63	28
36	63	28
37	63	28
39	63	28
41	63	28
43	63	28
46	63	28
43	57	25
43	54	23
44	53	23
60	64	28
63	64	28
66	64	28
75	64	28
78	61	27
78	55	24
78	52	23
78	48	21
77	45	20
78	41	18
77	38	17
79	35	15
-96	19	8
-91	21	9
-89	22	10
-88	24	10
-88	26	11
-89	30	13
-87	32	14
-88	37	16
-86	38	17
-87	43	19
-88	48	21
-87	50	22
-89	54	24
-88	56	24
-92	65	28
-88	64	28
-84	64	28
-80	64	28
-76	64	28
-73	64	28
-69	64	28
-66	64	28
-55	64	28
-52	64	28
-50	64	28
-47	63	28
-45	63	28
-43	63	28
-41	63	28
-39	63	28
-36	63	28
-35	63	28
-33	63	28
-31	63	28
-29	63	28
-27	63	27
-25	63	27
-24	62	27
-22	62	27
-20	62	27
-19	62	27
-17	62	27
-15	62	27
-14	62	27
-13	63	27
-11	63	27
-10	64	28
-8	63	28
-7	63	28
-5	62	27
-4	63	27
-2	63	27
-1	62	27
1	62	27
2	62	27
4	62	27
5	63	27
6	63	27
8	62	27
9	62	27
11	62	27
12	63	27
14	63	27
15	62	27
17	63	27
18	63	27
20	63	27
22	63	27
23	63	28
25	63	28
27	63	28
28	63	28
30	63	27
32	63	28
33	63	27
35	63	28
37	63	28
39	63	28
41	63	28
43	63	28
45	63	28
42	55	24
43	54	24
44	52	23
60	64	28
62	64	28
65	64	28
75	64	28
78	61	27
81	58	25
78	53	23
78	48	21
77	45	20
78	41	18
77	38	17
-96	19	8
-92	20	9
-89	22	10
-88	24	10
-88	26	11
-88	30	13
-87	32	14
-88	34	15
-88	36	16
-86	38	17
-87	43	19
-88	48	21
-87	50	22
-88	56	24
-93	64	28
-88	64	28
-84	64	28
-80	64	28
-76	64	28
-72	64	28
-69	64	28
-66	64	28
-55	64	28
-52	63	28
-49	63	28
-47	63	28
-45	63	28
-43	63	28
-41	63	28
-39	63	28
-37	63	28
-34	63	28
-32	63	27
-31	63	28
-29	63	28
-27	63	27
-25	63	27
-24	62	27
-22	62	27
-20	62	27
-19	62	27
-17	62	27
-15	62	27
-14	62	27
-12	63	27
-11	62	27
-10	63	28
-8	63	28
-7	63	28
-5	62	27
-4	62	27
-2	63	27
-1	62	27
1	62	27
2	62	27
4	62	27
5	63	27
7	63	27
8	62	27
9	63	27
11	62	27
12	62	27
14	62	27
15	62	27
17	63	27
18	63	27
20	63	27
22	63	27
23	63	27
25	63	28
27	63	28
28	63	27
30	63	27
32	63	27
33	63	27
36	63	28
37	63	28
39	63	28
41	63	28
43	63	28
45	63	28
42	56	24
43	54	24
44	53	23
60	64	28
63	64	28
65	64	28
75	64	28
78	60	26
78	55	24
78	52	23
78	48	21
77	45	20
78	40	18
77	38	17
78	34	15
-94	20	9
-90	21	9
-89	23	10
-88	25	11
-88	27	12
-87	31	13
-87	33	14
-86	37	16
-85	39	17
-88	42	18
-87	44	19
-86	49	21
-88	55	24
-90	64	28
-85	64	28
-81	64	28
-78	64	28
-74	64	28
-70	64	28
-67	64	28
-56	64	28
-53	64	28
-50	63	28
-48	63	28
-46	63	28
-43	63	28
-41	63	28
-39	63	28
-37	63	28
-35	63	28
-33	63	27
-31	63	28
-30	63	28
-28	63	28
-26	63	27
-24	63	27
-23	63	27
-21	63	27
-19	62	27
-18	62	27
-16	62	27
-14	62	27
-13	62	27
-12	63	27
-10	63	28
-9	63	28
-7	63	28
-6	63	28
-4	62	27
-3	62	27
-1	62	27
0	62	27
2	63	27
3	63	27
5	63	27
6	63	27
7	63	27
9	62	27
10	62	27
12	62	27
13	62	27
15	62	27
16	63	27
18	63	27
19	63	27
21	62	27
23	63	27
24	63	27
26	63	27
28	63	27
29	63	28
31	63	28
33	63	28
35	63	27
37	63	28
38	63	27
41	63	28
43	63	28
45	63	28
42	56	25
43	54	24
44	53	23
45	53	23
59	64	28
62	64	28
65	64	28
74	64	28
78	62	27
77	53	23
78	49	21
77	45	20
78	42	18
77	39	17
-95	18	6
-91	20	7
-90	22	8
-89	24	8
-89	26	9
-88	30	10
-87	32	11
-87	33	12
-89	36	13
-87	38	13
-85	40	14
-87	43	15
-87	48	17
-89	54	19
-88	56	19
-92	64	22
-87	64	22
-83	64	22
-79	64	22
-76	64	22
-72	63	22
-68	63	22
-51	63	22
-49	63	22
-47	63	22
-45	63	22
-42	63	22
-40	63	22
-38	63	22
-36	62	22
-34	62	22
-32	62	22
-30	62	22
-29	62	22
-27	62	22
-25	62	22
-24	62	22
-22	62	21
-20	62	22
-19	62	21
-17	62	22
-16	62	21
-14	62	22
-13	62	21
-11	62	22
-10	62	21
-8	62	22
-7	62	22
-6	62	22
-4	62	21
-3	62	22
-1	62	22
0	62	21
2	62	21
3	62	21
4	62	21
6	62	21
7	62	22
9	62	21
10	62	22
11	62	21
13	62	22
14	62	22
16	62	22
17	62	22
19	62	22
20	62	22
22	62	22
23	62	22
25	62	22
27	62	22
28	62	22
30	62	22
32	62	22
33	62	22
35	62	22
37	62	22
39	62	22
41	62	22
43	63	22
41	56	20
41	53	18
42	52	18
43	51	18
45	51	18
62	63	22
65	63	22
75	64	22
78	61	21
78	55	19
77	52	18
78	47	16
77	44	15
78	40	14
77	38	13
78	34	12
79	32	11
-98	17	6
-94	19	6
-90	20	7
-89	22	8
-89	24	8
-88	26	9
-86	27	9
-88	30	10
-87	32	11
-86	34	12
-87	37	13
-87	38	13
-87	43	15
-87	48	17
-89	54	19
-91	64	22
-87	64	22
-83	64	22
-79	64	22
-75	64	22
-71	63	22
-68	64	22
-53	62	22
-51	63	22
-49	63	22
-46	63	22
-44	63	22
-42	63	22
-40	63	22
-38	63	22
-36	63	22
-34	63	22
-32	63	22
-30	62	22
-28	62	22
-27	62	22
-25	62	22
-23	62	22
-22	62	21
-20	62	22
-19	62	21
-17	62	22
-15	62	22
-14	62	22
-13	62	21
-11	62	22
-10	62	22
-8	62	22
-7	63	22
-5	62	22
-4	62	21
-3	62	22
-1	62	22
0	62	21
2	62	21
3	62	21
4	62	21
6	62	21
7	62	21
9	62	21
10	62	21
12	62	21
13	62	22
15	62	22
16	62	22
17	62	22
19	62	22
21	62	22
22	62	22
24	62	22
25	62	22
27	62	22
29	62	22
30	62	22
32	62	22
34	62	22
36	62	22
38	62	22
39	62	22
41	62	22
43	62	22
41	56	20
41	53	18
42	52	18
43	51	18
45	51	18
63	63	22
65	63	22
67	62	22
75	63	22
77	60	21
78	55	19
77	52	18
78	47	16
77	44	15
77	40	14
77	37	13
78	34	12
-95	18	6
-91	20	7
-90	21	7
-89	23	8
-88	25	9
-88	27	10
-88	32	11
-85	33	11
-88	36	13
-87	38	13
-87	42	15
-88	48	17
-87	50	17
-89	54	19
-88	56	19
-93	64	22
-88	64	22
-83	64	22
-80	64	22
-76	64	22
-73	64	22
-69	63	22
-52	63	22
-49	63	22
-47	63	22
-45	63	22
-43	63	22
-40	63	22
-38	63	22
-36	63	22
-34	63	22
-32	63	22
-31	63	22
-29	62	22
-27	62	22
-25	62	22
-24	62	22
-22	62	22
-20	62	22
-19	62	21
-17	62	22
-16	62	22
-14	62	22
-13	62	21
-11	62	22
-10	62	22
-8	62	22
-7	63	22
-6	62	22
-4	62	21
-3	62	22
-1	62	22
0	62	21
1	62	21
3	62	22
5	62	21
6	62	22
7	62	22
9	62	21
10	62	21
11	62	22
13	62	22
14	62	22
16	62	21
17	62	22
19	62	22
20	62	22
22	62	22
24	62	22
25	62	22
27	62	22
29	62	22
30	62	22
32	62	22
34	62	22
36	62	22
37	62	22
39	62	22
41	62	22
43	63	22
41	56	20
41	53	18
42	52	18
43	51	18
45	51	18
63	63	22
65	63	22
75	63	22
77	60	21
78	55	19
78	52	18
78	47	16
77	45	15
77	40	14
77	37	13
78	34	12
-96	18	6
-92	19	7
-90	21	7
-89	23	8
-89	25	9
-89	27	9
-88	31	11
-87	33	11
-89	36	12
-87	37	13
-86	39	14
-87	42	15
-88	47	16
-87	49	17
-89	55	19
-85	56	19
-93	64	22
-89	64	22
-84	64	22
-80	64	22
-76	64	22
-73	64	22
-70	64	22
-52	63	22
-50	63	22
-47	63	22
-45	63	22
-43	63	22
-41	63	22
-39	63	22
-37	63	22
-35	62	22
-33	62	22
-31	63	22
-29	62	22
-27	62	22
-26	63	22
-24	62	22
-22	62	22
-21	62	22
-19	62	21
-18	62	21
-16	62	22
-15	62	21
-13	62	21
-12	62	22
-10	62	21
-9	62	22
-7	63	22
-6	63	22
-4	62	22
-3	62	22
-2	62	22
0	62	21
1	62	21
3	62	22
4	62	22
5	62	21
7	62	22
8	62	22
10	62	22
11	62	22
13	62	22
14	62	21
16	62	22
17	62	22
18	62	22
20	62	22
22	62	22
23	62	22
25	62	22
26	62	22
28	62	22
30	62	22
32	62	22
33	62	22
35	62	22
37	62	22
39	63	22
41	63	22
43	63	22
40	56	19
41	54	19
42	52	18
43	51	18
44	51	18
62	63	22
65	63	22
74	64	22
78	61	21
77	52	18
78	48	17
77	45	16
78	41	14
77	38	13
77	34	12
77	32	11
-98	17	6
-94	19	7
-91	20	7
-89	22	8
-89	24	8
-89	26	9
-89	31	11
-88	32	11
-87	36	13
-88	39	14
-88	41	14
-87	43	15
-87	48	17
-89	55	19
-83	56	19
-91	64	22
-86	64	22
-82	64	22
-78	64	22
-75	64	22
-71	64	22
-68	64	22
-54	64	22
-51	63	22
-48	63	22
-46	63	22
-44	63	22
-42	63	22
-40	63	22
-38	63	22
-36	63	22
-34	63	22
-32	62	22
-30	63	22
-28	62	22
-26	62	22
-25	62	22
-23	62	22
-21	62	22
-20	62	22
-18	62	22
-17	62	22
-15	62	22
-14	62	22
-12	62	22
-11	62	22
-9	62	22
-8	62	22
-7	63	22
-5	62	22
-4	62	22
-2	62	22
-1	62	21
1	62	22
2	62	22
3	62	22
5	62	22
6	62	22
8	62	22
9	62	21
11	62	22
12	62	22
13	62	22
15	62	22
16	62	22
18	62	22
20	62	22
21	62	22
23	62	22
24	62	22
26	63	22
28	62	22
29	62	22
31	63	22
33	63	22
34	62	22
36	62	22
38	63	22
40	62	22
42	63	22
40	56	19
41	55	19
41	53	18
42	51	18
44	51	18
61	63	22
64	64	22
64	61	21
74	64	22
77	59	20
77	53	19
77	46	16
77	39	13
77	33	11
-98	17	6
-94	19	6
-91	20	7
-90	22	8
-89	24	8
-89	26	9
-85	27	9
-89	30	11
-88	32	11
-86	33	12
-87	36	13
-87	39	13
-87	41	14
-87	43	15
-87	48	17
-89	55	19
-83	56	19
-91	64	22
-86	64	22
-82	64	22
-78	64	22
-75	64	22
-71	64	22
-68	64	22
-54	64	22
-51	63	22
-49	63	22
-46	63	22
-44	63	22
-42	63	22
-40	63	22
-38	63	22
-36	63	22
-34	63	22
-32	63	22
-30	63	22
-28	62	22
-26	62	22
-25	62	22
-23	62	22
-22	62	22
-20	62	22
-18	62	22
-17	62	22
-15	62	22
-14	62	22
-12	62	22
-11	62	22
-9	62	21
-8	62	22
-7	63	22
-5	62	22
-4	62	22
-2	62	22
-1	62	21
1	62	22
2	62	22
3	62	22
5	62	22
6	62	22
8	62	22
9	62	21
10	62	21
12	62	22
13	62	22
15	62	22
16	62	22
18	62	22
19	62	22
21	62	22
22	62	22
24	62	22
26	63	22
27	63	22
29	62	22
31	62	22
32	63	22
34	62	22
36	63	22
38	63	22
40	62	22
42	63	22
44	63	22
41	56	19
41	53	18
42	51	18
43	51	18
61	63	22
64	63	22
66	63	22
73	64	22
78	59	21
78	54	19
77	46	16
77	39	14
77	33	11
-97	18	6
-93	19	7
-90	21	7
-89	23	8
-89	25	9
-89	27	9
-88	29	10
-88	31	11
-87	33	11
-87	37	13
-88	42	15
-87	44	15
-88	47	16
-87	49	17
-88	55	19
-85	56	19
-93	64	22
-89	64	22
-84	64	22
-80	64	22
-76	63	22
-73	64	22
-70	64	22
-52	63	22
-49	63	22
-47	63	22
-45	63	22
-43	63	22
-41	63	22
-39	63	22
-37	63	22
-35	62	22
-33	63	22
-31	63	22
-29	63	22
-27	62	22
-26	62	22
-24	62	22
-22	62	22
-20	62	21
-19	62	21
-18	62	22
-16	62	21
-14	62	22
-13	62	21
-12	62	22
-10	62	21
-9	62	22
-7	63	22
-6	63	22
-4	62	21
-3	62	22
-1	62	21
0	62	22
1	62	21
3	62	21
4	62	21
6	62	21
7	62	22
8	62	21
10	62	22
11	62	22
13	62	22
14	62	21
16	62	22
17	62	22
19	62	22
20	62	22
22	62	22
23	62	22
25	62	22
27	62	22
29	63	22
30	62	22
32	62	22
34	62	22
35	62	22
37	62	22
39	62	22
41	62	22
43	63	22
41	56	19
41	53	19
42	52	18
43	51	18
45	51	18
62	63	22
65	63	22
75	63	22
78	60	21
78	55	19
78	52	18
78	47	16
78	45	16
78	40	14
77	38	13
78	34	12
-98	17	6
-94	19	7
-90	20	7
-89	22	8
-89	24	8
-89	26	9
-86	28	10
-89	31	11
-88	32	11
-87	37	13
-88	42	14
-87	44	15
-87	49	17
-89	55	19
-94	64	22
-89	64	22
-85	64	22
-81	64	22
-77	64	22
-74	64	22
-70	63	22
-67	64	22
-53	64	22
-50	63	22
-48	63	22
-45	63	22
-43	63	22
-41	63	22
-39	63	22
-37	63	22
-35	62	22
-33	62	22
-31	63	22
-30	62	22
-28	62	22
-26	62	22
-24	62	22
-22	62	21
-21	62	21
-19	62	21
-18	62	22
-16	62	21
-15	62	21
-13	62	21
-12	62	22
-10	62	21
-9	62	21
-7	62	22
-6	62	22
-4	62	21
-3	62	22
-2	62	21
0	62	21
1	62	21
3	62	21
4	62	21
6	62	21
7	62	21
8	62	22
10	62	21
11	62	21
12	62	22
14	62	21
15	62	22
17	62	22
19	62	22
20	62	22
21	62	22
23	62	22
25	62	22
26	62	22
28	63	22
30	62	22
32	62	22
33	62	22
35	62	22
37	62	22
39	63	22
41	63	22
43	63	22
42	58	20
41	54	19
42	52	18
43	51	18
44	51	18
62	63	22
65	63	22
74	64	22
78	61	21
77	52	18
78	48	17
77	45	16
78	41	14
77	38	13
78	34	12
77	32	11
-95	17	4
-92	18	5
-91	20	5
-90	22	6
-90	24	6
-89	26	7
-88	28	7
-89	31	8
-86	32	8
-87	34	9
-88	37	10
-86	38	10
-88	42	11
-87	44	11
-88	49	13
-88	54	14
-88	57	15
-93	63	16
-89	63	16
-84	63	16
-80	63	16
-77	63	16
-73	63	16
-69	63	16
-52	63	16
-50	62	16
-47	62	16
-45	62	16
-43	62	16
-41	62	16
-39	62	16
-36	62	16
-35	62	16
-33	62	16
-31	62	16
-29	62	16
-27	61	16
-25	61	16
-24	61	16
-22	61	16
-21	61	16
-19	62	16
-18	62	16
-16	62	16
-15	62	16
-13	61	16
-12	61	16
-10	61	16
-9	61	16
-8	61	16
-6	61	16
-5	61	16
-3	61	16
-2	61	16
0	61	16
1	61	16
2	61	16
4	61	16
5	61	16
6	61	16
8	61	16
9	61	16
10	61	16
12	61	16
13	61	16
15	61	16
16	61	16
18	61	16
19	62	16
21	61	16
22	61	16
24	61	16
25	61	16
27	61	16
28	61	16
30	61	16
32	62	16
34	62	16
35	62	16
37	61	16
39	62	16
41	61	16
41	58	15
40	54	14
40	52	13
41	51	13
43	50	13
44	50	13
62	62	16
65	62	16
74	63	16
78	60	16
78	55	14
77	51	13
78	47	12
77	44	11
78	40	10
76	37	10
76	31	8
-97	16	4
-94	18	5
-91	19	5
-90	21	5
-90	23	6
-89	25	7
-89	27	7
-89	29	8
-88	31	8
-86	33	8
-89	36	9
-88	38	10
-86	39	10
-87	42	11
-87	45	12
-88	53	14
-91	63	16
-87	63	16
-83	63	16
-78	63	16
-75	63	16
-71	63	16
-68	63	16
-54	63	16
-51	62	16
-49	62	16
-46	62	16
-44	62	16
-42	62	16
-40	62	16
-38	62	16
-36	62	16
-34	62	16
-32	62	16
-30	62	16
-29	62	16
-27	61	16
-25	61	16
-23	61	16
-22	61	16
-20	62	16
-19	62	16
-17	62	16
-16	62	16
-14	61	16
-13	61	16
-11	62	16
-10	62	16
-9	61	16
-7	61	16
-6	61	16
-4	61	16
-3	61	16
-1	61	16
0	61	16
1	61	16
3	61	16
4	61	16
5	61	16
7	61	16
8	61	16
10	61	16
11	61	16
12	61	16
14	61	16
15	61	16
17	61	16
18	62	16
20	61	16
21	61	16
23	61	16
24	61	16
26	62	16
28	62	16
29	61	16
31	61	16
32	61	16
34	62	16
36	62	16
38	61	16
40	62	16
42	62	16
40	56	14
40	53	14
41	52	13
42	50	13
43	50	13
45	50	13
63	62	16
66	62	16
73	63	16
78	58	15
77	53	14
77	45	12
77	38	10
76	32	8
77	30	8
-99	15	4
-95	17	4
-92	19	5
-91	21	5
-90	23	6
-90	25	6
-89	27	7
-85	28	7
-89	31	8
-86	32	8
-89	35	9
-88	37	10
-88	42	11
-87	44	11
-88	50	13
-89	53	14
-88	55	14
-87	57	15
-93	63	16
-88	63	16
-84	63	16
-80	63	16
-76	63	16
-72	63	16
-69	63	16
-52	62	16
-49	62	16
-47	62	16
-45	62	16
-43	62	16
-40	62	16
-39	62	16
-36	62	16
-34	62	16
-33	62	16
-31	62	16
-29	62	16
-27	62	16
-25	61	16
-24	61	16
-22	61	16
-21	61	16
-19	62	16
-18	62	16
-16	62	16
-15	62	16
-13	61	16
-12	62	16
-10	62	16
-9	62	16
-8	61	16
-6	61	16
-5	61	16
-3	61	16
-2	61	16
-1	61	16
1	61	16
2	61	16
4	61	16
5	61	16
6	61	16
8	61	16
9	61	16
10	61	16
12	61	16
13	61	16
15	61	16
16	61	16
18	62	16
19	61	16
21	61	16
22	61	16
24	61	16
25	61	16
27	61	16
28	61	16
30	62	16
32	62	16
34	61	16
36	62	16
37	62	16
39	62	16
41	62	16
41	58	15
40	54	14
40	52	13
41	51	13
42	50	13
44	50	13
62	62	16
65	62	16
74	63	16
78	60	15
78	55	14
77	51	13
78	47	12
77	44	11
78	40	10
77	37	10
78	33	9
76	31	8
-99	15	4
-95	17	4
-92	18	5
-91	20	5
-91	22	6
-90	24	6
-90	26	7
-89	31	8
-86	32	8
-88	37	10
-88	42	11
-87	44	11
-88	49	13
-88	54	14
-86	56	14
-93	63	16
-89	63	16
-84	63	16
-81	63	16
-76	63	16
-73	63	16
-70	63	16
-52	62	16
-50	62	16
-47	62	16
-45	62	16
-43	62	16
-41	62	16
-39	62	16
-37	62	16
-35	62	16
-33	62	16
-31	62	16
-29	62	16
-28	61	16
-26	61	16
-24	61	16
-23	61	16
-21	61	16
-20	62	16
-18	62	16
-17	62	16
-15	62	16
-14	62	16
-12	62	16
-11	62	16
-9	62	16
-8	61	16
-6	61	16
-5	61	16
-4	61	16
-2	61	16
-1	61	16
0	61	16
2	61	16
3	61	16
5	61	16
6	61	16
7	61	16
9	61	16
10	61	16
12	61	16
13	61	16
14	61	16
16	61	16
17	61	16
19	62	16
20	62	16
22	61	16
23	62	16
25	62	16
27	62	16
28	61	16
30	62	16
32	62	16
33	62	16
35	62	16
37	62	16
39	62	16
41	62	16
43	62	16
40	55	14
40	52	14
41	51	13
42	50	13
44	50	13
46	50	13
65	63	16
65	61	16
74	63	16
78	61	16
77	52	13
79	48	13
77	45	12
78	41	11
76	38	10
65	30	8
77	31	8
77	30	8
-99	15	4
-95	17	4
-91	19	5
-91	21	5
-91	23	6
-90	25	6
-89	27	7
-85	28	7
-89	31	8
-85	32	8
-89	35	9
-88	37	10
-88	42	11
-87	44	11
-88	50	13
-88	55	14
-93	63	16
-88	63	16
-84	63	16
-80	63	16
-76	63	16
-72	63	16
-69	63	16
-52	63	16
-50	62	16
-47	62	16
-45	62	16
-43	62	16
-41	62	16
-39	62	16
-37	62	16
-35	62	16
-33	62	16
-31	62	16
-29	62	16
-27	61	16
-26	61	16
-24	61	16
-23	61	16
-21	62	16
-20	62	16
-18	62	16
-17	62	16
-15	62	16
-13	62	16
-12	62	16
-11	62	16
-9	61	16
-8	61	16
-6	61	16
-5	61	16
-4	62	16
-2	61	16
-1	61	16
1	61	16
2	61	16
3	61	16
5	61	16
6	61	16
7	61	16
9	61	16
10	61	16
12	61	16
13	61	16
14	61	16
16	61	16
17	62	16
19	62	16
20	62	16
22	62	16
23	61	16
25	62	16
27	62	16
28	62	16
30	62	16
32	62	16
34	62	16
35	62	16
37	62	16
39	62	16
41	62	16
42	61	16
40	55	14
40	52	14
41	51	13
42	50	13
44	50	13
62	62	16
65	63	16
74	63	16
78	60	16
77	52	13
78	47	12
77	44	12
78	41	11
77	37	10
65	30	8
77	31	8
77	30	8
-98	16	4
-94	18	5
-91	19	5
-91	21	6
-90	23	6
-90	25	7
-87	31	8
-85	32	8
-89	36	9
-88	38	10
-87	43	11
-87	45	12
-88	53	14
-91	63	16
-87	63	16
-83	63	16
-79	63	16
-75	63	16
-72	63	16
-68	63	16
-54	63	16
-51	62	16
-49	62	16
-46	62	16
-44	62	16
-42	62	16
-40	62	16
-38	62	16
-36	62	16
-34	62	16
-32	62	16
-30	62	16
-29	62	16
-27	61	16
-25	62	16
-24	61	16
-22	61	16
-20	61	16
-19	62	16
-18	62	16
-16	62	16
-15	62	16
-13	62	16
-12	62	16
-10	61	16
-9	62	16
-7	62	16
-6	61	16
-4	61	16
-3	62	16
-2	61	16
0	61	16
1	61	16
2	61	16
4	61	16
5	61	16
6	61	16
8	61	16
9	61	16
11	62	16
12	61	16
13	61	16
15	62	16
16	61	16
18	61	16
19	62	16
21	61	16
22	61	16
24	61	16
25	61	16
27	62	16
29	61	16
30	62	16
32	62	16
34	62	16
36	62	16
37	62	16
40	62	16
41	62	16
41	57	15
40	54	14
41	52	14
41	51	13
42	50	13
44	50	13
63	63	16
65	62	16
75	63	16
77	59	15
78	54	14
77	51	13
78	47	12
77	44	11
78	40	10
77	37	10
77	33	9
77	31	8
-98	16	4
-94	18	5
-91	19	5
-91	21	6
-90	23	6
-90	25	7
-89	27	7
-88	31	8
-86	33	8
-89	36	9
-88	38	10
-87	42	11
-87	45	12
-89	53	14
-86	55	14
-91	63	16
-87	63	16
-83	63	16
-79	63	16
-75	63	16
-72	63	16
-68	63	16
-54	63	16
-51	62	16
-49	62	16
-47	62	16
-44	62	16
-42	62	16
-40	62	16
-38	62	16
-36	62	16
-34	62	16
-32	62	16
-30	62	16
-29	62	16
-27	61	16
-25	61	16
-24	61	16
-22	61	16
-21	61	16
-19	62	16
-18	62	16
-16	62	16
-14	61	16
-13	61	16
-12	62	16
-10	61	16
-9	62	16
-7	62	16
-6	61	16
-4	61	16
-3	61	16
-2	61	16
0	61	16
1	61	16
3	61	16
4	61	16
5	61	16
7	61	16
8	61	16
9	61	16
11	62	16
12	61	16
14	61	16
15	61	16
16	62	16
18	61	16
19	62	16
21	61	16
23	61	16
24	61	16
25	61	16
27	61	16
29	61	16
31	62	16
32	61	16
34	62	16
36	62	16
38	62	16
40	62	16
42	62	16
40	57	15
40	53	14
40	52	13
42	50	13
43	50	13
44	50	13
63	62	16
66	62	16
66	60	16
75	65	17
75	63	16
77	59	15
78	54	14
77	51	13
77	46	12
77	37	10
78	33	9
77	30	8
-98	15	4
-95	17	4
-91	19	5
-90	21	5
-90	23	6
-90	25	6
-89	27	7
-88	29	7
-89	31	8
-85	32	8
-89	36	9
-88	38	10
-88	42	11
-87	44	11
-88	50	13
-89	53	14
-88	55	14
-92	63	16
-88	63	16
-83	63	16
-80	63	16
-76	63	16
-72	63	16
-69	63	16
-52	62	16
-49	62	16
-47	62	16
-45	62	16
-42	62	16
-40	62	16
-38	62	16
-36	62	16
-34	62	16
-32	62	16
-31	62	16
-29	61	16
-27	62	16
-25	61	16
-24	62	16
-22	61	16
-21	61	16
-19	62	16
-18	62	16
-16	62	16
-15	62	16
-13	61	16
-12	62	16
-10	62	16
-9	62	16
-7	62	16
-6	61	16
-5	61	16
-3	62	16
-2	61	16
0	62	16
1	61	16
2	61	16
4	61	16
5	61	16
7	62	16
8	61	16
9	61	16
11	62	16
12	61	16
13	61	16
15	61	16
16	61	16
18	62	16
19	61	16
21	61	16
22	61	16
24	61	16
25	61	16
27	62	16
29	61	16
30	62	16
32	62	16
34	61	16
36	62	16
38	62	16
40	62	16
42	62	16
40	57	15
40	54	14
40	52	13
41	51	13
43	50	13
44	50	13
63	63	16
65	62	16
75	63	16
77	59	15
78	54	14
77	51	13
78	47	12
78	44	11
77	39	10
76	37	10
78	33	9
77	31	8
-96	14	2
-93	16	3
-93	18	3
-93	20	4
-92	22	4
-92	24	4
-91	27	5
-86	27	5
-91	31	5
-91	33	6
-90	37	6
-90	42	7
-90	47	8
-90	50	9
-89	52	9
-90	55	10
-93	63	11
-89	63	11
-85	63	11
-81	62	11
-77	63	11
-73	62	11
-70	62	11
-66	62	11
-63	62	11
-60	62	11
-57	62	11
-55	62	11
-52	62	11
-50	62	11
-47	62	11
-45	62	11
-43	62	11
-41	62	11
-39	62	11
-37	62	11
-35	62	11
-33	61	11
-32	62	11
-30	61	11
-28	61	11
-26	61	11
-25	61	11
-23	61	11
-21	61	11
-20	61	11
-18	61	11
-17	61	11
-15	61	11
-14	61	11
-12	61	11
-11	61	11
-10	61	11
-8	61	11
-7	61	11
-5	61	11
-4	61	11
-3	61	11
-1	61	11
0	61	11
1	60	11
3	60	11
4	61	11
5	61	11
7	60	10
8	61	11
10	61	11
11	61	11
12	61	11
14	61	11
15	61	11
17	61	11
18	61	11
19	61	11
21	61	11
23	61	11
24	61	11
25	61	11
27	61	11
29	61	11
31	61	11
32	61	11
34	61	11
36	61	11
38	61	11
39	61	11
41	61	11
40	57	10
40	53	9
40	52	9
41	50	9
42	50	9
44	49	9
54	54	9
74	62	11
78	59	10
78	51	9
78	46	8
77	44	8
77	39	7
77	37	6
77	30	5
77	28	5
78	27	5
-100	13	2
-96	15	3
-93	17	3
-93	19	3
-93	21	4
-92	23	4
-92	25	4
-92	27	5
-91	32	5
-91	36	6
-85	36	6
-90	43	7
-90	48	8
-84	47	8
-90	53	9
-92	62	11
-88	63	11
-83	63	11
-79	62	11
-76	63	11
-72	62	11
-69	62	11
-65	62	11
-62	62	11
-60	62	11
-57	62	11
-54	62	11
-52	62	11
-49	62	11
-47	62	11
-45	62	11
-43	62	11
-41	62	11
-38	62	11
-36	62	11
-34	61	11
-33	62	11
-31	62	11
-29	61	11
-27	61	11
-26	61	11
-24	61	11
-23	61	11
-21	61	11
-19	61	11
-18	61	11
-16	61	11
-15	61	11
-14	61	11
-12	61	11
-10	61	11
-9	61	11
-8	61	11
-6	61	11
-5	61	11
-4	61	11
-2	61	11
-1	61	11
1	61	11
2	60	11
3	60	10
5	61	11
6	61	11
7	61	11
9	61	11
10	61	11
11	61	11
13	61	11
14	61	11
16	61	11
17	61	11
19	61	11
20	61	11
22	61	11
23	61	11
25	61	11
26	61	11
28	61	11
29	61	11
31	61	11
33	61	11
35	61	11
36	61	11
38	61	11
40	61	11
42	61	11
40	55	10
40	53	9
41	51	9
42	50	9
43	49	9
45	49	9
73	62	11
78	58	10
78	53	9
77	45	8
77	32	6
77	30	5
77	28	5
-97	14	2
-93	16	3
-93	18	3
-92	20	3
-92	22	4
-92	24	4
-91	26	5
-92	31	5
-90	33	6
-90	37	6
-83	37	6
-91	42	7
-89	44	8
-90	47	8
-89	49	8
-87	50	9
-89	54	9
-93	62	11
-89	62	11
-85	62	11
-81	62	11
-77	62	11
-73	62	11
-70	62	11
-67	62	11
-63	62	11
-61	62	11
-58	62	11
-55	62	11
-53	62	11
-50	62	11
-48	62	11
-46	62	11
-43	61	11
-41	62	11
-39	61	11
-37	61	11
-35	61	11
-33	61	11
-32	61	11
-30	61	11
-28	61	11
-26	61	11
-25	61	11
-23	61	11
-21	61	11
-20	61	11
-19	61	11
-17	61	11
-16	61	11
-14	61	11
-13	61	11
-11	61	11
-10	61	11
-8	61	11
-7	61	11
-5	60	11
-4	61	11
-3	61	11
-1	61	11
0	60	10
1	60	10
3	60	10
4	60	11
5	60	10
7	60	10
8	60	10
9	61	11
11	61	11
12	61	11
13	61	11
15	61	11
16	61	11
18	61	11
19	61	11
21	61	11
22	61	11
24	61	11
25	61	11
27	61	11
29	61	11
30	61	11
32	61	11
34	61	11
35	61	11
37	61	11
39	61	11
41	61	11
40	57	10
40	54	9
40	52	9
41	50	9
42	49	9
44	49	8
46	49	9
54	54	9
74	62	11
78	60	10
77	51	9
79	47	8
77	44	8
79	40	7
77	37	6
76	31	5
77	29	5
77	27	5
-97	14	2
-94	16	3
-92	18	3
-92	20	3
-92	22	4
-92	24	4
-91	26	5
-86	27	5
-92	31	5
-91	33	6
-90	37	6
-83	37	6
-91	42	7
-89	44	8
-90	47	8
-89	49	9
-87	50	9
-89	54	9
-93	62	11
-89	63	11
-85	62	11
-81	62	11
-77	62	11
-73	62	11
-70	62	11
-66	62	11
-63	62	11
-60	62	11
-57	62	11
-55	62	11
-52	62	11
-50	62	11
-48	62	11
-45	62	11
-43	62	11
-41	61	11
-39	61	11
-37	61	11
-35	61	11
-33	61	11
-31	61	11
-30	61	11
-28	61	11
-26	61	11
-25	61	11
-23	61	11
-21	61	11
-20	61	11
-18	61	11
-17	61	11
-15	61	11
-14	61	11
-12	61	11
-11	61	11
-9	61	11
-8	61	11
-7	61	11
-5	61	11
-4	61	11
-2	60	10
-1	60	11
0	61	11
2	60	10
3	60	10
4	61	11
6	60	11
7	60	10
8	61	11
10	60	10
11	61	11
12	60	11
14	60	10
15	61	11
17	61	11
18	61	11
20	61	11
21	61	11
23	61	11
24	61	11
26	61	11
27	61	11
29	61	11
31	61	11
33	61	11
34	61	11
36	61	11
38	61	11
40	61	11
42	61	11
40	55	10
40	53	9
40	51	9
41	50	9
43	49	9
45	49	9
73	63	11
75	61	11
78	58	10
78	53	9
78	50	9
77	38	7
78	36	6
77	32	6
76	30	5
76	28	5
77	26	5
-97	14	2
-93	16	3
-92	18	3
-91	20	3
-92	22	4
-92	24	4
-91	26	5
-91	31	5
-90	33	6
-89	37	6
-86	38	7
-90	42	7
-90	47	8
-89	49	9
-90	52	9
-89	54	9
-93	62	11
-88	62	11
-84	62	11
-80	62	11
-76	62	11
-72	62	11
-69	62	11
-66	62	11
-63	62	11
-60	61	11
-57	62	11
-54	62	11
-52	62	11
-49	61	11
-47	62	11
-45	61	11
-43	61	11
-40	61	11
-39	61	11
-36	61	11
-35	61	11
-33	61	11
-31	61	11
-29	61	11
-27	61	11
-26	61	11
-24	61	11
-22	61	11
-21	61	11
-19	61	11
-18	61	11
-16	61	11
-15	61	11
-13	61	11
-12	61	11
-10	61	11
-9	61	11
-8	60	11
-6	61	11
-5	60	11
-4	61	11
-2	60	10
-1	60	10
1	60	10
2	60	10
3	60	10
5	60	10
6	60	10
7	60	10
9	60	10
10	60	10
11	60	10
13	60	10
14	60	10
16	60	10
17	61	11
19	61	11
20	61	11
22	61	11
23	61	11
25	61	11
26	61	11
28	61	11
29	61	11
31	61	11
33	61	11
35	61	11
37	61	11
38	61	11
40	61	11
42	61	11
40	54	9
40	52	9
41	50	9
42	49	9
43	49	8
45	49	8
74	62	11
80	62	11
77	57	10
77	52	9
77	44	8
77	37	6
64	29	5
76	31	5
76	29	5
77	27	5
-97	14	2
-93	16	3
-92	18	3
-92	20	3
-92	22	4
-92	24	4
-91	26	5
-90	31	5
-90	33	6
-91	36	6
-89	37	6
-90	42	7
-90	47	8
-89	49	9
-89	52	9
-88	54	9
-92	62	11
-88	63	11
-84	63	11
-80	62	11
-76	62	11
-72	62	11
-69	62	11
-65	62	11
-63	62	11
-59	62	11
-57	62	11
-54	62	11
-52	61	11
-49	61	11
-47	62	11
-45	61	11
-42	61	11
-40	61	11
-38	61	11
-37	61	11
-34	61	11
-33	61	11
-31	61	11
-29	61	11
-27	61	11
-26	61	11
-24	61	11
-22	61	11
-21	61	11
-19	61	11
-18	61	11
-16	61	11
-15	61	11
-13	61	11
-12	61	11
-10	61	11
-9	61	11
-8	60	10
-6	61	11
-5	60	11
-3	61	11
-2	60	10
-1	60	10
1	60	10
2	60	10
3	60	10
5	60	10
6	60	10
7	60	10
9	60	10
10	60	10
11	60	10
13	60	10
14	60	10
16	60	10
17	61	11
19	61	11
20	61	11
22	61	11
23	61	11
25	61	11
26	61	11
28	61	11
29	61	11
31	60	11
33	61	11
35	61	11
37	61	11
38	61	11
40	61	11
42	61	11
40	54	9
40	52	9
41	51	9
42	49	9
43	49	8
45	49	8
74	63	11
78	57	10
77	52	9
77	44	8
77	37	6
64	29	5
76	31	5
76	29	5
77	27	5
-99	14	2
-95	15	3
-92	17	3
-92	19	3
-91	21	4
-91	23	4
-90	25	4
-91	30	5
-90	32	6
-89	36	6
-84	36	6
-89	43	7
-89	48	8
-89	53	9
-94	62	11
-90	62	11
-85	62	11
-81	62	11
-77	62	11
-74	62	11
-70	62	11
-67	62	11
-64	62	11
-61	62	11
-58	62	11
-55	61	11
-53	62	11
-50	61	11
-48	62	11
-46	62	11
-43	61	11
-41	61	11
-39	61	11
-37	61	11
-35	61	11
-33	61	11
-32	61	11
-30	61	11
-28	61	11
-26	61	11
-25	61	11
-23	61	11
-22	61	11
-20	61	11
-18	61	11
-17	61	11
-16	61	11
-14	61	11
-13	61	11
-11	61	11
-10	61	11
-8	60	10
-7	60	11
-5	60	10
-4	61	11
-3	60	10
-1	60	10
0	60	10
1	60	10
3	60	10
4	60	10
5	60	10
7	60	10
8	60	10
9	60	10
11	60	10
12	60	10
13	61	11
15	61	11
16	60	10
18	60	11
19	60	10
21	61	11
22	61	11
24	61	11
25	61	11
27	60	10
29	61	11
30	61	11
32	61	11
34	61	11
35	61	11
37	61	11
39	61	11
41	61	11
40	57	10
40	53	9
40	51	9
41	50	9
42	49	9
44	49	8
54	52	9
78	59	10
77	50	9
78	46	8
77	43	7
77	36	6
78	33	6
76	30	5
76	28	5
77	27	5
-99	13	2
-95	15	3
-92	17	3
-92	19	3
-92	21	4
-91	23	4
-91	25	4
-91	30	5
-90	32	6
-88	34	6
-89	36	6
-84	36	6
-89	43	7
-89	48	8
-88	50	9
-89	53	9
-94	62	11
-90	62	11
-86	62	11
-81	62	11
-77	62	11
-74	62	11
-70	62	11
-67	62	11
-64	62	11
-61	62	11
-58	62	11
-55	62	11
-53	62	11
-50	61	11
-48	62	11
-46	62	11
-43	61	11
-41	61	11
-39	61	11
-37	61	11
-35	61	11
-33	61	11
-32	61	11
-30	61	11
-28	61	11
-26	61	11
-25	61	11
-23	61	11
-21	61	11
-20	61	11
-18	61	11
-17	61	11
-15	61	11
-14	61	11
-12	61	11
-11	61	11
-10	61	11
-8	60	10
-7	61	11
-5	60	10
-4	61	11
-3	60	10
-1	60	10
0	60	10
1	60	10
3	60	10
4	60	10
6	60	10
7	60	10
8	60	10
9	60	10
11	60	10
12	60	10
14	61	11
15	60	11
17	60	10
18	60	10
19	60	10
21	61	11
23	61	11
24	61	11
25	61	11
27	60	10
29	60	11
30	60	10
32	61	11
34	61	11
36	61	11
37	61	11
39	61	11
41	61	11
40	56	10
40	52	9
40	51	9
41	50	9
42	49	8
44	48	8
63	57	10
75	62	11
78	58	10
78	53	9
77	50	9
78	46	8
77	43	7
77	39	7
77	36	6
78	33	6
76	30	5
76	28	5
77	26	5
-100	12	1
-96	14	1
-92	15	1
-92	17	2
-92	20	2
-92	22	2
-92	24	2
-91	26	2
-87	27	2
-91	30	3
-90	32	3
-90	37	3
-84	37	3
-89	41	4
-90	44	4
-90	47	4
-90	49	4
-90	54	5
-93	62	5
-89	62	5
-85	62	5
-80	61	5
-76	62	5
-73	61	5
-69	61	5
-66	61	5
-63	61	5
-60	61	5
-57	61	5
-55	61	5
-52	61	5
-50	61	5
-47	61	5
-45	61	5
-43	61	5
-41	61	5
-39	61	5
-37	60	5
-35	61	5
-33	61	5
-31	60	5
-30	61	5
-28	60	5
-26	60	5
-24	60	5
-23	60	5
-21	60	5
-20	60	5
-18	60	5
-17	60	5
-15	60	5
-14	60	5
-12	60	5
-11	60	5
-9	60	5
-8	60	5
-7	60	5
-5	60	5
-4	60	5
-3	60	5
-1	60	5
0	60	5
2	60	5
3	60	5
4	60	5
6	60	5
7	60	5
8	60	5
9	60	5
11	60	5
12	60	5
14	60	5
15	60	5
16	60	5
18	60	5
19	60	5
21	60	5
22	60	5
24	60	5
25	60	5
27	60	5
29	60	5
30	60	5
32	60	5
34	60	5
35	60	5
37	60	5
39	60	5
41	60	5
40	56	5
39	52	5
40	51	4
41	49	4
42	48	4
44	48	4
46	48	4
51	52	5
53	51	4
53	49	4
68	58	5
74	61	5
78	58	5
77	50	4
78	46	4
76	43	4
78	39	3
76	36	3
76	30	3
76	28	2
76	26	2
-99	12	1
-95	14	1
-92	16	1
-92	18	2
-92	20	2
-92	22	2
-91	24	2
-91	26	2
-91	30	3
-90	33	3
-89	37	3
-84	37	3
-88	41	4
-90	47	4
-90	49	4
-90	54	5
-93	62	5
-89	62	5
-84	62	5
-80	62	5
-76	62	5
-72	61	5
-69	61	5
-66	61	5
-63	61	5
-60	61	5
-57	61	5
-54	61	5
-52	61	5
-49	61	5
-47	61	5
-45	61	5
-43	61	5
-41	61	5
-39	61	5
-37	61	5
-35	61	5
-33	61	5
-31	61	5
-29	60	5
-28	61	5
-26	60	5
-24	61	5
-23	60	5
-21	60	5
-19	60	5
-18	60	5
-17	60	5
-15	60	5
-14	60	5
-12	60	5
-11	60	5
-9	60	5
-8	60	5
-7	60	5
-5	60	5
-4	60	5
-2	60	5
-1	60	5
0	60	5
2	60	5
3	60	5
4	60	5
6	60	5
7	60	5
8	60	5
10	60	5
11	60	5
12	60	5
14	60	5
15	60	5
17	60	5
18	60	5
19	60	5
21	60	5
22	60	5
24	60	5
26	60	5
27	60	5
29	60	5
30	60	5
32	60	5
34	60	5
35	60	5
37	60	5
39	60	5
41	60	5
40	56	5
40	52	5
40	51	4
41	49	4
42	48	4
44	48	4
46	48	4
51	52	5
53	51	4
53	49	4
68	58	5
74	61	5
77	58	5
77	50	4
78	46	4
77	43	4
78	39	3
76	36	3
76	30	3
76	28	2
76	26	2
-99	12	1
-95	14	1
-92	16	1
-92	18	2
-92	20	2
-92	22	2
-91	24	2
-91	26	2
-91	31	3
-90	33	3
-86	35	3
-84	37	3
-90	42	4
-91	48	4
-90	49	4
-91	52	5
-90	55	5
-92	62	5
-88	62	5
-83	62	5
-79	62	5
-76	61	5
-72	61	5
-69	61	5
-66	61	5
-62	61	5
-60	61	5
-57	61	5
-54	61	5
-52	61	5
-49	61	5
-47	61	5
-45	61	5
-43	61	5
-40	60	5
-38	61	5
-36	60	5
-35	61	5
-33	61	5
-31	61	5
-29	61	5
-27	60	5
-26	60	5
-24	60	5
-23	60	5
-21	60	5
-19	60	5
-18	60	5
-17	60	5
-15	60	5
-14	60	5
-12	60	5
-11	60	5
-9	60	5
-8	60	5
-7	60	5
-5	60	5
-4	60	5
-2	60	5
-1	60	5
0	60	5
2	60	5
3	60	5
4	60	5
6	60	5
7	60	5
8	60	5
10	60	5
11	60	5
12	60	5
14	60	5
15	60	5
17	60	5
18	60	5
19	60	5
21	60	5
22	60	5
24	60	5
25	60	5
27	60	5
29	60	5
30	60	5
32	60	5
34	60	5
36	60	5
37	60	5
39	60	5
41	60	5
40	56	5
40	52	5
40	50	4
41	49	4
42	49	4
44	48	4
46	49	4
51	52	5
53	52	5
53	49	4
74	61	5
78	58	5
81	55	5
77	50	4
78	46	4
77	43	4
77	39	3
76	36	3
76	30	3
76	28	2
76	26	2
-98	13	1
-94	14	1
-92	16	1
-92	18	2
-92	20	2
-92	23	2
-91	24	2
-88	26	2
-85	27	2
-91	31	3
-86	31	3
-91	36	3
-86	36	3
-86	38	3
-89	42	4
-91	48	4
-90	53	5
-87	53	5
-91	62	5
-87	62	5
-83	62	5
-79	62	5
-75	61	5
-72	62	5
-68	61	5
-65	61	5
-62	61	5
-59	61	5
-57	61	5
-54	61	5
-51	61	5
-49	61	5
-47	61	5
-44	61	5
-42	61	5
-40	61	5
-38	61	5
-36	61	5
-34	60	5
-32	60	5
-31	61	5
-29	60	5
-27	60	5
-26	60	5
-24	60	5
-22	60	5
-21	60	5
-19	60	5
-18	60	5
-16	60	5
-15	60	5
-13	60	5
-12	60	5
-10	60	5
-9	60	5
-8	60	5
-6	60	5
-5	60	5
-4	60	5
-2	60	5
-1	60	5
0	60	5
2	60	5
3	60	5
4	60	5
6	60	5
7	60	5
9	60	5
10	60	5
11	60	5
13	60	5
14	60	5
15	60	5
17	60	5
18	60	5
20	60	5
21	60	5
23	60	5
24	60	5
26	60	5
27	60	5
29	60	5
31	60	5
32	60	5
34	60	5
36	60	5
38	60	5
39	60	5
41	60	5
40	55	5
40	52	5
40	50	4
41	49	4
42	48	4
44	48	4
47	49	4
51	51	4
53	52	5
75	62	5
77	58	5
78	53	5
77	50	4
77	45	4
77	43	4
77	38	3
76	36	3
77	32	3
76	29	3
76	28	2
76	26	2
-97	13	1
-94	15	1
-93	17	1
-92	19	2
-92	21	2
-92	23	2
-92	25	2
-92	30	3
-90	31	3
-91	36	3
-87	39	3
-90	43	4
-90	48	4
-90	53	5
-90	62	5
-86	62	5
-82	62	5
-78	62	5
-74	62	5
-71	62	5
-68	62	5
-64	62	5
-61	61	5
-58	61	5
-56	61	5
-53	61	5
-51	61	5
-48	61	5
-46	61	5
-44	61	5
-42	61	5
-40	61	5
-38	61	5
-36	61	5
-34	61	5
-32	61	5
-30	60	5
-29	61	5
-27	60	5
-25	60	5
-24	60	5
-22	60	5
-20	60	5
-19	60	5
-17	60	5
-16	60	5
-14	60	5
-13	60	5
-11	60	5
-10	60	5
-9	60	5
-7	60	5
-6	60	5
-5	60	5
-3	60	5
-2	60	5
-1	60	5
1	60	5
2	60	5
4	60	5
5	60	5
6	60	5
8	60	5
9	60	5
10	60	5
11	60	5
13	60	5
14	60	5
16	60	5
17	60	5
19	60	5
20	60	5
22	60	5
23	60	5
25	60	5
26	60	5
28	60	5
29	60	5
31	60	5
33	60	5
34	60	5
36	60	5
38	60	5
40	60	5
42	60	5
40	54	5
40	52	5
41	50	4
42	49	4
43	48	4
44	48	4
47	49	4
51	51	4
53	51	4
73	62	5
77	57	5
78	52	5
77	31	3
76	29	3
76	27	2
77	25	2
-100	12	1
-96	14	1
-93	15	1
-92	18	2
-92	20	2
-92	22	2
-92	24	2
-91	26	2
-91	30	3
-91	33	3
-89	36	3
-83	37	3
-89	41	4
-91	47	4
-90	49	4
-90	54	5
-93	62	5
-88	62	5
-84	62	5
-80	62	5
-76	62	5
-72	62	5
-69	62	5
-66	62	5
-63	61	5
-60	61	5
-57	61	5
-54	61	5
-52	61	5
-50	61	5
-47	61	5
-45	61	5
-43	61	5
-41	61	5
-39	61	5
-37	60	5
-35	61	5
-33	61	5
-31	61	5
-29	61	5
-28	61	5
-26	60	5
-24	60	5
-23	61	5
-21	60	5
-20	60	5
-18	60	5
-16	60	5
-15	60	5
-14	60	5
-12	60	5
-11	60	5
-9	60	5
-8	60	5
-6	60	5
-5	60	5
-4	60	5
-2	60	5
-1	60	5
0	60	5
2	60	5
3	60	5
4	60	5
6	60	5
7	60	5
8	60	5
10	60	5
11	60	5
13	60	5
14	60	5
15	60	5
17	60	5
18	60	5
20	60	5
21	60	5
23	60	5
24	60	5
26	60	5
27	60	5
29	60	5
31	60	5
32	60	5
34	60	5
36	60	5
38	60	5
40	60	5
42	60	5
40	55	5
40	52	5
40	50	4
41	49	4
43	48	4
44	48	4
47	49	4
51	51	4
53	52	5
75	61	5
77	57	5
78	52	5
77	50	4
77	45	4
77	42	4
77	38	3
76	36	3
77	32	3
76	29	3
76	27	2
76	25	2
-99	12	1
-95	14	1
-92	16	1
-92	18	2
-92	20	2
-92	22	2
-91	25	2
-91	26	2
-85	27	2
-91	31	3
-88	32	3
-90	35	3
-85	36	3
-86	38	3
-89	42	4
-91	48	4
-90	53	5
-87	53	5
-92	62	5
-87	62	5
-83	62	5
-79	62	5
-75	62	5
-72	62	5
-68	61	5
-65	61	5
-62	61	5
-59	61	5
-56	61	5
-54	61	5
-51	61	5
-49	61	5
-46	61	5
-44	61	5
-42	61	5
-40	61	5
-38	61	5
-36	61	5
-34	61	5
-33	61	5
-30	60	5
-29	60	5
-27	60	5
-25	60	5
-24	60	5
-22	60	5
-21	60	5
-19	60	5
-17	60	5
-16	60	5
-15	60	5
-13	60	5
-12	60	5
-10	60	5
-9	60	5
-7	60	5
-6	60	5
-5	60	5
-3	60	5
-2	60	5
-1	60	5
1	60	5
2	60	5
3	60	5
5	60	5
6	60	5
7	60	5
9	60	5
10	60	5
12	60	5
13	60	5
14	60	5
16	60	5
17	60	5
19	60	5
20	60	5
21	60	5
23	60	5
25	60	5
26	60	5
28	60	5
29	60	5
31	60	5
33	60	5
34	60	5
36	60	5
38	60	5
40	60	5
42	60	5
40	54	5
40	51	4
40	50	4
42	49	4
43	48	4
44	48	4
47	49	4
51	51	4
53	51	4
73	61	5
77	57	5
78	52	5
76	37	3
76	31	3
76	29	3
76	27	2
77	25	2
-97	13	1
-94	15	1
-92	17	1
-92	19	2
-92	21	2
-91	23	2
-91	25	2
-92	30	3
-90	31	3
-90	36	3
-87	39	3
-89	43	4
-90	48	4
-90	54	5
-94	62	5
-90	62	5
-85	62	5
-81	62	5
-77	62	5
-74	62	5
-70	61	5
-67	61	5
-64	61	5
-61	61	5
-58	61	5
-55	61	5
-53	61	5
-50	61	5
-48	61	5
-45	61	5
-43	61	5
-41	61	5
-39	61	5
-37	61	5
-35	61	5
-33	61	5
-31	60	5
-30	61	5
-28	61	5
-26	60	5
-24	60	5
-23	60	5
-21	60	5
-20	60	5
-18	60	5
-17	60	5
-15	60	5
-14	60	5
-12	60	5
-11	60	5
-9	60	5
-8	60	5
-7	60	5
-5	60	5
-4	60	5
-2	60	5
-1	60	5
0	60	5
1	60	5
3	60	5
4	60	5
5	60	5
7	60	5
8	60	5
9	60	5
11	60	5
12	60	5
14	60	5
15	60	5
17	60	5
18	60	5
20	60	5
21	60	5
23	60	5
24	60	5
26	60	5
27	60	5
29	60	5
31	60	5
32	60	5
34	60	5
36	60	5
38	60	5
40	60	5
42	60	5
40	55	5
40	52	5
40	50	4
41	49	4
42	48	4
44	48	4
47	49	4
51	51	4
53	51	4
73	62	5
75	61	5
77	57	5
78	52	5
76	31	3
76	29	3
76	27	2
77	25	2
-98	11	0
-94	12	0
-90	29	0
-86	30	0
-79	29	0
-76	30	0
-76	32	0
-76	34	0
-77	37	0
-76	38	0
-76	40	0
-76	43	0
-76	45	0
-76	47	0
-76	49	0
-77	52	0
-81	58	0
-82	61	0
-78	61	0
-74	61	0
-71	61	0
-67	60	0
-64	60	0
-61	60	0
-58	60	0
-56	60	0
-53	60	0
-51	60	0
-48	60	0
-46	60	0
-44	60	0
-41	60	0
-39	60	0
-38	60	0
-36	60	0
-34	60	0
-32	60	0
-30	60	0
-28	60	0
-27	60	0
-25	60	0
-23	60	0
-22	60	0
-20	59	0
-19	59	0
-17	59	0
-16	59	0
-14	59	0
-13	59	0
-11	59	0
-10	59	0
-9	59	0
-7	59	0
-6	59	0
-5	59	0
-3	59	0
-2	59	0
0	59	0
1	59	0
2	59	0
4	59	0
5	59	0
6	59	0
8	59	0
9	59	0
10	59	0
12	59	0
13	59	0
14	59	0
16	59	0
17	59	0
19	59	0
20	59	0
22	59	0
23	59	0
25	59	0
26	59	0
28	59	0
29	59	0
31	59	0
33	59	0
35	59	0
36	59	0
38	59	0
40	59	0
42	59	0
40	53	0
39	51	0
40	49	0
41	48	0
43	48	0
45	47	0
47	48	0
49	48	0
72	60	0
59	42	0
76	30	0
76	28	0
76	26	0
76	24	0
76	23	0
-98	11	0
-94	12	0
-91	25	0
-92	29	0
-85	29	0
-79	30	0
-76	30	0
-76	32	0
-76	34	0
-77	37	0
-76	38	0
-76	41	0
-76	43	0
-76	45	0
-76	48	0
-76	49	0
-77	53	0
-80	58	0
-82	61	0
-78	61	0
-74	61	0
-71	61	0
-67	61	0
-64	60	0
-61	60	0
-58	61	0
-55	60	0
-53	60	0
-50	60	0
-48	60	0
-46	60	0
-44	60	0
-41	60	0
-39	60	0
-37	60	0
-36	60	0
-33	60	0
-32	60	0
-30	60	0
-28	60	0
-26	60	0
-25	60	0
-23	60	0
-22	60	0
-20	60	0
-18	59	0
-17	59	0
-16	59	0
-14	59	0
-13	59	0
-11	59	0
-10	59	0
-9	59	0
-7	59	0
-6	59	0
-4	59	0
-3	59	0
-2	59	0
0	59	0
1	59	0
2	59	0
4	59	0
5	59	0
6	59	0
8	59	0
9	59	0
10	59	0
12	59	0
13	59	0
15	59	0
16	59	0
18	59	0
19	59	0
21	59	0
22	59	0
23	59	0
25	59	0
27	59	0
28	59	0
30	59	0
31	59	0
33	59	0
35	59	0
37	59	0
39	59	0
41	59	0
40	55	0
40	52	0
40	50	0
41	49	0
42	48	0
43	47	0
45	47	0
73	60	0
78	58	0
60	42	0
77	50	0
78	46	0
77	43	0
79	39	0
77	36	0
76	30	0
76	28	0
76	26	0
76	24	0
77	22	0
-99	11	0
-95	12	0
-92	27	0
-88	30	0
-81	30	0
-76	30	0
-76	32	0
-76	34	0
-76	36	0
-76	38	0
-76	40	0
-76	42	0
-76	45	0
-76	47	0
-76	49	0
-77	52	0
-81	58	0
-82	61	0
-78	61	0
-75	61	0
-71	61	0
-67	60	0
-64	60	0
-62	60	0
-59	60	0
-56	60	0
-53	60	0
-51	60	0
-48	60	0
-46	60	0
-44	60	0
-42	60	0
-39	60	0
-37	60	0
-36	60	0
-34	60	0
-32	60	0
-30	60	0
-28	60	0
-27	60	0
-25	59	0
-23	60	0
-22	60	0
-20	60	0
-19	60	0
-17	59	0
-16	59	0
-14	60	0
-13	59	0
-11	59	0
-10	59	0
-8	59	0
-7	59	0
-6	59	0
-4	59	0
-3	59	0
-2	59	0
0	59	0
1	59	0
2	59	0
4	59	0
5	59	0
7	59	0
8	59	0
9	59	0
10	59	0
12	59	0
13	59	0
15	59	0
16	59	0
17	59	0
19	59	0
20	59	0
22	59	0
23	59	0
25	59	0
26	59	0
28	59	0
30	59	0
31	59	0
33	59	0
35	59	0
37	59	0
38	59	0
40	59	0
41	58	0
39	52	0
40	50	0
41	49	0
42	48	0
43	47	0
45	47	0
73	60	0
78	58	0
59	42	0
77	50	0
77	43	0
77	36	0
65	28	0
76	30	0
76	28	0
76	26	0
76	24	0
77	22	0
-99	10	0
-95	12	0
-92	26	0
-91	31	0
-81	30	0
-76	30	0
-77	32	0
-76	34	0
-76	36	0
-76	38	0
-76	40	0
-76	42	0
-76	44	0
-76	47	0
-76	49	0
-77	52	0
-82	57	0
-82	61	0
-79	61	0
-75	61	0
-71	61	0
-68	61	0
-65	61	0
-62	60	0
-59	60	0
-56	60	0
-53	60	0
-51	60	0
-49	60	0
-46	60	0
-44	60	0
-42	60	0
-40	60	0
-38	60	0
-36	60	0
-34	60	0
-32	60	0
-30	60	0
-29	60	0
-27	60	0
-25	60	0
-24	60	0
-22	60	0
-20	60	0
-19	60	0
-17	60	0
-16	59	0
-14	59	0
-13	59	0
-12	59	0
-10	59	0
-9	59	0
-8	59	0
-6	59	0
-5	59	0
-3	59	0
-2	59	0
-1	59	0
1	59	0
2	59	0
3	59	0
5	59	0
6	59	0
7	59	0
9	59	0
10	59	0
12	59	0
13	59	0
14	59	0
16	59	0
17	59	0
19	59	0
20	59	0
22	59	0
23	59	0
25	59	0
26	59	0
28	59	0
30	59	0
31	59	0
33	59	0
35	59	0
36	59	0
38	59	0
40	59	0
42	59	0
40	53	0
40	50	0
40	49	0
41	48	0
43	47	0
45	47	0
47	48	0
49	47	0
73	61	0
77	59	0
59	42	0
77	50	0
77	43	0
76	36	0
76	30	0
76	28	0
76	26	0
76	24	0
77	23	0
-98	10	0
-95	12	0
-92	27	0
-90	30	0
-81	30	0
-76	30	0
-76	32	0
-76	34	0
-76	36	0
-76	38	0
-76	40	0
-76	42	0
-76	45	0
-76	47	0
-76	49	0
-77	52	0
-81	58	0
-82	61	0
-79	61	0
-75	61	0
-71	61	0
-68	61	0
-65	61	0
-62	60	0
-59	60	0
-56	60	0
-54	60	0
-51	60	0
-49	60	0
-46	60	0
-44	60	0
-42	60	0
-40	60	0
-38	60	0
-36	60	0
-34	60	0
-32	60	0
-30	60	0
-29	60	0
-27	60	0
-25	60	0
-24	60	0
-22	60	0
-20	60	0
-19	60	0
-18	60	0
-16	59	0
-14	59	0
-13	59	0
-12	59	0
-10	59	0
-9	59	0
-7	59	0
-6	59	0
-5	59	0
-3	59	0
-2	59	0
0	59	0
1	59	0
2	59	0
4	59	0
5	59	0
6	59	0
8	59	0
9	59	0
10	59	0
12	59	0
13	59	0
14	59	0
16	59	0
17	59	0
19	59	0
20	59	0
22	59	0
23	59	0
25	59	0
26	59	0
28	59	0
30	59	0
31	59	0
33	59	0
35	59	0
37	59	0
38	60	0
40	59	0
42	59	0
40	53	0
40	50	0
41	49	0
41	48	0
43	48	0
45	48	0
49	48	0
74	61	0
77	59	0
59	42	0
77	50	0
77	43	0
77	36	0
63	28	0
76	30	0
76	28	0
76	26	0
76	24	0
77	23	0
-98	10	0
-95	12	0
-85	29	0
-81	30	0
-77	30	0
-76	32	0
-76	34	0
-76	36	0
-76	38	0
-76	40	0
-76	43	0
-76	45	0
-76	47	0
-76	50	0
-77	53	0
-81	58	0
-82	61	0
-78	61	0
-74	61	0
-71	61	0
-68	61	0
-64	61	0
-61	61	0
-58	61	0
-56	60	0
-53	60	0
-51	60	0
-48	60	0
-46	60	0
-44	60	0
-42	60	0
-39	60	0
-38	60	0
-35	60	0
-34	60	0
-32	60	0
-30	60	0
-28	60	0
-27	60	0
-25	59	0
-23	60	0
-22	60	0
-20	60	0
-19	60	0
-17	59	0
-16	59	0
-14	59	0
-13	59	0
-11	59	0
-10	59	0
-9	59	0
-7	59	0
-6	59	0
-4	59	0
-3	59	0
-2	59	0
0	59	0
1	59	0
2	59	0
4	59	0
5	59	0
6	59	0
8	59	0
9	59	0
11	59	0
12	59	0
13	59	0
15	59	0
16	59	0
17	59	0
19	59	0
20	59	0
22	59	0
23	59	0
25	59	0
26	59	0
28	59	0
30	59	0
31	59	0
33	59	0
35	59	0
37	59	0
39	60	0
40	59	0
41	58	0
40	52	0
40	50	0
41	49	0
42	48	0
43	47	0
45	47	0
49	48	0
73	60	0
78	58	0
60	42	0
77	50	0
77	43	0
76	36	0
63	27	0
76	30	0
76	28	0
76	26	0
76	24	0
77	22	0
-99	10	0
-95	12	0
-92	27	0
-89	30	0
-81	30	0
-76	30	0
-76	32	0
-76	34	0
-76	36	0
-76	38	0
-76	40	0
-76	43	0
-76	45	0
-76	47	0
-76	49	0
-77	52	0
-81	58	0
-82	61	0
-78	61	0
-74	61	0
-71	61	0
-67	61	0
-64	61	0
-62	61	0
-58	60	0
-56	60	0
-53	60	0
-51	60	0
-48	60	0
-46	60	0
-44	60	0
-42	60	0
-40	60	0
-37	60	0
-36	60	0
-34	60	0
-32	60	0
-30	60	0
-28	60	0
-27	59	0
-25	59	0
-23	60	0
-22	60	0
-20	60	0
-19	60	0
-17	59	0
-16	59	0
-14	59	0
-13	60	0
-11	59	0
-10	59	0
-8	59	0
-7	59	0
-6	59	0
-4	59	0
-3	59	0
-2	59	0
0	59	0
1	59	0
2	59	0
4	59	0
5	59	0
6	59	0
8	59	0
9	59	0
10	59	0
12	59	0
13	59	0
15	59	0
16	59	0
17	59	0
19	59	0
20	59	0
22	59	0
24	59	0
25	59	0
27	59	0
28	59	0
30	59	0
32	59	0
33	59	0
35	59	0
37	59	0
39	60	0
40	59	0
41	57	0
40	52	0
40	50	0
41	49	0
42	48	0
43	47	0
45	47	0
73	60	0
60	42	0
77	50	0
80	47	0
76	42	0
80	40	0
76	36	0
66	29	0
76	29	0
76	28	0
76	26	0
76	24	0
77	22	0
-98	11	0
-94	13	0
-92	25	0
-92	30	0
-84	29	0
-79	30	0
-76	31	0
-77	33	0
-76	35	0
-77	37	0
-76	39	0
-76	41	0
-76	43	0
-76	46	0
-76	48	0
-82	59	0
-81	61	0
-76	61	0
-73	61	0
-69	61	0
-66	61	0
-63	60	0
-60	61	0
-57	60	0
-54	60	0
-52	60	0
-50	60	0
-47	60	0
-45	60	0
-43	60	0
-41	60	0
-39	60	0
-37	60	0
-35	60	0
-33	60	0
-31	60	0
-29	60	0
-28	59	0
-26	60	0
-24	60	0
-23	59	0
-21	59	0
-20	60	0
-18	59	0
-17	59	0
-15	60	0
-14	59	0
-12	59	0
-11	59	0
-9	59	0
-8	59	0
-6	59	0
-5	59	0
-4	59	0
-2	59	0
-1	59	0
0	59	0
2	59	0
3	59	0
4	59	0
6	59	0
7	59	0
8	59	0
10	59	0
11	59	0
13	59	0
14	59	0
15	59	0
17	59	0
18	59	0
20	59	0
21	59	0
23	59	0
24	59	0
26	59	0
27	59	0
29	59	0
31	59	0
32	59	0
34	59	0
36	59	0
38	59	0
39	59	0
41	59	0
40	54	0
40	51	0
40	49	0
41	48	0
43	48	0
44	47	0
47	48	0
72	61	0
75	60	0
59	43	0
78	52	0
79	50	0
77	31	0
76	29	0
76	26	0
76	25	0
76	23	0
-94	10	-1
-80	25	-2
-76	26	-2
-60	29	-3
-58	30	-3
-56	30	-3
-53	30	-3
-51	31	-3
-49	31	-3
-36	34	-3
-34	35	-3
-32	34	-3
-31	34	-3
-30	35	-3
-29	35	-3
-28	36	-3
-27	36	-3
-25	36	-3
-24	36	-3
-23	36	-3
-22	37	-3
-21	37	-3
-19	38	-3
-18	37	-3
-17	37	-3
-16	37	-3
-15	38	-3
-14	38	-3
-13	38	-3
-12	38	-3
-10	39	-4
-10	39	-4
-9	39	-4
-7	40	-4
-6	40	-4
-5	40	-4
-4	40	-4
-3	40	-4
-2	40	-4
-1	40	-4
0	40	-4
5	42	-4
9	44	-4
10	43	-4
12	44	-4
13	44	-4
14	44	-4
15	46	-4
16	45	-4
18	45	-4
19	46	-4
20	46	-4
22	47	-4
23	47	-4
24	47	-4
27	48	-4
29	49	-4
31	49	-4
33	49	-4
35	50	-4
37	50	-5
39	51	-5
41	51	-5
42	50	-5
42	48	-4
44	47	-4
45	47	-4
56	48	-4
57	46	-4
59	46	-4
61	45	-4
61	43	-4
64	39	-4
78	43	-4
76	36	-3
77	30	-3
76	28	-3
76	26	-2
76	24	-2
76	22	-2
76	21	-2
76	19	-2
-94	11	-1
-89	24	-2
-79	25	-2
-70	28	-2
-60	29	-3
-59	30	-3
-56	30	-3
-53	30	-3
-51	30	-3
-49	31	-3
-45	31	-3
-35	34	-3
-34	34	-3
-32	34	-3
-31	35	-3
-30	35	-3
-29	35	-3
-28	36	-3
-27	36	-3
-26	37	-3
-24	36	-3
-23	36	-3
-22	36	-3
-21	37	-3
-20	37	-3
-19	37	-3
-17	37	-3
-17	37	-3
-16	37	-3
-15	38	-3
-14	38	-3
-11	39	-4
-9	39	-4
-9	39	-4
-7	40	-4
-6	40	-4
-5	40	-4
-4	40	-4
-2	40	-4
-1	40	-4
0	40	-4
9	44	-4
12	44	-4
13	44	-4
15	45	-4
19	45	-4
21	46	-4
23	47	-4
26	48	-4
28	48	-4
30	49	-4
31	49	-4
33	49	-4
35	50	-4
37	50	-5
39	51	-5
41	51	-5
42	49	-4
42	48	-4
44	47	-4
45	47	-4
56	47	-4
57	45	-4
59	46	-4
61	45	-4
61	42	-4
64	40	-4
64	39	-3
78	43	-4
76	36	-3
76	30	-3
76	28	-3
76	26	-2
76	24	-2
76	22	-2
76	20	-2
76	19	-2
-94	11	-1
-93	25	-2
-78	26	-2
-76	27	-2
-68	27	-2
-62	28	-3
-61	30	-3
-59	30	-3
-54	30	-3
-52	30	-3
-50	31	-3
-48	31	-3
-35	34	-3
-33	34	-3
-30	34	-3
-29	35	-3
-28	35	-3
-27	35	-3
-27	36	-3
-25	36	-3
-24	36	-3
-22	36	-3
-21	36	-3
-21	37	-3
-20	37	-3
-19	37	-3
-16	37	-3
-15	38	-3
-7	39	-4
-6	40	-4
-3	40	-4
6	42	-4
7	43	-4
10	44	-4
11	44	-4
15	45	-4
19	45	-4
21	46	-4
26	48	-4
28	48	-4
30	49	-4
31	49	-4
33	49	-4
35	50	-5
37	50	-5
39	51	-5
41	51	-5
42	49	-4
43	48	-4
44	47	-4
46	47	-4
56	47	-4
57	45	-4
59	45	-4
61	45	-4
61	42	-4
64	42	-4
63	40	-4
64	38	-3
76	41	-4
76	36	-3
65	28	-3
76	29	-3
76	28	-2
76	26	-2
76	24	-2
76	22	-2
76	20	-2
77	19	-2
-94	11	-1
-90	25	-2
-78	25	-2
-77	27	-2
-61	29	-3
-58	30	-3
-54	29	-3
-52	30	-3
-50	30	-3
-48	31	-3
-35	34	-3
-33	34	-3
-32	35	-3
-32	36	-3
-29	35	-3
-28	35	-3
-27	35	-3
-27	36	-3
-26	37	-3
-24	36	-3
-22	36	-3
-22	36	-3
-21	37	-3
-20	37	-3
-19	38	-3
-18	38	-3
-16	37	-3
-9	39	-4
-7	39	-4
-6	40	-4
-5	40	-4
-4	40	-4
-3	40	-4
-2	40	-4
0	40	-4
6	43	-4
7	43	-4
10	44	-4
11	43	-4
15	45	-4
17	45	-4
19	46	-4
30	49	-4
31	49	-4
33	49	-4
35	50	-4
37	50	-5
39	51	-5
41	51	-5
42	50	-5
42	48	-4
44	48	-4
46	47	-4
56	47	-4
57	45	-4
59	45	-4
61	45	-4
61	42	-4
63	42	-4
63	40	-4
76	42	-4
76	35	-3
67	29	-3
76	29	-3
76	28	-2
76	25	-2
76	24	-2
76	22	-2
76	20	-2
77	19	-2
-94	10	-1
-92	25	-2
-83	26	-2
-61	29	-3
-59	30	-3
-55	30	-3
-51	30	-3
-49	31	-3
-48	32	-3
-36	35	-3
-33	34	-3
-31	35	-3
-30	35	-3
-29	35	-3
-28	36	-3
-26	35	-3
-24	36	-3
-23	36	-3
-22	36	-3
-21	37	-3
-20	37	-3
-19	37	-3
-18	38	-3
-17	37	-3
-16	37	-3
-9	39	-4
-8	39	-4
-6	40	-4
-5	40	-4
-4	40	-4
12	44	-4
15	45	-4
19	46	-4
20	46	-4
22	46	-4
25	47	-4
28	49	-4
30	49	-4
31	49	-4
33	49	-4
35	50	-4
37	50	-5
39	51	-5
41	51	-5
42	51	-5
42	48	-4
44	48	-4
46	48	-4
56	47	-4
57	46	-4
60	46	-4
61	45	-4
61	43	-4
64	38	-3
77	30	-3
76	28	-3
76	26	-2
76	24	-2
76	22	-2
76	20	-2
77	19	-2
-95	9	-1
-93	11	-1
-93	26	-2
-83	25	-2
-77	25	-2
-61	29	-3
-56	29	-3
-55	30	-3
-49	30	-3
-48	31	-3
-47	32	-3
-34	34	-3
-33	34	-3
-31	35	-3
-29	35	-3
-28	35	-3
-27	36	-3
-24	36	-3
-24	36	-3
-22	36	-3
-22	37	-3
-21	37	-3
-19	38	-3
-15	38	-3
-10	39	-4
-9	39	-4
-8	39	-4
-7	39	-4
-5	40	-4
-2	40	-4
6	42	-4
16	45	-4
18	46	-4
20	46	-4
26	48	-4
27	49	-4
29	49	-4
31	49	-4
33	49	-4
34	50	-4
36	50	-5
38	51	-5
40	51	-5
42	50	-5
42	49	-4
44	48	-4
45	47	-4
57	48	-4
57	46	-4
58	45	-4
61	45	-4
61	43	-4
77	43	-4
77	37	-3
77	35	-3
77	31	-3
76	28	-3
76	26	-2
76	25	-2
76	23	-2
76	21	-2
76	19	-2
-96	9	-1
-94	11	-1
-93	26	-2
-80	24	-2
-78	26	-2
-61	28	-3
-60	30	-3
-56	29	-3
-54	30	-3
-52	30	-3
-49	30	-3
-48	31	-3
-35	34	-3
-34	34	-3
-33	35	-3
-30	35	-3
-29	35	-3
-28	35	-3
-27	36	-3
-26	37	-3
-25	36	-3
-24	37	-3
-22	36	-3
-21	36	-3
-20	37	-3
-20	37	-3
-19	38	-3
-16	37	-3
-15	37	-3
-14	38	-3
-10	39	-4
-9	39	-4
-7	39	-4
-6	40	-4
-5	40	-4
-1	40	-4
5	43	-4
6	43	-4
11	44	-4
12	44	-4
15	45	-4
19	46	-4
29	49	-4
31	49	-4
33	49	-4
35	50	-4
37	50	-5
39	51	-5
41	51	-5
42	51	-5
42	48	-4
44	48	-4
45	47	-4
57	48	-4
57	46	-4
59	45	-4
61	45	-4
61	43	-4
64	39	-3
78	43	-4
76	36	-3
67	30	-3
76	30	-3
76	28	-3
76	26	-2
76	24	-2
76	22	-2
76	20	-2
77	19	-2
-96	10	-1
-79	12	-1
-93	26	-2
-79	25	-2
-77	26	-2
-61	29	-3
-58	29	-3
-55	29	-3
-53	30	-3
-52	31	-3
-49	30	-3
-35	34	-3
-34	34	-3
-31	34	-3
-30	35	-3
-29	35	-3
-27	35	-3
-27	36	-3
-25	36	-3
-24	36	-3
-24	37	-3
-22	37	-3
-21	37	-3
-20	37	-3
-19	37	-3
-17	37	-3
-16	37	-3
-14	38	-3
-9	39	-4
-9	39	-4
-6	40	-4
-4	40	-4
-2	40	-4
-1	40	-4
6	43	-4
10	43	-4
15	45	-4
17	45	-4
19	46	-4
21	46	-4
26	47	-4
28	48	-4
31	50	-4
32	49	-4
34	50	-4
36	50	-5
38	51	-5
40	51	-5
42	51	-5
42	49	-4
43	48	-4
44	48	-4
46	47	-4
57	47	-4
58	45	-4
59	45	-4
61	44	-4
61	42	-4
63	41	-4
64	40	-4
77	44	-4
77	42	-4
77	38	-3
76	35	-3
76	29	-3
76	27	-2
76	25	-2
76	23	-2
76	21	-2
76	20	-2
-79	5	-1
-20	20	-4
-19	20	-4
-18	20	-4
-17	20	-4
-3	21	-4
-3	21	-4
-3	21	-4
1	22	-4
2	22	-4
5	22	-4
8	23	-4
8	22	-4
9	22	-4
10	23	-4
10	23	-4
11	23	-4
11	23	-4
13	23	-4
15	23	-4
15	23	-4
16	24	-4
36	27	-5
38	27	-5
40	28	-5
43	28	-5
50	29	-5
54	30	-6
57	30	-6
60	30	-6
64	31	-6
65	28	-5
76	29	-5
76	27	-5
76	25	-5
76	23	-4
76	22	-4
76	20	-4
76	18	-3
76	17	-3
77	15	-3
-81	9	-2
-20	20	-4
-19	20	-4
-18	20	-4
-18	20	-4
-1	21	-4
2	22	-4
7	22	-4
8	22	-4
7	23	-4
8	22	-4
9	23	-4
10	23	-4
11	23	-4
11	23	-4
13	23	-4
13	23	-4
14	24	-4
15	24	-4
16	24	-4
18	24	-4
37	27	-5
39	28	-5
41	28	-5
44	28	-5
56	30	-6
59	30	-6
63	31	-6
77	31	-6
76	28	-5
76	26	-5
76	24	-4
76	23	-4
76	21	-4
76	19	-4
76	17	-3
76	16	-3
-81	5	-1
-81	7	-1
-79	9	-2
-37	18	-3
-20	20	-4
-19	20	-4
-18	20	-4
-17	20	-4
-17	20	-4
-4	21	-4
-3	21	-4
-1	21	-4
1	22	-4
4	22	-4
3	22	-4
8	22	-4
8	22	-4
11	23	-4
11	23	-4
13	23	-4
14	23	-4
17	24	-4
17	24	-4
18	24	-4
34	27	-5
36	27	-5
38	28	-5
40	27	-5
43	28	-5
51	30	-5
54	30	-5
58	30	-6
62	31	-6
76	29	-5
76	27	-5
76	25	-5
76	23	-4
76	21	-4
76	20	-4
76	18	-3
76	16	-3
78	15	-3
-79	5	-1
-78	9	-2
-19	20	-4
-19	20	-4
-18	20	-4
-17	20	-4
-3	21	-4
-3	21	-4
-2	21	-4
-1	21	-4
1	22	-4
3	22	-4
3	22	-4
10	23	-4
12	23	-4
12	23	-4
13	23	-4
14	23	-4
15	23	-4
15	24	-4
17	24	-4
34	27	-5
36	27	-5
38	28	-5
40	28	-5
43	28	-5
54	30	-5
58	30	-6
61	31	-6
76	29	-5
76	27	-5
76	25	-5
76	23	-4
76	22	-4
76	20	-4
76	18	-3
76	16	-3
77	15	-3
-80	9	-2
-20	20	-4
-19	20	-4
-18	20	-4
-17	20	-4
-17	20	-4
-13	21	-4
-3	21	-4
-3	21	-4
-1	21	-4
-1	21	-4
0	21	-4
6	22	-4
7	22	-4
8	22	-4
8	23	-4
9	23	-4
9	23	-4
10	23	-4
11	23	-4
14	23	-4
15	24	-4
16	24	-4
17	24	-4
37	27	-5
38	27	-5
41	28	-5
55	30	-6
58	30	-6
62	31	-6
76	29	-5
76	27	-5
76	25	-5
76	23	-4
76	21	-4
76	19	-4
76	18	-3
76	16	-3
-20	20	-4
-19	20	-4
-18	20	-4
-17	20	-4
-6	21	-4
-3	21	-4
-3	21	-4
-3	21	-4
-1	21	-4
-1	21	-4
0	21	-4
3	22	-4
3	22	-4
5	22	-4
7	22	-4
7	22	-4
8	23	-4
9	23	-4
9	23	-4
12	23	-4
14	24	-4
15	24	-4
16	24	-4
17	24	-4
18	24	-4
37	27	-5
39	27	-5
41	28	-5
55	30	-6
59	31	-6
63	31	-6
77	30	-6
76	28	-5
76	26	-5
76	24	-5
76	23	-4
76	21	-4
76	19	-4
76	18	-3
76	16	-3
-81	7	-1
-79	9	-2
-80	14	-3
-20	20	-4
-19	20	-4
-18	20	-4
-17	20	-4
-16	20	-4
-3	21	-4
0	21	-4
3	22	-4
3	22	-4
3	22	-4
4	22	-4
6	22	-4
7	22	-4
8	23	-4
8	22	-4
11	23	-4
11	23	-4
13	24	-4
14	23	-4
15	24	-4
17	24	-4
37	27	-5
39	28	-5
52	29	-5
55	30	-6
59	31	-6
63	31	-6
76	28	-5
76	26	-5
76	25	-5
76	23	-4
76	21	-4
76	19	-4
76	17	-3
76	16	-3
-81	9	-2
-20	20	-4
-19	20	-4
-18	20	-4
-18	20	-4
-17	20	-4
-1	21	-4
2	22	-4
3	22	-4
4	22	-4
8	22	-4
8	22	-4
8	22	-4
11	23	-4
11	23	-4
12	23	-4
14	23	-4
14	23	-4
15	24	-4
18	24	-4
36	27	-5
37	27	-5
40	28	-5
53	29	-5
57	31	-6
59	30	-6
64	31	-6
77	30	-6
76	28	-5
76	26	-5
76	24	-4
76	22	-4
76	20	-4
76	19	-3
76	17	-3
76	15	-3
-21	14	-4
-19	14	-4
-18	14	-4
-16	15	-4
-16	15	-4
-12	15	-4
-11	15	-4
-8	15	-4
-8	15	-4
-7	15	-4
-7	15	-4
-7	15	-4
-4	15	-4
-4	15	-4
-4	15	-4
-3	15	-4
-3	15	-4
-3	15	-4
-2	15	-4
-2	15	-4
-1	15	-4
-1	15	-4
-1	15	-4
0	15	-4
0	15	-4
0	15	-4
1	15	-4
1	15	-4
2	15	-4
2	16	-4
2	15	-4
3	15	-4
3	15	-4
3	15	-4
4	15	-4
4	16	-4
5	16	-4
5	16	-4
5	16	-4
6	16	-4
6	16	-5
7	16	-5
7	16	-5
8	16	-5
8	16	-5
9	16	-5
9	16	-5
10	16	-5
10	16	-5
14	16	-5
47	21	-6
50	21	-6
53	22	-6
57	22	-6
76	25	-7
76	23	-7
76	21	-6
76	19	-6
76	18	-5
76	16	-5
76	15	-4
76	13	-4
-79	8	-2
-21	14	-4
-21	14	-4
-20	14	-4
-18	15	-4
-17	15	-4
-16	15	-4
-15	14	-4
-11	15	-4
-10	15	-4
-10	15	-4
-9	15	-4
-8	15	-4
-7	15	-4
-7	15	-4
-6	15	-4
-5	15	-4
-4	15	-4
-3	15	-4
-2	15	-4
-2	15	-4
-1	15	-4
-1	15	-4
0	15	-4
0	15	-4
0	15	-4
1	15	-4
1	15	-4
1	15	-4
2	15	-4
2	15	-4
3	15	-4
3	15	-4
3	15	-4
4	16	-4
4	16	-4
4	16	-4
5	16	-5
5	16	-4
6	16	-4
6	16	-5
7	16	-4
7	16	-5
8	16	-5
8	16	-5
9	16	-5
9	16	-5
9	16	-5
10	16	-5
14	16	-5
15	17	-5
21	18	-5
48	21	-6
52	21	-6
56	22	-6
76	25	-7
76	24	-7
76	22	-6
76	20	-6
76	18	-5
76	17	-5
76	15	-4
76	14	-4
76	12	-3
-355	11	-3
-76	7	-2
-27	14	-4
-19	14	-4
-19	14	-4
-17	14	-4
-16	14	-4
-16	14	-4
-11	15	-4
-6	15	-4
-5	15	-4
-4	15	-4
-3	15	-4
-3	15	-4
-2	15	-4
-2	15	-4
-2	15	-4
-1	15	-4
-1	15	-4
-1	15	-4
0	15	-4
0	15	-4
0	15	-4
1	15	-4
1	15	-4
2	15	-4
2	15	-4
2	15	-4
3	15	-4
3	15	-4
3	15	-4
4	16	-4
4	15	-4
5	16	-4
5	16	-4
6	16	-4
6	16	-5
6	16	-5
7	16	-5
7	16	-5
8	16	-5
9	16	-5
9	16	-5
10	16	-5
11	16	-5
12	16	-5
14	17	-5
51	21	-6
55	22	-6
58	22	-6
76	24	-7
76	22	-6
76	21	-6
76	19	-5
76	17	-5
76	16	-5
76	14	-4
76	13	-4
-77	8	-2
-21	15	-4
-19	14	-4
-18	15	-4
-17	14	-4
-16	15	-4
-16	14	-4
-15	15	-4
-11	15	-4
-10	15	-4
-9	15	-4
-7	15	-4
-7	15	-4
-6	15	-4
-5	15	-4
-3	15	-4
-3	15	-4
-2	15	-4
-2	15	-4
-2	15	-4
-1	15	-4
-1	15	-4
0	15	-4
0	15	-4
0	15	-4
1	15	-4
1	15	-4
1	15	-4
2	15	-4
2	15	-4
3	15	-4
3	15	-4
3	15	-4
4	15	-4
4	16	-4
4	16	-4
5	16	-4
5	16	-4
6	16	-4
6	16	-5
7	16	-4
7	16	-5
8	16	-5
8	16	-5
9	16	-5
9	16	-5
10	16	-5
10	16	-5
11	16	-5
14	17	-5
15	16	-5
22	18	-5
49	21	-6
52	22	-6
56	22	-6
76	25	-7
76	23	-7
76	22	-6
76	20	-6
76	18	-5
76	17	-5
76	15	-4
76	14	-4
77	12	-3
-20	15	-4
-19	14	-4
-18	14	-4
-18	15	-4
-16	15	-4
-16	14	-4
-11	15	-4
-10	15	-4
-7	15	-4
-7	15	-4
-6	15	-4
-4	15	-4
-3	15	-4
-3	15	-4
-2	15	-4
-2	15	-4
-2	15	-4
-1	15	-4
-1	15	-4
0	15	-4
0	15	-4
0	15	-4
1	15	-4
1	15	-4
2	15	-4
2	15	-4
3	15	-4
3	15	-4
4	16	-4
5	16	-4
5	16	-5
6	16	-4
6	16	-4
6	16	-5
7	16	-5
7	16	-5
8	16	-5
8	16	-5
10	16	-5
10	16	-5
11	16	-5
13	17	-5
16	17	-5
54	22	-6
58	22	-6
76	24	-7
76	23	-6
76	21	-6
76	19	-5
76	18	-5
76	16	-5
76	14	-4
76	13	-4
-20	15	-4
-19	14	-4
-18	14	-4
-17	15	-4
-16	15	-4
-16	15	-4
-10	15	-4
-7	15	-4
-7	15	-4
-7	15	-4
-3	15	-4
-3	15	-4
-2	15	-4
-2	15	-4
-2	15	-4
-1	15	-4
-1	15	-4
0	15	-4
0	15	-4
0	15	-4
1	15	-4
1	15	-4
2	15	-4
2	15	-4
3	15	-4
3	15	-4
4	16	-4
5	16	-4
5	16	-4
6	16	-4
6	16	-4
6	16	-5
7	16	-5
7	16	-5
8	16	-5
10	16	-5
10	16	-5
13	16	-5
16	16	-5
17	17	-5
47	21	-6
51	21	-6
55	22	-6
59	22	-6
76	24	-7
76	22	-6
76	21	-6
76	19	-5
76	17	-5
76	16	-5
76	14	-4
76	12	-4
-348	12	-4
-79	8	-2
-26	14	-4
-22	14	-4
-21	15	-4
-20	14	-4
-18	15	-4
-18	14	-4
-17	15	-4
-16	15	-4
-15	15	-4
-11	15	-4
-10	15	-4
-7	15	-4
-7	15	-4
-6	15	-4
-6	15	-4
-5	15	-4
-3	15	-4
-3	15	-4
-3	15	-4
-2	15	-4
-2	15	-4
-1	15	-4
-1	15	-4
0	15	-4
0	15	-4
0	15	-4
1	15	-4
1	15	-4
2	15	-4
2	15	-4
2	15	-4
3	15	-4
3	15	-4
3	15	-4
4	15	-4
4	16	-4
5	16	-4
5	16	-4
5	16	-4
6	16	-4
6	16	-5
7	16	-4
7	16	-5
8	16	-5
8	16	-5
9	16	-5
9	16	-5
10	16	-5
11	16	-5
12	16	-5
14	17	-5
21	18	-5
50	21	-6
55	22	-6
58	22	-6
76	24	-7
76	23	-6
76	21	-6
76	19	-5
76	18	-5
76	16	-5
76	14	-4
76	13	-4
-27	14	-4
-20	14	-4
-18	15	-4
-17	14	-4
-16	15	-4
-15	15	-4
-11	15	-4
-9	15	-4
-6	15	-4
-5	15	-4
-3	15	-4
-3	15	-4
-3	15	-4
-2	15	-4
-2	15	-4
-2	15	-4
-1	15	-4
-1	15	-4
0	15	-4
0	15	-4
0	15	-4
1	15	-4
1	15	-4
1	15	-4
2	15	-4
2	15	-4
3	15	-4
3	15	-4
3	15	-4
4	15	-4
4	15	-4
4	16	-4
5	16	-4
5	16	-4
6	16	-4
6	16	-5
7	16	-4
7	16	-5
8	16	-5
8	16	-5
8	16	-5
9	16	-5
10	16	-5
11	16	-5
13	17	-5
15	17	-5
47	21	-6
50	21	-6
54	22	-6
58	22	-6
76	24	-7
76	23	-6
76	21	-6
76	19	-5
76	18	-5
76	16	-5
76	14	-4
76	13	-4
