-90	17	9
-75	16	9
-83	23	12
-73	22	12
-82	30	16
-71	28	15
-80	35	19
-80	37	20
-80	39	21
-79	41	22
-79	42	23
-78	44	24
-78	46	25
-78	48	26
-84	55	29
-84	57	30
-71	55	29
-73	59	32
-73	62	33
-71	63	33
-70	65	34
-69	66	35
-62	63	33
-61	64	34
-67	73	39
-66	75	40
-66	78	41
-64	80	43
-63	81	43
-61	83	44
-61	86	46
-61	91	48
-62	97	52
-61	99	53
-58	99	53
-55	99	52
-57	107	57
-56	112	60
-55	116	62
-52	117	62
-50	118	63
-47	119	63
-47	127	68
-47	135	72
-44	138	73
-41	138	74
-41	148	79
-41	162	86
-40	176	94
-36	176	93
-33	183	97
-31	194	103
-29	211	112
-24	211	112
-21	225	120
-15	222	118
-10	221	117
-5	220	117
0	218	116
5	216	115
10	215	114
14	214	114
19	213	114
24	213	113
28	209	111
33	210	112
38	210	112
43	209	111
47	208	111
52	207	110
56	204	109
60	201	107
22	62	33
22	59	31
24	54	29
24	53	28
25	52	27
27	51	27
28	50	27
29	50	27
30	49	26
36	52	28
179	230	122
185	227	121
191	225	120
198	223	119
204	220	117
211	218	116
257	234	125
257	225	120
264	221	118
259	208	111
262	201	107
282	199	106
401	271	144
406	262	140
423	261	139
433	256	136
452	254	135
468	251	133
244	123	66
241	115	61
243	111	59
249	107	57
-88	17	7
-75	16	7
-83	23	10
-73	22	10
-82	29	12
-82	30	13
-81	36	16
-80	38	16
-79	39	17
-79	41	18
-78	43	19
-78	45	20
-77	47	20
-79	50	22
-85	56	24
-84	58	25
-73	55	24
-72	57	25
-74	61	27
-73	63	28
-71	64	28
-70	66	29
-67	66	29
-62	63	28
-61	65	28
-66	74	32
-66	77	34
-65	79	35
-64	81	35
-62	83	36
-61	85	37
-60	87	38
-62	93	41
-62	98	43
-60	99	43
-57	99	43
-54	99	43
-56	108	47
-56	114	50
-54	117	51
-52	118	52
-48	118	51
-46	119	52
-46	128	56
-47	138	60
-44	139	61
-41	140	61
-40	149	65
-41	165	72
-40	176	77
-36	176	77
-32	177	77
-31	195	85
-29	212	93
-24	212	93
-21	224	98
-16	225	99
-11	227	99
-6	224	98
-1	222	97
4	222	97
9	221	97
14	220	96
18	216	94
23	214	94
27	213	93
32	214	94
37	213	93
41	212	93
46	209	91
50	208	91
55	207	90
59	204	89
22	60	26
23	58	25
24	56	25
24	55	24
25	53	23
26	52	23
27	51	22
28	50	22
29	50	22
31	49	22
32	49	21
33	49	21
136	179	78
141	178	78
189	229	100
194	225	98
197	219	96
208	221	97
216	220	96
253	248	109
254	239	104
257	231	101
261	225	99
254	210	92
262	207	91
211	159	70
273	197	86
392	272	119
403	268	117
417	265	116
433	262	115
444	256	112
456	251	110
247	128	56
243	120	52
241	112	49
247	109	48
256	107	47
-79	13	5
-88	16	6
-86	18	6
-84	23	8
-72	22	8
-82	30	11
-72	28	10
-80	36	12
-80	38	13
-80	39	14
-79	41	14
-79	43	15
-78	45	16
-77	47	16
-79	50	17
-85	56	19
-85	58	20
-73	55	19
-71	57	20
-73	61	21
-74	64	22
-72	65	23
-71	66	23
-68	67	23
-62	63	22
-60	65	22
-66	74	26
-66	76	27
-65	79	27
-64	81	28
-62	83	29
-61	85	29
-60	87	30
-62	94	33
-62	98	34
-60	100	35
-57	100	35
-54	99	35
-56	108	37
-56	114	40
-55	118	41
-52	119	41
-49	119	41
-46	120	42
-47	129	45
-47	138	48
-45	141	49
-42	142	49
-40	149	52
-40	160	55
-41	178	62
-36	177	62
-32	176	61
-32	196	68
-30	210	73
-25	215	74
-22	224	78
-17	228	79
-12	228	79
-7	228	79
-2	226	78
3	224	78
8	223	77
12	222	77
17	220	76
21	216	75
26	215	75
30	215	75
35	215	75
40	214	74
44	213	74
48	209	73
19	68	24
20	65	22
22	66	23
23	65	23
24	63	22
24	60	21
25	57	20
25	55	19
26	53	19
27	52	18
28	51	18
29	51	18
30	50	18
31	50	17
33	50	17
34	50	17
139	180	63
178	222	77
186	222	77
189	216	75
198	217	75
208	219	76
218	220	76
253	244	85
256	237	82
259	230	80
263	223	78
258	209	73
267	208	72
281	200	70
396	271	94
411	269	93
427	267	93
439	262	91
455	258	90
473	256	89
243	123	43
242	116	40
244	111	38
253	109	38
262	106	37
-79	12	3
-86	16	4
-75	16	4
-83	23	6
-73	22	6
-82	28	7
-71	27	7
-80	36	9
-80	38	10
-79	40	10
-79	41	11
-78	43	11
-78	45	12
-77	47	12
-82	52	14
-84	56	15
-83	58	15
-73	56	14
-71	57	15
-73	61	16
-73	64	17
-72	65	17
-70	66	17
-64	64	17
-60	63	16
-60	65	17
-66	74	19
-65	77	20
-65	79	21
-63	81	21
-62	83	21
-61	85	22
-60	87	23
-62	94	24
-61	97	25
-59	99	26
-56	99	26
-53	99	26
-56	108	28
-56	114	30
-54	117	30
-51	118	31
-49	118	31
-46	119	31
-47	128	33
-47	137	36
-44	139	36
-42	141	37
-40	146	38
-38	153	40
-40	175	45
-36	175	46
-32	175	45
-31	191	50
-28	197	51
-26	213	55
-21	212	55
-17	226	59
-13	229	60
-8	227	59
-3	226	59
2	224	58
7	224	58
11	223	58
16	223	58
8	61	16
9	59	15
10	58	15
11	58	15
12	58	15
14	59	15
15	59	15
17	60	16
18	60	16
19	58	15
20	57	15
22	58	15
23	58	15
25	59	15
26	58	15
27	57	15
28	56	15
29	55	14
30	53	14
31	53	14
32	52	14
33	51	13
131	181	47
136	179	47
141	178	46
182	221	57
186	217	57
193	216	56
204	219	57
212	218	57
254	240	62
258	234	61
260	226	59
249	207	54
261	207	54
228	173	45
269	196	51
392	275	71
399	267	69
415	265	69
432	263	68
443	258	67
455	252	65
248	129	34
244	120	31
241	113	29
249	110	29
256	107	28
265	104	27
-57	6	1
-55	7	1
-52	8	1
-52	9	2
-52	10	2
-51	11	2
-52	12	2
-89	22	4
-84	22	4
-74	22	4
-82	29	5
-71	28	5
-81	35	6
-80	37	6
-79	39	7
-79	40	7
-79	42	7
-78	44	8
-78	46	8
-78	49	8
-84	55	10
-84	57	10
-84	60	10
-77	57	10
-71	56	10
-73	59	10
-74	63	11
-72	65	11
-70	66	11
-68	66	12
-61	62	11
-60	64	11
-66	73	13
-65	76	13
-65	78	14
-64	80	14
-62	82	14
-61	84	15
-60	87	15
-62	92	16
-61	96	17
-60	99	17
-57	99	17
-54	98	17
-54	104	18
-57	113	20
-55	116	20
-52	117	20
-49	116	20
-46	117	20
-46	124	22
-48	136	24
-45	138	24
-42	139	24
-39	139	24
-38	150	26
-41	173	30
-37	174	30
-33	173	30
-30	176	31
-29	195	34
-27	210	36
-22	210	36
-19	225	39
-14	228	40
-10	227	39
-5	225	39
0	224	39
5	222	39
5	60	10
6	58	10
7	57	10
8	56	10
9	56	10
10	54	9
11	55	9
13	56	10
14	55	10
16	57	10
17	57	10
18	57	10
19	57	10
21	57	10
22	58	10
24	58	10
25	56	10
26	55	9
27	56	10
29	57	10
32	59	10
34	59	10
36	60	10
36	58	10
38	57	10
42	61	11
44	62	11
46	62	11
48	61	11
190	225	39
197	223	39
204	222	39
211	220	38
218	217	38
255	245	43
258	237	41
263	232	40
264	222	39
256	206	36
267	206	36
279	197	34
398	269	47
410	265	46
429	265	46
438	257	45
452	253	44
472	251	44
246	123	21
241	114	20
246	110	19
254	107	19
264	105	18
270	100	17
281	98	17
-58	5	0
-55	6	1
-52	7	1
-52	8	1
-51	9	1
-51	10	1
-51	11	1
-51	13	1
-50	14	1
-50	15	1
-50	16	1
-49	17	1
-49	18	2
-80	35	3
-80	37	3
-79	39	3
-79	41	4
-78	43	4
-78	45	4
-77	47	4
-77	48	4
-76	50	4
-76	52	5
-75	55	5
-72	55	5
-72	57	5
-74	61	5
-73	63	5
-71	64	6
-70	66	6
-63	62	5
-61	63	5
-60	65	6
-66	74	6
-65	76	7
-64	78	7
-63	81	7
-62	82	7
-61	84	7
-61	89	8
-62	94	8
-61	97	8
-58	98	9
-56	98	9
-53	98	9
-57	110	10
-56	115	10
-54	116	10
-51	116	10
-48	116	10
-45	118	10
-49	134	12
-46	136	12
-44	138	12
-41	141	12
-38	142	12
-38	151	13
-39	173	15
-36	173	15
-32	173	15
-30	186	16
-28	202	18
-25	209	18
-20	210	18
-4	75	7
-2	75	7
2	61	5
4	58	5
5	57	5
6	56	5
7	55	5
8	54	5
9	53	5
10	53	5
12	54	5
13	55	5
14	53	5
16	55	5
17	55	5
18	54	5
20	55	5
21	55	5
22	56	5
24	56	5
25	56	5
27	55	5
28	55	5
30	56	5
32	58	5
34	58	5
34	56	5
38	59	5
40	59	5
41	59	5
43	59	5
45	59	5
47	59	5
50	60	5
166	183	16
171	181	16
213	217	19
256	240	21
259	233	20
263	226	20
255	210	18
259	204	18
224	168	15
269	194	17
283	195	17
400	264	23
418	264	23
435	262	23
443	254	22
460	251	22
247	127	11
245	119	10
242	111	10
247	107	9
257	105	9
265	102	9
275	99	9
287	97	8
-57	4	0
-55	5	0
-53	6	0
-52	7	0
-52	9	0
-51	10	0
-51	11	0
-51	12	0
-50	13	0
-50	14	0
-50	15	0
-49	16	0
-49	17	0
-81	34	0
-80	36	0
-79	37	0
-79	39	0
-79	41	0
-78	43	0
-78	45	0
-77	47	0
-76	49	0
-76	51	0
-75	53	0
-75	55	0
-71	55	0
-72	58	0
-73	61	0
-72	63	0
-71	64	0
-69	65	0
-61	61	0
-60	62	0
-66	71	0
-66	74	0
-65	77	0
-64	79	0
-62	80	0
-61	82	0
-60	85	0
-61	90	0
-61	94	0
-59	96	0
-57	97	0
-54	96	0
-52	98	0
-56	111	0
-55	114	0
-53	115	0
-49	115	0
-47	115	0
-44	117	0
-48	134	0
-45	136	0
-43	137	0
-40	138	0
-39	146	0
-40	166	0
-38	171	0
-34	171	0
-30	171	0
-29	189	0
-26	195	0
-23	207	0
-19	209	0
-3	73	0
2	59	0
3	57	0
4	56	0
5	55	0
7	54	0
8	53	0
9	52	0
10	52	0
11	52	0
12	53	0
13	53	0
14	52	0
16	53	0
17	53	0
18	53	0
20	53	0
21	53	0
23	54	0
24	54	0
26	54	0
27	54	0
28	54	0
30	54	0
32	55	0
34	55	0
36	56	0
38	57	0
40	57	0
42	58	0
43	57	0
45	56	0
47	56	0
51	60	0
164	175	0
170	173	0
213	209	0
214	202	0
259	234	0
261	226	0
263	218	0
257	203	0
265	201	0
211	152	0
281	195	0
395	263	0
409	261	0
425	258	0
441	255	0
452	249	0
472	247	0
244	120	0
243	113	0
245	108	0
253	105	0
262	102	0
270	99	0
283	97	0
293	94	0
-57	4	0
-54	5	0
-53	6	-1
-52	7	-1
-52	8	-1
-51	9	-1
-51	10	-1
-51	11	-1
-50	12	-1
-50	13	-1
-50	14	-1
-50	15	-1
-49	16	-1
-80	35	-3
-80	37	-3
-79	38	-3
-79	40	-4
-78	42	-4
-78	44	-4
-77	46	-4
-76	47	-4
-76	49	-4
-75	52	-5
-75	54	-5
-72	54	-5
-72	56	-5
-73	60	-5
-72	62	-6
-71	63	-6
-69	64	-6
-61	60	-5
-60	61	-5
-59	63	-6
-65	72	-6
-65	75	-7
-64	77	-7
-63	79	-7
-61	80	-7
-61	83	-7
-61	87	-8
-61	92	-8
-60	94	-9
-58	95	-9
-55	95	-9
-53	96	-9
-57	109	-10
-56	112	-10
-53	113	-10
-50	113	-10
-47	113	-10
-45	115	-10
-49	132	-12
-46	133	-12
-43	135	-12
-41	138	-12
-39	142	-13
-37	147	-13
-38	167	-15
-34	167	-15
-30	167	-15
-27	168	-15
-26	189	-17
-23	201	-18
-19	204	-18
-3	72	-6
-2	71	-6
0	57	-5
2	55	-5
3	54	-5
4	53	-5
5	53	-5
6	52	-5
7	52	-5
8	51	-5
10	50	-5
11	51	-5
12	53	-5
13	53	-5
14	51	-5
16	52	-5
17	51	-5
18	51	-5
19	51	-5
21	51	-5
22	52	-5
23	52	-5
25	52	-5
26	52	-5
28	53	-5
30	53	-5
31	52	-5
32	52	-5
34	53	-5
37	55	-5
38	54	-5
41	55	-5
43	55	-5
44	54	-5
46	55	-5
49	56	-5
52	57	-5
172	173	-16
192	178	-16
259	230	-21
261	223	-20
263	215	-19
256	200	-18
265	198	-18
211	150	-14
281	192	-17
397	261	-24
413	259	-23
425	254	-23
441	251	-23
451	245	-22
471	243	-22
244	118	-11
243	111	-10
244	106	-10
254	103	-9
262	101	-9
263	95	-9
265	90	-8
263	83	-7
261	76	-7
261	70	-6
-56	3	-1
-53	4	-1
-53	5	-1
-52	6	-1
-52	7	-1
-52	8	-2
-51	9	-2
-51	10	-2
-51	12	-2
-51	13	-2
-50	14	-3
-50	14	-3
-50	16	-3
-50	17	-3
-80	33	-6
-80	34	-6
-79	36	-7
-79	38	-7
-78	40	-7
-78	41	-8
-78	43	-8
-77	45	-8
-77	47	-9
-76	49	-9
-76	51	-9
-75	53	-10
-72	53	-10
-72	55	-10
-73	59	-11
-72	61	-11
-71	62	-11
-69	63	-12
-62	59	-11
-60	60	-11
-59	62	-11
-66	71	-13
-65	73	-14
-64	76	-14
-63	78	-14
-62	80	-15
-61	82	-15
-61	86	-16
-61	90	-17
-60	93	-17
-58	94	-17
-55	94	-17
-52	94	-17
-56	106	-20
-56	111	-20
-53	111	-21
-50	111	-21
-47	111	-21
-45	113	-21
-48	130	-24
-46	131	-24
-43	134	-25
-41	136	-25
-38	140	-26
-36	143	-26
-36	160	-30
-33	163	-30
-29	163	-30
-26	164	-30
-22	166	-31
-21	185	-34
-18	200	-37
-2	57	-11
-1	56	-10
1	52	-10
2	51	-9
3	50	-9
4	51	-9
5	51	-9
6	50	-9
7	50	-9
9	51	-9
10	51	-9
11	51	-9
12	51	-9
13	50	-9
14	49	-9
16	49	-9
17	49	-9
18	49	-9
19	49	-9
20	49	-9
22	49	-9
23	50	-9
25	50	-9
26	50	-9
28	50	-9
30	51	-10
31	52	-10
33	52	-10
34	51	-9
36	51	-9
38	51	-9
41	54	-10
43	54	-10
44	53	-10
46	52	-10
47	52	-10
50	53	-10
170	166	-31
176	165	-30
182	163	-30
187	161	-30
242	199	-37
250	198	-37
260	197	-36
269	195	-36
281	187	-34
399	255	-47
416	253	-47
428	249	-46
441	244	-45
458	241	-45
466	233	-43
245	115	-21
243	108	-20
246	103	-19
254	101	-19
263	98	-18
272	96	-18
263	87	-16
263	81	-15
255	72	-13
257	67	-12
258	62	-11
264	58	-11
-60	2	-1
-55	3	-1
-53	4	-1
-53	5	-1
-52	6	-2
-52	7	-2
-52	8	-2
-52	9	-3
-51	10	-3
-51	11	-3
-51	12	-3
-50	13	-4
-50	14	-4
-50	15	-4
-50	16	-5
-50	17	-5
-80	33	-9
-80	35	-10
-79	36	-10
-79	38	-11
-78	40	-11
-78	41	-12
-77	43	-12
-77	45	-13
-77	47	-13
-76	49	-14
-61	41	-12
-59	42	-12
-57	42	-12
-73	61	-17
-71	61	-18
-68	62	-18
-61	58	-16
-59	59	-17
-59	62	-18
-65	70	-20
-65	73	-21
-64	75	-21
-63	77	-22
-61	78	-22
-61	81	-23
-61	86	-25
-61	90	-26
-59	91	-26
-57	92	-26
-54	92	-26
-52	93	-27
-57	107	-31
-55	109	-31
-52	110	-31
-49	109	-31
-46	110	-31
-6	22	-6
-5	22	-6
-5	21	-6
-4	21	-6
-3	21	-6
-4	21	-6
-3	22	-6
-2	22	-6
2	47	-13
3	50	-14
4	50	-14
5	50	-14
6	49	-14
7	50	-14
9	51	-14
10	54	-15
12	53	-15
12	51	-15
13	50	-14
14	49	-14
16	49	-14
17	49	-14
18	48	-14
19	47	-13
20	48	-14
22	48	-14
23	49	-14
25	49	-14
26	49	-14
28	49	-14
29	50	-14
31	50	-14
33	51	-14
35	51	-14
35	49	-14
38	51	-14
40	51	-14
41	50	-14
44	52	-15
45	50	-14
47	51	-15
50	51	-15
53	53	-15
176	161	-46
184	161	-46
232	195	-56
245	198	-56
253	195	-56
262	194	-55
210	148	-42
272	184	-53
406	253	-72
414	246	-70
432	245	-70
440	238	-68
463	238	-68
249	121	-34
246	113	-32
241	105	-30
245	101	-29
250	97	-28
248	91	-26
248	85	-24
269	87	-25
265	80	-23
268	75	-21
254	65	-19
256	61	-17
261	57	-16
267	53	-15
