-239	48	25
-232	51	27
-234	57	30
-280	74	40
-276	79	42
-265	83	44
-261	87	46
-253	91	48
-234	90	48
-171	71	38
-230	112	60
-233	120	64
-349	188	100
-345	206	109
-344	215	114
-341	224	119
-347	239	127
-153	112	60
-146	112	60
-140	112	60
-139	117	62
-140	123	65
-140	128	68
-140	135	72
-141	142	75
-142	149	79
-142	156	83
-143	164	87
-143	172	92
-145	182	97
-144	190	101
-146	202	107
-148	214	114
51	202	107
53	189	100
42	135	72
44	131	70
46	127	68
49	125	66
51	122	65
53	120	64
56	119	63
57	114	60
58	108	57
58	103	55
58	97	52
59	93	49
59	88	47
59	84	45
58	78	42
58	75	40
58	72	38
59	66	35
61	65	35
61	62	33
61	60	32
61	57	30
62	55	29
62	52	28
62	50	27
62	48	25
62	46	24
62	44	23
62	42	22
62	40	21
62	38	20
63	36	19
63	34	18
63	33	17
63	31	16
63	29	15
63	27	15
63	26	14
64	25	13
-239	48	25
-232	51	27
-234	57	30
-280	74	39
-274	79	42
-267	83	44
-260	87	46
-252	90	48
-234	90	48
-171	70	37
-230	112	60
-234	120	64
-348	186	99
-346	195	104
-346	205	109
-342	213	113
-344	225	120
-349	239	127
-154	112	60
-147	112	60
-141	113	60
-140	117	62
-140	122	65
-140	128	68
-140	134	71
-141	141	75
-141	148	79
-142	156	83
-143	163	87
-144	172	92
-145	182	97
-145	190	101
-145	200	106
-147	212	113
51	204	109
52	189	101
42	136	72
44	131	70
46	127	68
49	126	67
51	122	65
53	120	64
57	120	64
57	114	61
58	108	57
58	103	55
58	98	52
59	93	49
59	89	47
59	84	45
58	79	42
58	75	40
58	72	38
61	66	35
61	63	33
61	60	32
61	57	30
61	55	29
62	53	28
62	50	27
62	48	26
62	46	24
62	44	23
62	42	22
62	40	21
62	38	20
62	36	19
63	35	18
63	33	17
63	31	17
63	29	16
63	28	15
63	26	14
64	25	13
-235	50	27
-234	55	29
-235	94	50
-172	73	39
-236	119	63
-155	111	59
-150	113	60
-143	112	60
-141	116	62
-141	121	64
-140	126	67
-140	132	70
-141	139	74
-141	145	77
-142	153	81
-142	161	85
-142	168	89
-146	180	96
-145	188	100
-146	198	106
-147	209	111
52	193	102
43	131	70
46	129	69
48	126	67
50	123	65
53	120	64
56	120	64
57	116	62
57	109	58
58	104	56
58	99	53
59	95	50
59	90	48
59	86	46
59	82	44
58	76	41
58	73	39
61	67	35
61	64	34
61	61	32
61	58	31
62	56	30
62	53	28
62	51	27
62	49	26
62	47	25
62	45	24
62	42	23
62	41	22
63	39	21
62	37	19
62	35	19
62	33	18
63	32	17
63	30	16
63	28	15
63	27	14
64	25	13
-238	49	26
-235	54	29
-236	93	50
-170	72	38
-235	117	62
-156	111	59
-151	113	60
-144	113	60
-140	114	61
-140	120	64
-140	126	67
-140	131	70
-141	138	73
-140	143	76
-142	152	81
-142	159	85
-143	167	89
-144	177	94
-146	188	100
-147	198	105
-147	208	111
52	194	103
43	133	71
46	130	69
48	127	67
50	123	66
52	120	64
56	120	64
57	116	62
58	110	59
58	105	56
58	100	53
59	95	51
59	90	48
59	86	46
59	82	44
58	76	41
58	73	39
58	69	37
61	67	35
61	64	34
61	61	32
62	58	31
62	56	30
62	53	28
62	51	27
62	49	26
62	47	25
62	45	24
62	43	23
62	41	22
63	39	21
62	37	20
62	35	19
62	33	18
63	32	17
63	30	16
63	28	15
63	27	14
64	25	13
-240	48	25
-232	51	27
-280	74	40
-274	79	42
-266	83	44
-259	87	46
-254	91	49
-233	90	48
-170	71	38
-231	113	60
-234	120	64
-349	188	100
-344	205	109
-342	214	114
-348	229	122
-346	238	127
-153	112	59
-146	112	60
-140	113	60
-139	117	62
-140	123	65
-140	129	68
-140	135	72
-141	142	75
-142	149	80
-142	156	83
-143	165	88
-145	174	93
-144	182	97
-145	191	102
-145	200	107
-147	213	113
52	201	107
53	186	99
42	134	71
44	130	69
46	125	67
49	124	66
51	121	64
54	119	63
57	119	63
57	112	60
58	107	57
58	102	54
58	97	51
59	92	49
59	87	47
59	84	44
58	78	41
58	74	40
58	71	38
61	68	36
61	65	34
61	62	33
61	59	32
61	57	30
61	54	29
62	52	28
62	50	26
62	47	25
62	45	24
62	43	23
62	41	22
62	39	21
62	38	20
63	36	19
62	34	18
63	32	17
63	31	16
63	29	15
63	27	14
63	26	14
-235	44	23
-235	49	26
-232	53	28
-277	76	40
-268	80	42
-262	84	45
-256	88	47
-232	92	49
-170	72	38
-233	117	62
-349	193	102
-341	198	105
-344	210	112
-343	220	117
-347	233	124
-155	111	59
-150	112	60
-143	112	60
-139	115	61
-139	120	64
-140	125	67
-140	131	70
-140	138	73
-141	145	77
-142	153	81
-144	161	86
-144	169	90
-144	178	95
-144	185	98
-145	196	104
-146	207	110
51	209	111
52	191	102
42	138	73
43	131	70
46	128	68
49	126	67
50	122	65
53	120	64
56	121	64
57	115	61
57	109	58
58	103	55
58	98	52
58	93	50
59	89	48
59	85	45
59	81	43
58	75	40
58	72	39
56	66	35
61	66	35
61	63	34
61	60	32
61	58	31
62	55	29
62	53	28
62	50	27
62	48	26
62	46	25
62	44	23
62	42	22
62	40	21
62	38	20
62	36	19
62	34	18
63	33	18
63	31	17
63	30	16
63	28	15
63	26	14
64	25	13
-239	45	24
-232	49	26
-232	54	29
-279	71	38
-275	76	40
-267	80	42
-262	85	45
-256	89	47
-240	89	47
-233	93	49
-169	72	38
-232	117	62
-341	179	95
-343	190	101
-337	197	105
-341	209	111
-338	217	116
-338	228	122
-155	111	59
-149	112	60
-142	112	60
-140	116	62
-140	121	64
-140	126	67
-141	133	71
-140	139	74
-142	146	78
-142	154	82
-143	162	86
-143	169	90
-144	178	95
-145	187	100
-146	198	105
-146	207	110
-108	212	113
-28	204	108
-19	206	109
-13	205	109
-8	205	109
-4	206	110
1	205	109
6	203	108
11	203	108
16	204	109
21	203	108
26	205	109
45	202	107
51	206	110
52	189	101
41	136	72
44	131	70
46	127	68
49	126	67
50	122	65
53	120	64
56	120	64
57	114	61
57	108	57
58	103	55
58	98	52
59	93	50
59	89	47
59	85	45
58	80	42
58	75	40
58	72	38
60	68	36
61	66	35
61	63	33
61	60	32
61	57	31
61	55	29
61	53	28
62	50	27
62	48	25
62	46	24
62	44	23
62	42	22
62	40	21
62	38	20
62	36	19
62	34	18
63	33	17
62	31	16
63	29	16
63	28	15
63	26	14
64	25	13
-240	46	24
-232	49	26
-232	54	29
-279	71	38
-274	77	41
-265	80	43
-262	85	45
-255	89	47
-233	93	50
-167	72	38
-232	117	62
-351	186	99
-338	188	100
-340	199	106
-341	210	112
-337	219	116
-337	229	122
-155	112	60
-148	112	60
-142	113	60
-140	116	62
-140	122	65
-140	128	68
-141	134	71
-140	139	74
-141	147	78
-142	154	82
-143	163	86
-143	171	91
-143	179	95
-146	191	102
-145	199	106
-145	210	112
-42	202	107
-37	203	108
-22	203	108
-17	205	109
-12	206	110
-7	206	110
-2	207	110
3	205	109
13	202	107
18	204	109
22	202	108
42	205	109
52	201	107
53	185	99
42	134	71
45	130	69
46	126	67
49	124	66
51	121	64
54	120	64
57	118	63
57	112	59
58	106	56
58	100	53
58	96	51
59	91	48
59	87	46
59	83	44
58	77	41
58	73	39
58	70	37
61	67	36
61	64	34
61	61	33
61	59	31
62	56	30
61	54	29
61	51	27
61	49	26
62	47	25
62	45	24
62	43	23
62	41	22
63	39	21
62	37	20
62	35	19
62	33	18
63	32	17
63	30	16
63	28	15
63	27	14
63	25	14
-231	45	20
-233	51	22
-232	56	24
-287	75	33
-277	79	34
-266	82	36
-262	87	38
-255	91	40
-235	96	42
-170	75	33
-233	121	53
-346	187	82
-340	204	89
-343	216	94
-344	228	100
-348	241	106
-155	114	50
-148	114	50
-142	115	50
-139	118	52
-139	124	54
-140	130	57
-140	135	59
-140	142	62
-142	150	66
-143	158	69
-143	166	73
-144	174	76
-145	183	80
-145	193	85
-146	203	89
-146	214	93
-146	224	98
-140	226	99
-133	226	99
-126	226	99
-120	227	99
-113	227	99
-107	228	100
-101	229	100
-95	229	100
-89	230	101
-83	230	100
-77	231	101
-71	230	101
-66	232	101
-60	231	101
-54	231	101
-43	233	102
-38	233	102
-32	234	102
-27	234	103
-21	235	103
-16	236	103
-10	236	103
-5	237	104
1	236	103
6	237	104
12	238	104
28	240	105
34	238	104
50	233	102
51	212	93
52	197	86
53	183	80
44	137	60
46	132	58
49	132	58
51	127	56
53	124	54
58	127	56
57	118	52
57	112	49
58	106	47
58	101	44
58	96	42
59	92	40
59	87	38
61	78	34
61	74	33
61	71	31
61	68	30
61	65	28
61	62	27
61	59	26
61	57	25
62	54	24
62	52	23
62	49	22
62	47	21
62	46	20
62	43	19
62	41	18
62	40	17
62	37	16
62	36	16
62	34	15
62	32	14
63	30	13
63	29	13
63	27	12
63	25	11
-208	40	17
-233	49	22
-232	54	24
-279	78	34
-269	82	36
-263	86	38
-256	90	39
-236	95	42
-169	73	32
-231	118	51
-344	194	85
-340	201	88
-343	214	93
-345	226	99
-347	238	104
-156	113	50
-150	114	50
-143	115	50
-140	117	51
-139	122	53
-140	128	56
-140	134	59
-140	141	62
-142	149	65
-141	155	68
-143	164	72
-143	172	75
-144	180	79
-144	189	83
-144	199	87
-146	211	92
-146	221	97
-142	226	99
-135	226	99
-127	225	99
-122	228	100
-115	227	99
-109	228	100
-103	230	101
-96	228	100
-91	230	100
-84	229	100
-79	230	101
-73	230	100
-67	231	101
-61	231	101
-56	232	101
-51	235	103
-45	233	102
-39	233	102
-34	234	102
-28	235	103
-23	235	103
-17	236	103
-12	236	103
-6	237	104
-1	236	103
5	237	104
10	239	105
16	240	105
27	239	105
48	234	102
51	220	96
52	202	88
52	185	81
43	138	61
45	134	59
47	127	56
50	128	56
52	125	55
56	126	55
57	120	52
57	114	50
58	108	47
58	103	45
58	98	43
58	93	41
59	89	39
59	85	37
60	78	34
61	75	33
61	72	31
61	69	30
61	66	29
61	63	27
61	60	26
61	57	25
61	55	24
62	53	23
62	50	22
62	48	21
62	46	20
62	44	19
62	42	18
62	40	18
62	38	17
62	36	16
62	34	15
63	33	14
63	31	14
63	29	13
63	28	12
63	26	11
64	25	11
-236	49	22
-233	54	24
-236	94	41
-170	73	32
-234	118	52
-161	117	51
-151	115	50
-145	115	50
-140	117	51
-140	122	53
-141	128	56
-141	134	59
-141	140	61
-140	146	64
-140	153	67
-142	162	71
-142	170	74
-144	180	79
-146	190	83
-147	201	88
-147	210	92
-148	223	98
-144	229	100
-136	227	99
-130	229	100
-123	228	100
-117	229	100
-111	230	101
-104	230	100
-98	230	100
-92	231	101
-87	233	102
-81	233	102
-75	233	102
-69	234	102
-63	233	102
-57	234	102
-52	233	102
-46	236	103
-41	236	103
-35	235	103
-30	237	104
-24	234	103
-18	237	104
-13	239	105
-7	237	104
-2	237	104
4	239	105
51	224	98
52	205	90
53	190	83
43	139	61
45	134	59
50	129	57
52	126	55
55	125	55
57	121	53
57	115	50
58	109	48
58	104	46
59	99	43
59	94	41
59	90	39
59	86	38
60	79	34
61	76	33
61	73	32
61	69	30
61	67	29
61	64	28
61	61	27
61	58	26
62	56	24
62	53	23
62	51	22
62	49	21
62	47	20
62	44	19
62	42	18
63	41	18
62	39	17
63	37	16
63	35	15
63	33	15
63	31	14
63	30	13
63	28	12
63	26	12
64	25	11
-238	49	21
-234	53	23
-235	93	41
-170	73	32
-151	114	50
-146	115	50
-140	116	51
-140	121	53
-140	127	56
-140	132	58
-141	140	61
-141	146	64
-141	152	67
-142	160	70
-143	169	74
-145	179	78
-146	189	83
-146	199	87
-147	210	92
-148	220	96
-145	227	99
-137	227	99
-131	228	100
-124	227	99
-117	228	100
-112	230	101
-106	232	101
-99	231	101
-93	231	101
-87	231	101
-81	232	102
-76	233	102
-70	233	102
-64	234	102
-59	235	103
-52	232	102
-47	235	103
-42	237	104
-36	237	104
-30	234	102
-25	234	102
-19	237	104
-14	237	104
-8	236	103
-3	238	104
3	239	105
50	226	99
52	207	91
53	194	85
43	140	61
44	134	59
46	130	57
50	131	57
52	126	55
55	125	55
57	122	54
57	117	51
58	110	48
58	104	46
59	100	44
59	95	42
59	90	39
59	86	38
60	79	34
60	76	33
61	73	32
61	70	31
61	67	29
61	64	28
61	61	27
62	59	26
62	56	24
62	53	23
62	51	23
62	49	21
62	47	21
62	45	20
62	43	19
62	41	18
62	39	17
62	37	16
63	35	15
63	33	15
63	32	14
63	30	13
63	28	12
63	27	12
64	25	11
-236	48	21
-231	52	23
-234	58	25
-284	76	33
-276	81	35
-266	85	37
-261	89	39
-253	93	41
-233	91	40
-171	72	31
-231	115	50
-234	123	54
-346	190	83
-343	209	91
-344	220	96
-344	230	101
-347	244	107
-153	114	50
-146	114	50
-140	115	50
-140	120	52
-140	125	55
-140	131	57
-141	138	60
-141	145	63
-142	153	67
-142	160	70
-143	168	74
-143	176	77
-145	186	81
-145	195	85
-145	205	90
-147	218	95
-146	226	99
-139	228	100
-131	226	99
-124	227	99
-119	228	100
-112	227	99
-106	228	100
-100	229	100
-94	230	101
-87	229	100
-82	231	101
-76	232	101
-70	232	101
-65	231	101
-59	231	101
-53	232	101
-48	234	102
-42	232	102
-37	234	102
-31	234	102
-26	234	103
-20	235	103
-15	235	103
-9	236	103
-4	236	103
2	236	103
7	237	104
35	236	103
50	230	101
51	209	92
53	195	86
43	142	62
44	135	59
45	129	57
50	132	58
51	127	55
54	125	55
56	123	54
57	117	51
57	111	49
58	106	46
58	100	44
59	96	42
59	91	40
59	87	38
61	78	34
61	74	32
61	71	31
61	68	30
61	65	28
61	62	27
61	59	26
61	56	25
62	54	24
62	52	23
62	49	22
62	47	21
62	45	20
62	43	19
62	41	18
62	39	17
63	37	16
62	35	16
63	34	15
63	32	14
63	30	13
63	29	12
63	27	12
63	25	11
-207	38	17
-236	48	21
-231	52	23
-279	76	33
-271	80	35
-266	85	37
-260	89	39
-253	93	41
-233	92	40
-170	72	32
-229	115	50
-236	125	55
-347	192	84
-341	199	87
-343	210	92
-343	221	97
-348	235	103
-349	247	108
-151	114	50
-145	115	50
-140	116	51
-139	121	53
-139	126	55
-140	132	58
-140	139	61
-141	146	64
-142	154	67
-142	161	71
-143	169	74
-144	179	78
-144	187	82
-145	197	86
-146	208	91
-146	219	96
-144	227	99
-136	225	98
-130	227	99
-123	226	99
-117	228	100
-110	228	100
-104	229	100
-98	230	100
-92	230	100
-86	230	101
-80	230	101
-75	231	101
-69	231	101
-63	231	101
-57	231	101
-52	232	102
-46	232	102
-41	233	102
-35	234	103
-30	234	102
-24	234	103
-19	236	103
-13	235	103
-8	236	103
-2	236	103
3	241	106
51	223	98
51	204	89
53	190	83
43	140	61
45	135	59
46	127	55
50	130	57
52	126	55
55	125	54
57	122	53
57	115	50
58	109	48
58	104	46
58	99	43
59	94	41
59	89	39
59	85	37
60	78	34
61	76	33
61	72	32
61	70	30
61	66	29
61	64	28
61	61	27
61	58	25
61	55	24
62	53	23
62	51	22
61	48	21
62	46	20
62	44	19
62	42	18
62	40	18
62	38	17
62	36	16
62	35	15
63	33	14
63	31	14
63	30	13
63	28	12
63	26	11
64	25	11
-212	38	17
-235	47	21
-231	52	23
-231	57	25
-277	75	33
-271	79	35
-264	84	37
-259	89	39
-253	93	41
-235	92	40
-172	73	32
-231	115	50
-234	123	54
-347	191	84
-340	198	86
-339	207	91
-339	217	95
-337	227	99
-338	239	104
-152	114	50
-147	115	50
-139	115	50
-139	120	53
-139	126	55
-140	132	58
-140	138	61
-140	145	63
-141	152	67
-142	160	70
-143	169	74
-143	177	78
-143	185	81
-146	198	87
-146	207	91
-148	220	96
-144	225	98
-136	225	98
-130	226	99
-124	227	99
-117	226	99
-111	227	100
-105	229	100
-99	230	100
-93	231	101
-87	230	101
-81	231	101
-75	231	101
-69	231	101
-64	232	101
-58	233	102
-52	232	102
-47	232	101
-41	232	102
-36	233	102
-30	234	102
-25	234	102
-19	235	103
-14	235	103
-8	237	104
-3	236	103
3	237	104
36	236	103
41	235	103
50	224	98
51	207	90
52	190	83
43	140	61
45	135	59
46	128	56
50	130	57
51	126	55
55	125	55
57	122	53
57	115	51
57	109	48
58	104	46
58	99	43
58	94	41
59	90	39
59	86	38
58	80	35
60	79	34
61	76	33
61	73	32
61	70	30
61	67	29
61	64	28
61	61	27
61	58	25
61	56	24
61	53	23
62	51	22
61	48	21
62	46	20
62	44	19
62	42	19
62	40	18
62	38	17
62	36	16
62	35	15
62	33	14
63	31	14
63	30	13
63	28	12
63	27	12
64	25	11
-210	38	17
-234	48	21
-231	53	23
-276	75	33
-268	79	35
-265	85	37
-259	89	39
-252	93	41
-234	93	41
-170	72	32
-231	116	51
-233	123	54
-347	193	84
-338	198	87
-341	209	92
-339	219	96
-338	229	100
-339	241	105
-152	115	50
-144	114	50
-139	116	51
-139	121	53
-139	126	55
-140	133	58
-141	140	61
-140	146	64
-142	154	67
-143	162	71
-143	169	74
-144	179	78
-144	187	82
-146	199	87
-146	209	91
-147	221	96
-142	225	98
-135	225	98
-129	226	99
-122	226	99
-115	226	99
-110	228	100
-103	228	100
-98	230	100
-91	229	100
-85	230	101
-80	231	101
-74	231	101
-68	231	101
-62	233	102
-56	232	101
-51	234	102
-45	233	102
-40	233	102
-34	235	103
-29	234	103
-23	234	102
-18	235	103
-12	236	103
-7	236	103
-1	236	103
5	237	104
10	234	103
32	234	102
37	234	103
43	235	103
49	236	103
51	217	95
52	200	87
53	186	81
43	138	60
45	134	58
47	128	56
50	128	56
52	124	54
57	127	56
57	119	52
57	113	50
57	107	47
58	102	45
58	97	43
59	93	41
59	88	39
59	84	37
60	78	34
61	75	33
61	71	31
61	68	30
61	65	28
61	62	27
61	60	26
61	57	25
61	54	24
61	52	23
62	50	22
62	47	21
62	45	20
62	43	19
62	41	18
62	39	17
62	37	16
62	36	16
62	34	15
63	32	14
62	30	13
63	29	13
63	27	12
63	25	11
-193	34	12
-220	44	15
-231	51	18
-231	57	20
-276	74	26
-273	79	28
-268	85	29
-260	88	31
-255	93	32
-232	91	32
-170	72	25
-230	115	40
-233	123	43
-346	192	67
-339	197	69
-339	208	72
-341	220	76
-342	232	80
-341	242	84
-151	114	40
-145	115	40
-139	115	40
-140	121	42
-140	127	44
-140	133	46
-141	140	48
-142	147	51
-142	154	53
-143	162	56
-143	169	59
-144	178	62
-144	188	65
-144	197	68
-145	207	72
-146	218	76
-143	225	78
-137	226	79
-129	225	78
-123	226	79
-116	226	79
-110	227	79
-103	226	79
-98	227	79
-92	228	79
-86	229	80
-81	230	80
-75	230	80
-69	231	80
-64	232	80
-58	230	80
-52	232	81
-47	232	81
-42	233	81
-36	233	81
-31	234	81
-25	233	81
-20	236	82
-15	235	82
-9	237	82
-4	237	82
1	234	81
7	236	82
12	237	82
18	238	83
23	239	83
29	238	83
34	239	83
40	239	83
45	238	83
49	231	80
51	213	74
52	198	69
53	184	64
54	172	60
55	161	56
56	152	53
56	143	50
57	135	47
58	128	44
59	110	38
59	104	36
59	99	34
60	94	33
60	90	31
60	86	30
60	82	28
60	78	27
61	75	26
61	72	25
61	68	24
61	66	23
61	62	22
61	60	21
61	57	20
61	55	19
61	52	18
62	50	17
62	48	17
62	46	16
62	44	15
62	42	14
62	40	14
62	38	13
62	36	12
62	34	12
62	32	11
63	31	11
63	29	10
63	27	9
63	26	9
63	24	8
-193	34	12
-220	44	15
-231	51	18
-230	56	20
-275	73	26
-273	79	28
-268	84	29
-260	88	31
-255	93	32
-232	91	32
-170	72	25
-230	115	40
-233	123	43
-346	191	66
-339	197	68
-339	208	72
-341	220	76
-340	230	80
-339	241	84
-151	114	39
-145	115	40
-139	115	40
-140	121	42
-140	127	44
-141	133	46
-141	140	48
-142	147	51
-142	153	53
-143	162	56
-143	169	59
-144	178	62
-145	187	65
-145	196	68
-145	207	72
-146	219	76
-143	225	78
-137	226	79
-129	225	78
-123	226	79
-116	226	78
-111	227	79
-104	226	79
-99	228	79
-93	229	80
-87	229	79
-81	229	79
-75	230	80
-70	231	80
-64	231	80
-58	231	80
-53	232	81
-48	233	81
-42	233	81
-37	233	81
-31	234	81
-26	235	82
-20	233	81
-15	235	82
-10	237	82
-4	237	82
1	236	82
6	236	82
12	237	82
17	238	83
22	239	83
28	238	83
33	239	83
39	239	83
45	238	83
49	231	80
50	214	74
52	200	69
53	184	64
54	174	60
55	162	56
55	152	53
56	144	50
57	136	47
57	129	45
59	110	38
59	105	36
59	99	34
59	95	33
60	90	31
60	86	30
60	82	28
60	78	27
60	75	26
61	72	25
61	69	24
61	66	23
61	63	22
61	60	21
61	58	20
61	55	19
61	52	18
62	50	17
61	48	17
62	46	16
62	44	15
62	42	14
62	40	14
62	38	13
62	36	13
62	34	12
62	32	11
62	31	11
63	29	10
63	28	10
63	26	9
63	24	8
-193	35	12
-229	46	16
-232	52	18
-226	56	20
-278	75	26
-270	80	28
-264	84	29
-259	89	31
-254	93	32
-235	93	32
-170	72	25
-231	116	40
-235	125	43
-346	193	67
-338	198	69
-341	210	73
-341	221	77
-338	230	80
-158	114	40
-150	114	40
-145	115	40
-139	116	40
-140	122	42
-140	128	44
-141	134	47
-141	141	49
-141	147	51
-141	154	53
-143	162	56
-143	171	59
-144	180	62
-144	188	65
-147	200	69
-146	208	72
-147	221	77
-142	225	78
-136	225	78
-129	225	78
-123	227	79
-117	228	79
-111	229	80
-104	227	79
-98	228	79
-92	229	80
-87	230	80
-81	231	80
-75	231	80
-69	231	80
-63	230	80
-58	231	80
-52	232	81
-47	232	80
-41	233	81
-36	234	81
-31	234	81
-25	235	82
-20	235	82
-15	235	82
-9	237	82
-4	237	82
2	236	82
7	236	82
13	237	82
18	238	83
23	239	83
28	237	82
34	241	84
40	240	84
46	241	84
49	231	80
51	214	74
52	197	69
53	184	64
54	172	60
55	160	56
55	151	53
56	142	49
57	136	47
57	128	44
57	112	39
59	109	38
59	104	36
59	99	34
60	94	33
60	90	31
60	86	30
60	82	28
60	78	27
60	75	26
61	72	25
61	68	24
61	66	23
61	62	22
61	60	21
61	57	20
61	54	19
61	52	18
61	50	17
62	48	17
62	46	16
62	44	15
62	41	14
62	40	14
62	38	13
62	36	12
62	34	12
62	32	11
63	31	11
63	29	10
63	27	9
63	26	9
63	24	8
-218	45	16
-231	53	18
-225	57	20
-278	76	26
-269	80	28
-263	85	29
-259	90	31
-252	94	33
-234	93	32
-170	73	25
-233	118	41
-344	193	67
-340	201	70
-340	211	73
-340	222	77
-337	231	80
-157	114	40
-150	114	40
-144	115	40
-139	117	41
-140	122	43
-140	128	44
-140	135	47
-141	141	49
-141	148	51
-141	155	54
-143	164	57
-143	171	59
-144	180	63
-144	189	66
-146	201	70
-146	211	73
-147	222	77
-142	225	78
-135	226	78
-128	225	78
-122	227	79
-116	228	79
-110	229	80
-103	228	79
-98	230	80
-91	230	80
-86	231	80
-80	231	80
-74	232	80
-69	232	80
-62	230	80
-57	231	80
-52	232	81
-46	233	81
-41	233	81
-35	235	81
-30	234	81
-25	235	82
-19	235	82
-14	235	82
-8	237	82
-3	236	82
2	236	82
8	237	82
13	237	82
19	239	83
24	240	83
29	237	82
35	239	83
41	240	83
46	240	83
49	227	79
51	211	73
52	195	68
53	182	63
54	170	59
55	159	55
56	150	52
56	142	49
57	134	47
57	126	44
58	113	39
59	108	38
59	103	36
60	99	34
60	94	33
60	89	31
60	85	30
60	81	28
60	78	27
61	74	26
61	71	25
61	68	24
61	65	23
61	62	22
61	60	21
61	57	20
61	54	19
61	52	18
61	50	17
62	48	17
62	45	16
62	43	15
62	41	14
62	39	14
62	37	13
62	36	12
63	34	12
62	32	11
63	30	11
63	29	10
63	27	9
63	25	9
63	24	8
-195	35	12
-232	46	16
-233	52	18
-229	57	20
-281	75	26
-273	80	28
-265	84	29
-259	89	31
-254	93	32
-232	92	32
-171	72	25
-231	116	40
-236	125	43
-345	191	66
-341	199	69
-343	211	73
-344	222	77
-347	235	82
-158	114	39
-150	114	40
-145	115	40
-140	116	40
-140	121	42
-140	127	44
-140	133	46
-141	140	49
-142	147	51
-142	154	54
-143	163	56
-143	171	59
-145	181	63
-145	189	66
-145	199	69
-145	208	72
-147	221	77
-143	225	78
-135	225	78
-129	227	79
-123	227	79
-117	228	79
-111	229	80
-103	227	79
-98	229	79
-92	229	80
-86	231	80
-81	231	80
-75	231	80
-69	231	80
-64	232	81
-58	233	81
-53	234	81
-47	233	81
-41	233	81
-36	235	81
-31	234	81
-25	235	82
-20	235	82
-14	235	82
-9	237	82
-4	238	83
2	237	82
7	237	82
13	237	82
18	239	83
24	240	83
29	239	83
35	239	83
40	239	83
46	239	83
50	231	80
51	212	73
52	196	68
53	183	64
54	171	59
55	160	56
56	151	52
57	143	50
57	134	47
57	127	44
58	113	39
59	109	38
59	103	36
60	99	34
60	94	33
60	89	31
60	85	30
60	81	28
61	78	27
61	74	26
61	71	25
61	68	24
61	65	23
61	62	22
61	59	21
61	57	20
61	54	19
62	52	18
62	50	17
62	47	16
62	45	16
62	43	15
62	41	14
62	39	14
62	37	13
62	36	12
63	34	12
63	32	11
63	30	11
63	29	10
63	27	9
63	25	9
64	24	8
-194	35	12
-233	47	16
-232	52	18
-228	57	20
-281	76	26
-273	80	28
-265	84	29
-259	89	31
-254	93	32
-232	92	32
-171	72	25
-231	116	40
-236	125	43
-344	191	66
-339	198	69
-344	211	73
-345	222	77
-348	235	82
-347	246	85
-151	114	40
-145	115	40
-140	116	40
-139	121	42
-140	127	44
-140	133	46
-141	140	49
-141	146	51
-142	154	54
-143	162	56
-143	170	59
-145	180	62
-145	189	66
-145	198	69
-146	208	72
-146	219	76
-143	225	78
-136	225	78
-130	226	79
-123	227	79
-117	228	79
-111	229	80
-104	227	79
-98	229	79
-92	229	80
-87	230	80
-81	231	80
-75	231	80
-70	232	80
-64	232	81
-58	233	81
-53	234	81
-47	233	81
-42	233	81
-36	234	81
-31	234	81
-25	234	81
-20	235	82
-15	235	82
-9	237	82
-4	238	83
2	236	82
7	237	82
12	239	83
18	239	83
23	239	83
29	239	83
34	240	83
40	239	83
46	241	84
50	231	80
51	212	74
52	197	68
53	183	64
54	172	60
55	160	56
56	151	52
56	142	49
57	136	47
58	128	44
57	112	39
59	109	38
59	103	36
59	99	34
60	94	33
60	89	31
60	86	30
60	82	28
60	78	27
60	75	26
61	72	25
61	68	24
61	65	23
61	63	22
61	60	21
61	57	20
61	54	19
61	52	18
61	50	17
62	48	17
62	46	16
62	44	15
62	41	14
62	40	14
62	37	13
62	36	12
62	34	12
63	32	11
63	30	11
63	29	10
63	27	9
63	25	9
63	24	8
-194	34	12
-210	42	14
-232	51	18
-232	57	20
-278	74	26
-274	79	28
-265	83	29
-260	88	31
-254	92	32
-234	91	32
-170	72	25
-230	115	40
-234	123	43
-351	193	67
-339	197	68
-340	208	72
-342	220	76
-339	228	79
-338	239	83
-151	114	40
-146	115	40
-138	115	40
-140	121	42
-140	127	44
-140	133	46
-141	139	48
-141	146	51
-141	153	53
-142	161	56
-143	170	59
-144	179	62
-144	187	65
-145	197	69
-146	208	72
-146	219	76
-143	225	78
-136	226	79
-129	225	78
-123	227	79
-117	228	79
-111	229	80
-104	228	79
-98	229	79
-92	229	80
-86	230	80
-81	231	80
-75	231	80
-70	232	81
-64	232	80
-58	231	80
-53	232	81
-47	231	80
-41	233	81
-36	234	81
-31	234	81
-25	234	81
-20	235	82
-15	236	82
-9	236	82
-4	237	82
2	237	82
7	237	82
13	237	82
18	238	83
23	239	83
29	237	82
35	240	83
40	240	83
46	241	84
49	229	80
51	212	73
52	196	68
53	183	63
54	171	59
55	160	56
56	151	52
56	142	49
57	134	47
58	127	44
58	112	39
59	109	38
59	103	36
60	99	34
60	94	33
60	89	31
60	85	30
60	82	28
60	78	27
60	74	26
61	71	25
61	68	24
61	65	23
61	62	22
61	60	21
61	57	20
61	54	19
61	52	18
61	50	17
62	48	17
62	45	16
62	43	15
62	41	14
62	39	14
62	37	13
62	36	12
62	34	12
62	32	11
62	30	11
63	29	10
63	27	9
63	25	9
63	24	8
-218	45	16
-231	53	18
-225	57	20
-278	76	26
-270	80	28
-264	85	30
-258	89	31
-252	94	33
-234	94	32
-170	73	25
-233	118	41
-345	194	67
-339	201	70
-338	210	73
-339	222	77
-337	232	80
-155	114	40
-150	115	40
-143	115	40
-138	117	40
-140	123	43
-139	129	45
-141	135	47
-141	142	49
-141	148	52
-141	156	54
-143	165	57
-144	173	60
-143	181	63
-145	192	67
-147	204	71
-146	213	74
-148	225	78
-140	226	78
-133	225	78
-126	225	78
-120	227	79
-115	228	79
-108	229	80
-102	228	79
-96	230	80
-90	229	80
-84	231	80
-78	231	80
-72	231	80
-67	232	81
-61	231	80
-55	231	80
-50	232	81
-44	233	81
-39	233	81
-33	234	81
-28	235	82
-23	235	82
-17	236	82
-12	236	82
-6	236	82
-1	237	82
4	237	82
10	237	82
15	237	82
21	238	83
26	238	83
32	240	83
37	239	83
43	239	83
49	239	83
51	221	77
51	202	70
52	188	65
54	177	61
55	166	57
56	155	54
56	145	50
57	138	48
57	130	45
56	120	42
58	111	38
59	106	37
59	101	35
59	96	33
60	91	32
60	87	30
60	83	29
60	79	28
60	76	26
61	73	25
61	69	24
61	66	23
61	63	22
61	61	21
61	58	20
61	56	19
61	53	18
61	51	18
62	48	17
62	46	16
62	44	15
62	42	15
62	40	14
62	38	13
62	36	13
62	35	12
62	33	11
63	31	11
63	29	10
63	28	10
63	26	9
63	24	8
64	23	8
-185	29	7
-187	33	9
-232	52	13
-227	56	15
-281	75	20
-275	80	21
-263	83	22
-258	88	23
-253	93	24
-233	92	24
-170	72	19
-233	117	30
-236	125	32
-347	193	50
-339	198	52
-340	209	54
-345	224	58
-345	234	61
-157	114	30
-150	114	30
-144	114	30
-139	116	30
-140	122	32
-140	128	33
-140	133	35
-141	140	36
-142	147	38
-142	155	40
-143	163	42
-144	172	45
-144	180	47
-146	191	50
-146	199	52
-146	209	54
-147	220	57
-143	225	58
-136	226	59
-129	226	59
-123	228	59
-117	228	59
-111	228	59
-105	229	59
-99	230	60
-92	229	59
-86	229	59
-81	230	60
-76	232	60
-70	232	60
-65	233	61
-59	233	60
-53	232	60
-48	234	61
-43	233	60
-37	234	61
-32	233	61
-27	233	61
-21	234	61
-16	236	61
-11	234	61
-5	235	61
0	235	61
5	237	61
11	237	62
16	238	62
21	237	62
27	237	62
32	240	62
38	240	62
43	240	62
49	240	62
51	221	57
52	203	53
52	188	49
53	175	45
55	154	40
56	147	38
57	139	36
57	131	34
58	124	32
58	118	31
59	112	29
59	106	28
59	102	26
59	97	25
60	92	24
60	88	23
60	84	22
60	80	21
60	77	20
60	73	19
61	70	18
61	67	17
61	64	17
61	61	16
61	59	15
61	56	15
61	54	14
61	51	13
62	49	13
62	47	12
62	45	12
62	43	11
62	41	11
62	39	10
62	37	10
63	35	9
63	33	9
63	31	8
63	30	8
63	28	7
63	26	7
63	25	6
63	23	6
64	22	6
-186	27	7
-190	36	9
-233	49	13
-233	55	14
-276	77	20
-271	83	21
-258	85	22
-257	91	24
-231	88	23
-232	95	25
-169	74	19
-226	110	29
-233	120	31
-346	188	49
-342	206	53
-343	217	56
-344	228	59
-348	243	63
-153	114	30
-147	114	30
-141	115	30
-140	119	31
-140	125	32
-140	131	34
-140	137	35
-141	144	37
-142	151	39
-142	159	41
-144	168	44
-144	176	46
-145	185	48
-145	195	51
-146	204	53
-147	216	56
-145	224	58
-138	225	58
-132	226	59
-126	228	59
-120	227	59
-114	229	60
-107	228	59
-101	229	59
-95	229	59
-89	228	59
-83	230	60
-78	231	60
-73	231	60
-67	232	60
-61	232	60
-56	232	60
-50	233	60
-45	233	60
-40	234	61
-34	233	61
-29	234	61
-24	236	61
-18	234	61
-13	236	61
-8	237	61
-2	235	61
3	237	61
8	237	62
14	237	61
19	237	62
25	238	62
30	241	63
36	240	62
41	240	62
47	240	62
50	229	59
51	209	54
52	194	50
53	181	47
52	149	39
56	150	39
57	142	37
57	134	35
57	127	33
58	120	31
59	114	30
59	109	28
59	103	27
59	99	26
60	94	24
60	90	23
60	86	22
60	82	21
60	78	20
60	74	19
61	71	19
61	68	18
61	65	17
61	62	16
61	60	15
61	57	15
61	55	14
61	52	14
61	50	13
62	48	12
62	46	12
62	43	11
62	41	11
62	40	10
62	37	10
62	36	9
62	34	9
62	32	8
62	30	8
63	29	7
63	27	7
63	25	7
63	24	6
63	22	6
-186	28	7
-188	33	8
-190	37	10
-234	51	13
-216	52	14
-256	93	24
-235	91	24
-171	72	19
-235	117	30
-236	124	32
-152	115	30
-146	115	30
-140	116	30
-140	121	32
-140	127	33
-141	133	35
-141	140	36
-142	147	38
-142	154	40
-142	161	42
-143	169	44
-144	179	46
-146	189	49
-147	200	52
-147	209	54
-148	221	58
-145	227	59
-138	228	59
-132	229	59
-124	228	59
-118	228	59
-112	230	60
-106	231	60
-101	232	60
-95	232	60
-88	232	60
-82	231	60
-77	233	61
-70	232	60
-65	233	61
-60	235	61
-54	234	61
-49	235	61
-43	233	60
-38	235	61
-32	235	61
-27	235	61
-21	236	61
-16	236	61
-11	237	61
-5	238	62
0	238	62
5	238	62
11	240	62
16	240	62
21	240	62
27	239	62
32	240	62
38	240	62
43	240	62
49	240	62
51	221	57
51	202	53
52	188	49
55	180	47
55	154	40
56	147	38
57	138	36
57	131	34
58	125	32
58	118	31
59	113	29
59	107	28
59	102	26
60	97	25
60	92	24
60	88	23
60	84	22
60	80	21
61	77	20
61	73	19
61	70	18
61	67	17
61	64	17
61	61	16
61	59	15
61	56	15
62	54	14
62	51	13
62	49	13
62	47	12
62	45	12
62	43	11
62	41	11
62	39	10
62	37	10
63	35	9
63	33	9
63	31	8
63	30	8
63	28	7
63	26	7
63	25	6
63	23	6
64	22	6
-190	35	9
-231	48	12
-234	54	14
-279	77	20
-263	85	22
-261	91	24
-234	94	25
-171	74	19
-235	120	31
-155	114	30
-149	115	30
-142	115	30
-140	118	31
-140	124	32
-141	130	34
-140	136	35
-142	144	37
-141	150	39
-142	158	41
-143	166	43
-143	173	45
-146	185	48
-146	194	50
-147	205	53
-148	216	56
-148	227	59
-141	227	59
-136	230	60
-128	228	59
-121	228	59
-115	229	59
-109	231	60
-103	231	60
-97	232	60
-90	231	60
-84	230	60
-78	230	60
-73	233	61
-68	232	60
-62	233	60
-57	234	61
-51	235	61
-45	233	61
-40	233	61
-35	235	61
-29	236	61
-24	236	61
-19	234	61
-13	236	61
-8	238	62
-3	238	62
3	238	62
8	240	62
14	238	62
19	239	62
24	240	62
29	240	62
35	239	62
40	240	62
46	241	63
50	231	60
51	211	55
52	196	51
53	183	48
55	151	39
56	143	37
57	135	35
57	128	33
58	121	31
58	115	30
59	110	29
59	105	27
60	100	26
60	95	25
60	90	23
60	86	22
60	82	21
60	79	20
61	75	20
61	72	19
61	69	18
61	66	17
61	63	16
61	60	16
61	58	15
61	55	14
62	53	14
62	50	13
62	48	13
62	46	12
62	44	11
62	42	11
62	40	10
62	38	10
62	36	9
62	34	9
62	33	8
63	31	8
63	29	8
63	27	7
63	26	7
63	24	6
63	23	6
64	21	6
-186	27	7
-190	36	9
-232	49	13
-233	54	14
-277	77	20
-271	83	21
-258	85	22
-258	92	24
-235	90	23
-234	95	25
-226	111	29
-233	121	31
-346	188	49
-342	206	54
-343	217	56
-344	229	59
-348	243	63
-153	114	30
-147	115	30
-140	115	30
-140	120	31
-139	125	32
-140	131	34
-140	137	36
-141	144	38
-142	152	39
-142	159	41
-143	167	43
-143	175	46
-145	185	48
-145	195	51
-146	205	53
-147	217	56
-145	224	58
-138	225	58
-131	225	58
-126	228	59
-119	228	59
-112	226	59
-107	229	59
-101	230	60
-94	229	59
-88	229	60
-83	230	60
-77	231	60
-72	231	60
-66	232	60
-60	231	60
-55	232	60
-50	232	60
-44	233	60
-39	233	61
-34	234	61
-28	234	61
-23	234	61
-17	234	61
-12	235	61
-7	235	61
-1	235	61
4	237	61
9	237	62
15	237	62
20	239	62
25	238	62
31	240	62
36	240	62
42	240	62
47	240	62
50	226	59
51	208	54
52	192	50
53	180	47
52	149	39
56	149	39
56	141	37
57	133	35
58	126	33
58	120	31
58	113	29
59	108	28
59	102	27
59	98	25
60	93	24
60	89	23
60	85	22
60	81	21
60	78	20
60	74	19
61	71	18
61	68	18
61	65	17
61	62	16
61	59	15
61	57	15
62	54	14
61	52	13
61	50	13
62	48	12
62	45	12
62	43	11
62	41	11
62	39	10
62	37	10
62	36	9
62	34	9
62	32	8
63	30	8
63	29	7
63	27	7
63	25	7
63	24	6
63	22	6
-184	29	8
-187	34	9
-230	46	12
-231	52	14
-230	57	15
-279	76	20
-274	81	21
-263	84	22
-259	90	23
-250	93	24
-233	93	24
-170	73	19
-233	118	31
-354	198	51
-341	201	52
-342	213	55
-344	225	58
-346	237	61
-156	113	29
-149	114	30
-144	115	30
-140	117	30
-140	123	32
-140	129	33
-140	135	35
-141	141	37
-142	149	39
-143	157	41
-143	164	43
-144	173	45
-145	183	48
-145	191	50
-146	201	52
-146	212	55
-148	226	59
-140	224	58
-134	225	59
-128	227	59
-121	227	59
-115	227	59
-108	227	59
-103	229	59
-97	230	60
-90	229	59
-85	230	60
-79	231	60
-74	232	60
-68	231	60
-63	232	60
-57	232	60
-51	232	60
-46	233	61
-41	234	61
-35	234	61
-30	233	61
-24	234	61
-19	234	61
-14	236	61
-9	238	62
-3	237	61
2	236	61
8	238	62
13	236	61
18	237	62
23	238	62
29	240	62
34	240	62
40	240	62
46	240	62
50	231	60
51	214	56
52	197	51
53	182	47
52	151	39
55	151	39
56	143	37
57	135	35
57	128	33
58	121	31
58	115	30
59	109	28
59	104	27
59	99	26
59	94	25
60	90	23
60	86	22
60	82	21
60	78	20
60	75	19
61	72	19
61	69	18
61	66	17
61	63	16
61	60	16
61	57	15
61	55	14
61	52	14
61	50	13
62	48	12
62	46	12
62	44	11
62	42	11
62	40	10
62	38	10
62	36	9
62	34	9
63	32	8
63	31	8
63	29	8
63	27	7
63	26	7
63	24	6
63	23	6
64	21	6
-188	26	7
-184	30	8
-187	35	9
-226	46	12
-231	53	14
-231	58	15
-277	76	20
-271	81	21
-263	85	22
-257	90	23
-252	94	24
-234	94	24
-170	73	19
-235	119	31
-347	196	51
-340	202	52
-339	211	55
-340	223	58
-339	234	61
-156	114	30
-150	115	30
-141	114	30
-139	117	30
-140	124	32
-140	129	34
-141	136	35
-141	142	37
-141	149	39
-142	157	41
-142	164	43
-143	174	45
-144	182	47
-144	191	50
-146	203	53
-147	214	56
-146	224	58
-140	225	59
-134	226	59
-127	226	59
-121	228	59
-114	227	59
-108	228	59
-102	228	59
-96	229	60
-90	230	60
-84	230	60
-79	230	60
-73	231	60
-67	230	60
-62	231	60
-56	232	60
-51	233	60
-45	232	60
-40	233	61
-34	232	60
-29	234	61
-24	234	61
-19	235	61
-13	234	61
-8	235	61
-2	236	61
3	235	61
8	236	61
14	237	62
19	238	62
24	238	62
30	238	62
35	239	62
41	239	62
47	241	63
50	227	59
51	209	54
52	195	51
53	181	47
52	149	39
56	150	39
57	142	37
57	134	35
58	127	33
58	121	31
59	114	30
59	108	28
59	103	27
59	99	26
59	94	24
60	89	23
60	85	22
60	82	21
60	78	20
60	75	19
61	71	19
61	68	18
61	65	17
61	62	16
61	59	15
61	57	15
61	54	14
61	52	13
61	50	13
61	48	12
62	45	12
62	44	11
62	41	11
62	39	10
62	37	10
62	36	9
62	34	9
63	32	8
63	30	8
63	29	7
63	27	7
63	25	7
63	24	6
63	22	6
-184	29	7
-187	34	9
-231	52	13
-225	56	14
-278	75	19
-271	80	21
-264	84	22
-257	88	23
-254	94	24
-235	93	24
-170	73	19
-235	119	31
-236	126	33
-348	194	50
-341	200	52
-340	210	55
-340	221	58
-338	231	60
-156	113	29
-150	115	30
-144	115	30
-139	117	30
-140	123	32
-140	129	33
-141	135	35
-141	142	37
-141	148	38
-142	156	41
-142	164	43
-144	173	45
-144	181	47
-144	190	49
-147	203	53
-146	212	55
-148	226	59
-140	225	58
-133	224	58
-127	226	59
-121	227	59
-115	229	59
-109	229	59
-102	228	59
-96	229	60
-91	230	60
-85	230	60
-79	230	60
-73	231	60
-68	230	60
-62	232	60
-56	231	60
-51	232	60
-46	234	61
-40	233	61
-35	232	60
-30	234	61
-24	235	61
-19	233	61
-14	235	61
-8	235	61
-3	234	61
3	236	61
8	236	61
13	238	62
19	238	62
24	239	62
29	238	62
35	238	62
41	240	62
46	240	62
50	228	59
51	211	55
52	195	51
54	183	48
51	149	39
56	150	39
56	142	37
57	134	35
57	127	33
58	121	31
58	114	30
59	108	28
59	103	27
59	99	26
59	94	24
60	89	23
60	85	22
60	82	21
60	78	20
60	75	19
61	71	19
61	68	18
61	65	17
61	62	16
61	60	15
61	57	15
61	54	14
61	52	13
61	50	13
61	48	12
62	46	12
62	43	11
62	41	11
62	39	10
62	37	10
62	36	9
62	34	9
63	32	8
63	30	8
63	28	7
63	27	7
63	25	7
63	24	6
63	22	6
-182	24	4
-177	27	5
-191	34	6
-192	38	7
-212	47	8
-232	57	10
-272	79	14
-266	84	15
-261	89	15
-254	93	16
-233	92	16
-170	72	13
-231	116	20
-235	124	22
-344	191	33
-339	198	34
-339	209	36
-340	220	38
-340	231	40
-158	114	20
-150	113	20
-144	115	20
-139	116	20
-140	122	21
-140	128	22
-141	134	23
-140	139	24
-134	140	24
-131	143	25
-126	144	25
-119	143	25
-112	141	24
-109	143	25
-106	146	25
-104	150	26
-103	157	27
-101	161	28
-100	168	29
-101	179	31
-99	185	32
-115	225	39
-109	227	39
-104	228	40
-98	228	40
-91	228	40
-86	230	40
-81	230	40
-75	229	40
-69	230	40
-63	229	40
-58	231	40
-53	231	40
-48	232	40
-42	232	40
-37	233	41
-32	233	41
-26	233	40
-21	235	41
-16	234	41
-10	236	41
-5	234	41
0	236	41
6	238	41
11	237	41
16	237	41
21	237	41
27	236	41
32	237	41
38	237	41
43	240	42
45	219	38
46	198	34
50	152	26
52	146	25
54	142	25
56	138	24
57	131	23
57	124	21
58	117	20
58	112	19
59	106	18
59	101	18
59	96	17
59	92	16
60	88	15
60	84	15
60	80	14
60	76	13
60	73	13
60	70	12
61	67	12
61	64	11
61	61	11
61	59	10
61	56	10
61	53	9
61	51	9
61	49	8
62	47	8
62	45	8
62	43	7
62	41	7
62	39	7
62	37	6
62	35	6
62	33	6
62	32	5
63	30	5
63	28	5
63	26	5
63	25	4
63	23	4
63	22	4
63	20	3
-179	25	4
-177	29	5
-191	35	6
-194	41	7
-229	53	9
-278	77	13
-269	81	14
-264	86	15
-258	91	16
-238	90	16
-234	94	16
-169	74	13
-232	119	21
-339	182	32
-347	196	34
-338	202	35
-337	211	37
-339	223	39
-340	235	41
-154	114	20
-148	114	20
-142	114	20
-139	118	20
-140	124	22
-140	130	23
-141	137	24
-137	139	24
-133	141	24
-131	145	25
-123	143	25
-116	141	25
-111	141	25
-107	144	25
-105	148	26
-104	153	27
-102	157	27
-101	164	28
-100	171	30
-100	180	31
-99	188	33
-113	226	39
-107	227	39
-102	228	40
-95	227	39
-90	228	40
-84	228	40
-79	230	40
-73	230	40
-68	230	40
-62	230	40
-57	231	40
-51	231	40
-46	233	40
-41	233	40
-35	233	41
-30	234	41
-25	234	41
-20	234	41
-14	235	41
-9	235	41
-4	234	41
2	237	41
7	236	41
12	237	41
18	237	41
23	237	41
28	238	41
33	237	41
39	239	41
44	231	40
47	197	34
50	159	28
51	150	26
52	144	25
56	143	25
57	136	24
57	129	22
57	122	21
58	116	20
58	110	19
59	105	18
59	100	17
59	96	17
60	91	16
60	87	15
60	83	14
60	79	14
60	76	13
60	72	13
61	69	12
61	66	11
61	63	11
61	61	11
61	58	10
61	55	10
61	53	9
61	51	9
61	48	8
62	46	8
62	44	8
62	42	7
62	40	7
62	38	7
62	36	6
62	35	6
62	33	6
63	31	5
62	29	5
63	28	5
63	26	4
63	24	4
63	23	4
63	21	4
63	20	3
-187	23	4
-178	26	5
-184	31	5
-192	37	6
-228	48	8
-230	54	9
-215	56	10
-274	77	13
-266	82	14
-261	87	15
-254	91	16
-226	87	15
-171	71	12
-172	76	13
-230	113	20
-234	121	21
-347	189	33
-338	194	34
-340	205	36
-340	216	38
-340	227	39
-339	237	41
-153	114	20
-146	115	20
-139	114	20
-140	120	21
-139	125	22
-141	132	23
-142	139	24
-136	139	24
-131	141	25
-130	146	25
-121	143	25
-114	141	24
-110	142	25
-106	144	25
-105	149	26
-103	154	27
-102	159	28
-101	166	29
-101	175	30
-99	180	31
-108	207	36
-112	227	39
-106	227	39
-101	229	40
-95	230	40
-89	231	40
-82	228	40
-77	229	40
-72	231	40
-66	231	40
-61	232	40
-55	233	40
-50	231	40
-45	233	40
-39	233	40
-34	232	40
-29	235	41
-23	234	41
-18	235	41
-13	236	41
-7	234	41
-2	237	41
3	236	41
9	236	41
14	237	41
19	238	41
25	238	41
30	238	41
35	238	41
41	240	42
46	209	36
46	188	33
50	154	27
55	147	26
56	142	25
57	134	23
57	127	22
58	120	21
58	114	20
59	109	19
59	103	18
59	98	17
59	94	16
60	90	16
60	85	15
60	82	14
60	78	14
60	75	13
60	71	12
61	68	12
61	65	11
61	62	11
61	60	10
61	57	10
61	55	9
61	52	9
62	50	9
61	48	8
62	46	8
62	44	8
62	41	7
62	40	7
62	38	7
62	36	6
62	34	6
62	32	6
62	30	5
63	29	5
63	27	5
63	25	4
63	24	4
63	22	4
63	21	4
64	19	3
-182	25	4
-178	29	5
-191	35	6
-194	40	7
-230	52	9
-227	57	10
-278	76	13
-268	80	14
-264	85	15
-258	90	16
-251	94	16
-235	94	16
-169	73	13
-232	118	21
-339	181	31
-346	195	34
-340	202	35
-340	212	37
-342	224	39
-338	233	40
-155	114	20
-149	115	20
-143	115	20
-138	117	20
-139	123	21
-140	129	22
-141	136	24
-138	139	24
-133	140	24
-130	144	25
-124	143	25
-118	143	25
-111	141	24
-108	144	25
-105	147	25
-104	152	26
-103	157	27
-101	163	28
-101	171	30
-100	178	31
-98	184	32
-116	229	40
-109	228	40
-103	228	40
-97	229	40
-91	230	40
-86	230	40
-80	230	40
-74	229	40
-69	230	40
-63	232	40
-58	232	40
-52	231	40
-47	232	40
-41	233	40
-36	233	40
-31	235	41
-25	234	41
-20	235	41
-15	236	41
-10	235	41
-4	234	41
1	237	41
6	236	41
11	235	41
17	239	41
22	238	41
27	238	41
33	238	41
38	239	41
44	240	42
47	185	32
54	140	24
57	138	24
57	130	23
57	123	21
58	118	20
58	111	19
59	106	18
59	101	18
59	96	17
59	92	16
60	88	15
60	84	15
60	80	14
60	76	13
60	73	13
60	70	12
61	67	12
61	64	11
61	61	11
61	58	10
61	56	10
61	53	9
61	51	9
62	49	8
62	47	8
62	45	8
62	43	7
62	40	7
62	39	7
62	37	6
62	35	6
62	33	6
63	31	5
62	30	5
63	28	5
63	26	5
63	25	4
63	23	4
63	22	4
63	20	3
-181	24	4
-177	28	5
-190	34	6
-192	39	7
-213	48	8
-228	56	10
-270	79	14
-265	84	15
-260	89	15
-254	93	16
-234	92	16
-170	72	13
-233	117	20
-236	125	22
-347	193	33
-339	199	34
-341	210	36
-343	222	39
-346	235	41
-158	114	20
-150	114	20
-144	115	20
-140	117	20
-140	122	21
-141	128	22
-141	135	23
-140	140	24
-134	139	24
-131	143	25
-129	147	26
-120	143	25
-113	141	25
-109	143	25
-106	146	25
-105	151	26
-103	156	27
-101	161	28
-100	167	29
-101	177	31
-99	183	32
-116	225	39
-111	227	39
-105	228	40
-98	227	39
-93	229	40
-87	230	40
-81	230	40
-76	232	40
-70	231	40
-64	231	40
-59	233	40
-54	233	40
-48	233	40
-43	232	40
-37	233	40
-32	234	41
-27	233	41
-22	234	41
-16	236	41
-11	235	41
-6	235	41
0	235	41
5	236	41
10	238	41
16	238	41
21	239	41
26	238	41
31	238	41
37	240	42
43	240	42
52	147	26
56	148	26
57	140	24
57	133	23
58	126	22
58	119	21
58	113	20
59	108	19
59	102	18
59	97	17
59	93	16
60	89	15
60	85	15
60	81	14
60	77	13
60	74	13
61	71	12
61	68	12
61	65	11
61	62	11
61	59	10
61	57	10
61	54	9
62	52	9
62	50	9
62	47	8
62	45	8
62	43	7
62	41	7
62	39	7
62	37	7
62	36	6
62	34	6
63	32	6
63	30	5
63	28	5
63	27	5
63	25	4
63	24	4
63	22	4
63	21	4
-182	24	4
-177	27	5
-191	33	6
-192	38	7
-212	47	8
-235	57	10
-274	80	14
-265	83	14
-259	88	15
-254	93	16
-234	92	16
-170	72	13
-232	116	20
-237	125	22
-350	194	34
-341	199	35
-343	211	37
-345	223	39
-344	233	41
-159	115	20
-150	114	20
-144	114	20
-140	116	20
-141	122	21
-140	128	22
-142	135	23
-140	140	24
-134	139	24
-131	143	25
-129	147	25
-120	143	25
-113	141	25
-109	143	25
-106	146	25
-104	151	26
-103	156	27
-101	161	28
-100	167	29
-101	177	31
-99	184	32
-115	225	39
-110	227	39
-104	228	40
-98	228	40
-92	228	40
-87	229	40
-81	230	40
-76	231	40
-70	231	40
-64	231	40
-59	233	40
-54	232	40
-48	233	40
-43	234	41
-37	233	40
-32	233	41
-27	233	41
-22	235	41
-16	236	41
-11	235	41
-6	236	41
0	235	41
5	235	41
10	238	41
16	238	41
21	238	41
26	238	41
31	237	41
37	240	42
43	240	42
52	148	26
56	148	26
57	140	24
57	133	23
57	125	22
58	119	21
58	113	20
59	108	19
59	102	18
59	97	17
59	93	16
60	88	15
60	85	15
60	81	14
60	77	13
60	74	13
61	70	12
61	68	12
61	64	11
61	62	11
61	59	10
61	57	10
61	54	9
62	52	9
61	49	9
62	47	8
62	45	8
62	43	7
62	41	7
62	39	7
62	37	6
62	36	6
62	34	6
62	32	6
63	30	5
63	28	5
63	27	5
63	25	4
63	23	4
63	22	4
63	21	4
-181	26	4
-178	29	5
-190	35	6
-195	41	7
-229	53	9
-277	77	13
-269	81	14
-263	86	15
-256	90	16
-245	93	16
-236	95	17
-171	75	13
-234	120	21
-349	188	33
-341	194	34
-341	204	35
-341	214	37
-340	225	39
-339	235	41
-154	114	20
-148	114	20
-141	114	20
-139	118	21
-140	124	22
-140	130	23
-140	136	24
-137	139	24
-132	141	25
-130	145	25
-123	144	25
-116	142	25
-111	142	25
-107	144	25
-106	149	26
-104	153	27
-103	159	28
-101	164	29
-101	173	30
-99	179	31
-98	187	32
-114	229	40
-108	229	40
-102	229	40
-96	229	40
-90	231	40
-84	229	40
-78	229	40
-73	230	40
-67	231	40
-62	231	40
-56	232	40
-50	230	40
-46	234	41
-40	233	40
-35	233	40
-29	233	41
-24	234	41
-19	236	41
-13	235	41
-8	235	41
-3	237	41
3	236	41
8	235	41
13	238	41
19	238	41
24	238	41
29	239	41
35	238	41
40	238	41
44	232	40
51	149	26
52	142	25
56	142	25
57	135	23
57	128	22
58	121	21
58	115	20
58	109	19
59	104	18
59	99	17
59	95	16
60	90	16
60	86	15
60	82	14
60	79	14
60	75	13
61	72	12
60	68	12
61	65	11
61	63	11
61	60	10
61	57	10
61	55	9
61	52	9
61	50	9
62	48	8
62	46	8
62	44	8
62	42	7
62	40	7
62	38	7
62	36	6
62	34	6
62	32	6
62	31	5
63	29	5
63	27	5
63	26	4
63	24	4
63	23	4
63	21	4
64	20	3
-184	24	4
-177	27	5
-192	34	6
-192	38	7
-212	47	8
-235	58	10
-276	74	13
-270	79	14
-265	84	15
-258	88	15
-254	94	16
-235	93	16
-170	72	13
-232	117	20
-235	125	22
-347	193	33
-342	200	35
-338	209	36
-342	222	39
-338	230	40
-156	113	20
-150	114	20
-144	115	20
-139	116	20
-140	123	21
-140	128	22
-141	135	23
-139	140	24
-134	140	24
-131	144	25
-124	143	25
-118	142	25
-111	141	24
-108	143	25
-106	147	26
-104	152	26
-103	157	27
-101	163	28
-100	170	30
-100	179	31
-98	184	32
-115	228	40
-109	228	40
-103	229	40
-97	230	40
-91	229	40
-85	230	40
-80	231	40
-73	230	40
-68	231	40
-63	231	40
-57	232	40
-52	233	40
-46	233	40
-41	233	40
-36	234	41
-30	233	40
-25	234	41
-20	234	41
-14	235	41
-9	234	41
-4	236	41
2	235	41
7	235	41
12	237	41
18	239	41
23	238	41
29	239	41
34	238	41
39	238	41
44	235	41
51	150	26
52	142	25
56	143	25
57	136	24
57	128	22
58	121	21
58	116	20
58	109	19
59	104	18
59	99	17
59	95	16
60	90	16
60	86	15
60	82	14
60	79	14
60	75	13
60	72	12
60	68	12
61	66	11
61	63	11
61	60	10
61	57	10
61	55	10
61	52	9
61	50	9
61	48	8
62	46	8
62	44	8
62	42	7
62	40	7
62	38	7
62	36	6
62	34	6
62	32	6
63	31	5
63	29	5
63	27	5
63	25	4
63	24	4
63	22	4
63	21	4
64	20	3
-183	21	2
-173	23	2
-180	28	2
-192	35	3
-202	41	4
-206	47	4
-229	57	5
-277	75	7
-270	80	7
-264	84	7
-260	89	8
-253	94	8
-233	92	8
-170	73	6
-231	116	10
-347	193	17
-339	199	17
-340	210	18
-340	220	19
-340	231	20
-156	113	10
-149	113	10
-143	114	10
-139	116	10
-140	122	11
-141	128	11
-141	134	12
-141	141	12
-138	144	13
-130	142	12
-126	144	13
-123	148	13
-116	145	13
-105	138	12
-103	142	12
-102	148	13
-102	155	14
-100	159	14
-98	164	14
-97	171	15
-97	179	16
-94	185	16
-93	193	17
-99	217	19
-94	219	19
-89	220	19
-85	225	20
-80	226	20
-73	223	20
-68	225	20
-63	229	20
-58	230	20
-53	231	20
-47	232	20
-42	232	20
-37	233	20
-32	233	20
-26	232	20
-21	232	20
-15	233	20
-10	234	20
-5	234	20
0	234	20
6	236	21
11	236	21
17	236	21
21	236	21
27	237	21
32	237	21
38	238	21
43	238	21
45	219	19
45	197	17
48	187	16
49	162	14
52	145	13
53	137	12
56	137	12
57	131	11
57	123	11
58	117	10
58	111	10
59	106	9
59	101	9
59	96	8
59	92	8
60	87	8
60	84	7
60	80	7
60	76	7
60	73	6
61	70	6
61	67	6
60	64	6
61	61	5
61	58	5
61	56	5
61	53	5
61	51	4
61	49	4
61	47	4
62	45	4
62	42	4
62	40	4
62	39	3
62	37	3
62	35	3
62	33	3
62	31	3
62	30	3
63	28	2
63	26	2
63	25	2
63	23	2
63	22	2
63	20	2
63	19	2
-180	21	2
-173	25	2
-181	30	3
-193	36	3
-200	42	4
-207	48	4
-214	55	5
-274	76	7
-270	81	7
-264	86	7
-257	90	8
-245	92	8
-233	94	8
-170	73	6
-233	119	10
-340	182	16
-348	196	17
-340	202	18
-339	212	19
-340	223	20
-341	235	21
-154	113	10
-148	114	10
-142	114	10
-139	117	10
-140	123	11
-140	129	11
-141	136	12
-142	143	12
-135	142	12
-129	142	12
-125	144	13
-122	148	13
-115	145	13
-104	138	12
-103	144	13
-101	148	13
-102	156	14
-99	159	14
-97	164	14
-96	172	15
-96	180	16
-94	187	16
-93	196	17
-98	218	19
-93	219	19
-88	221	19
-85	228	20
-78	226	20
-72	224	20
-67	225	20
-62	229	20
-57	230	20
-52	231	20
-47	232	20
-41	232	20
-36	232	20
-31	233	20
-25	234	20
-20	231	20
-15	234	20
-9	234	20
-4	235	21
1	236	21
6	236	21
12	236	21
17	236	21
22	236	21
27	237	21
33	237	21
38	238	21
43	231	20
45	216	19
46	196	17
48	186	16
50	160	14
50	149	13
52	145	13
53	137	12
56	136	12
57	129	11
57	123	11
58	117	10
58	111	10
59	106	9
59	100	9
59	96	8
59	91	8
60	87	8
60	83	7
60	79	7
60	76	7
60	73	6
61	69	6
61	66	6
61	63	6
61	61	5
61	58	5
61	56	5
61	53	5
61	51	4
61	49	4
61	46	4
62	44	4
62	42	4
62	40	4
62	38	3
62	37	3
62	35	3
62	33	3
62	31	3
62	29	3
63	28	2
63	26	2
63	25	2
63	23	2
63	21	2
63	20	2
63	18	2
-184	21	2
-174	24	2
-182	29	3
-192	35	3
-199	41	4
-203	46	4
-230	58	5
-278	76	7
-270	80	7
-264	85	7
-259	90	8
-253	94	8
-235	93	8
-170	73	6
-233	117	10
-343	182	16
-347	194	17
-340	200	18
-340	210	18
-343	223	19
-339	231	20
-156	113	10
-149	113	10
-142	113	10
-139	116	10
-140	122	11
-141	128	11
-141	134	12
-142	141	12
-137	143	13
-130	142	12
-126	144	13
-123	148	13
-116	146	13
-105	138	12
-104	143	13
-102	148	13
-102	155	14
-100	160	14
-98	164	14
-97	170	15
-95	178	16
-94	184	16
-93	192	17
-100	219	19
-95	220	19
-89	222	19
-85	226	20
-80	227	20
-74	225	20
-68	227	20
-63	229	20
-58	230	20
-53	231	20
-48	232	20
-42	232	20
-37	232	20
-32	232	20
-27	234	20
-21	234	20
-16	233	20
-11	234	20
-5	235	21
0	236	21
5	236	21
11	237	21
16	237	21
21	235	21
26	237	21
32	237	21
37	237	21
43	237	21
47	186	16
52	136	12
56	139	12
57	131	11
57	124	11
58	118	10
58	112	10
58	106	9
59	102	9
59	97	8
59	92	8
60	88	8
60	84	7
60	80	7
60	77	7
60	73	6
60	70	6
61	67	6
61	64	6
61	62	5
61	59	5
61	56	5
61	54	5
61	51	5
61	49	4
61	47	4
62	45	4
62	43	4
62	41	4
62	39	3
62	37	3
62	35	3
62	33	3
62	32	3
63	30	3
63	28	2
63	27	2
63	25	2
63	24	2
63	22	2
63	20	2
63	19	2
64	18	2
-180	22	2
-174	26	2
-195	37	3
-200	43	4
-209	50	4
-214	56	5
-277	78	7
-267	82	7
-261	86	8
-254	90	8
-170	70	6
-172	76	7
-232	114	10
-234	121	11
-349	189	17
-337	192	17
-339	204	18
-341	216	19
-341	226	20
-337	235	21
-153	113	10
-147	114	10
-140	114	10
-140	119	10
-140	125	11
-141	131	11
-141	138	12
-141	144	13
-133	143	12
-128	143	13
-124	146	13
-121	149	13
-107	138	12
-104	141	12
-102	145	13
-102	151	13
-101	157	14
-99	162	14
-97	167	15
-97	175	15
-94	180	16
-93	188	16
-95	204	18
-98	221	19
-91	220	19
-86	222	19
-82	227	20
-76	224	20
-71	226	20
-65	226	20
-61	229	20
-55	231	20
-50	231	20
-45	231	20
-40	233	20
-34	232	20
-29	233	20
-24	234	20
-18	235	21
-13	235	21
-8	234	20
-3	236	21
3	236	21
8	235	21
13	235	21
19	237	21
24	237	21
30	237	21
35	238	21
41	239	21
46	210	18
49	153	13
51	147	13
52	139	12
55	138	12
57	134	12
57	126	11
58	121	11
58	115	10
58	108	9
59	104	9
59	99	9
59	94	8
60	90	8
60	86	7
60	82	7
60	78	7
60	75	7
60	71	6
60	68	6
61	65	6
61	63	5
61	60	5
61	57	5
61	55	5
61	52	5
61	50	4
62	48	4
62	46	4
62	44	4
62	41	4
62	40	3
62	38	3
62	36	3
62	34	3
62	32	3
63	30	3
63	29	3
63	27	2
63	25	2
63	24	2
63	22	2
63	21	2
63	19	2
64	18	2
-185	19	2
-177	22	2
-174	26	2
-189	32	3
-193	37	3
-198	43	4
-228	54	5
-276	78	7
-270	84	7
-262	87	8
-255	92	8
-234	90	8
-171	71	6
-231	114	10
-234	122	11
-352	192	17
-342	197	17
-341	207	18
-343	218	19
-345	231	20
-345	242	21
-152	114	10
-146	114	10
-140	115	10
-141	121	11
-141	126	11
-141	132	12
-141	138	12
-141	144	13
-132	142	12
-127	143	13
-123	146	13
-119	147	13
-107	138	12
-104	141	12
-102	146	13
-102	152	13
-100	157	14
-99	162	14
-97	168	15
-96	176	15
-95	182	16
-94	191	17
-97	221	19
-92	223	19
-87	225	20
-82	229	20
-76	228	20
-71	229	20
-66	231	20
-60	232	20
-55	231	20
-49	232	20
-44	233	20
-39	233	20
-33	232	20
-28	234	20
-23	234	20
-17	234	20
-12	234	21
-7	235	21
-1	235	21
4	234	21
9	236	21
15	237	21
20	236	21
25	237	21
31	238	21
36	239	21
42	239	21
51	137	12
56	138	12
57	133	12
57	126	11
58	120	10
58	113	10
59	108	9
59	102	9
59	98	9
59	93	8
60	89	8
60	85	7
60	82	7
60	78	7
60	74	6
60	71	6
61	68	6
61	65	6
61	62	5
61	59	5
61	57	5
61	54	5
61	52	5
61	50	4
62	48	4
62	46	4
62	43	4
62	41	4
62	39	3
62	38	3
62	36	3
62	34	3
62	32	3
62	30	3
63	29	3
63	27	2
63	25	2
63	24	2
63	22	2
63	21	2
63	19	2
64	18	2
-181	21	2
-174	25	2
-180	30	3
-193	36	3
-197	41	4
-205	48	4
-215	55	5
-280	77	7
-273	82	7
-263	85	7
-256	90	8
-245	92	8
-234	95	8
-170	74	6
-233	120	10
-340	183	16
-345	206	18
-344	216	19
-342	226	20
-347	240	21
-154	114	10
-147	114	10
-141	114	10
-140	119	10
-140	124	11
-140	130	11
-141	136	12
-141	143	13
-135	143	13
-128	142	12
-124	145	13
-122	149	13
-109	140	12
-104	139	12
-104	145	13
-101	148	13
-101	156	14
-100	162	14
-97	166	15
-97	174	15
-95	181	16
-94	188	16
-96	204	18
-98	220	19
-93	223	20
-88	224	20
-84	229	20
-78	228	20
-72	227	20
-67	230	20
-62	231	20
-56	231	20
-50	231	20
-45	231	20
-40	234	20
-35	234	20
-29	233	20
-24	233	20
-18	234	20
-13	234	21
-8	235	21
-3	235	21
3	235	21
8	236	21
14	237	21
19	237	21
24	237	21
29	236	21
35	239	21
40	239	21
51	150	13
52	142	12
54	138	12
56	134	12
57	127	11
58	121	11
58	115	10
58	109	10
59	104	9
59	99	9
59	94	8
60	90	8
60	86	8
60	82	7
60	78	7
60	75	7
60	72	6
61	69	6
61	66	6
61	63	5
61	60	5
61	57	5
61	55	5
61	52	5
61	50	4
62	48	4
62	46	4
62	44	4
62	42	4
62	40	3
62	38	3
62	36	3
62	34	3
63	33	3
62	31	3
63	29	3
62	27	2
63	26	2
63	24	2
63	22	2
63	21	2
63	20	2
64	18	2
-187	20	2
-177	23	2
-175	27	2
-190	33	3
-196	38	3
-200	44	4
-229	55	5
-268	71	6
-273	78	7
-266	83	7
-261	88	8
-253	92	8
-235	91	8
-171	72	6
-232	115	10
-234	123	11
-349	192	17
-341	198	17
-340	208	18
-341	219	19
-340	229	20
-158	114	10
-152	114	10
-145	114	10
-139	115	10
-140	121	11
-141	127	11
-141	133	12
-142	140	12
-141	146	13
-131	142	12
-127	144	13
-124	147	13
-118	146	13
-106	138	12
-104	142	12
-102	146	13
-102	154	13
-101	159	14
-98	163	14
-97	170	15
-96	177	15
-94	183	16
-93	191	17
-101	219	19
-96	221	19
-91	223	19
-86	226	20
-82	229	20
-74	226	20
-69	226	20
-64	229	20
-59	231	20
-54	232	20
-48	231	20
-43	232	20
-37	231	20
-32	233	20
-27	233	20
-22	234	20
-16	234	20
-11	235	21
-6	235	21
0	235	21
5	234	21
10	235	21
16	237	21
21	237	21
26	237	21
31	238	21
37	237	21
42	237	21
47	187	16
52	138	12
56	139	12
57	131	11
57	125	11
58	118	10
58	113	10
58	107	9
59	102	9
59	96	8
59	92	8
60	88	8
60	84	7
60	80	7
60	77	7
60	73	6
60	70	6
60	67	6
61	64	6
61	62	5
61	59	5
61	56	5
61	54	5
61	51	4
62	49	4
62	47	4
62	45	4
62	43	4
62	41	4
62	39	3
62	37	3
62	35	3
62	33	3
63	32	3
63	30	3
63	28	2
63	27	2
63	25	2
63	23	2
63	22	2
63	20	2
63	19	2
-178	22	2
-175	26	2
-188	32	3
-195	38	3
-199	43	4
-220	53	5
-216	57	5
-274	78	7
-267	83	7
-261	87	8
-253	91	8
-232	90	8
-170	71	6
-176	78	7
-232	115	10
-234	122	11
-350	192	17
-338	195	17
-340	207	18
-343	219	19
-340	228	20
-339	239	21
-152	114	10
-146	115	10
-139	115	10
-140	121	11
-141	127	11
-141	132	12
-141	139	12
-141	145	13
-132	142	12
-127	144	13
-124	147	13
-119	147	13
-106	138	12
-104	142	12
-102	146	13
-102	154	13
-101	159	14
-98	163	14
-97	170	15
-96	177	15
-94	183	16
-93	191	17
-101	219	19
-96	221	19
-91	223	20
-87	228	20
-81	229	20
-74	226	20
-69	228	20
-64	229	20
-59	231	20
-53	230	20
-48	231	20
-42	231	20
-37	232	20
-32	233	20
-26	232	20
-21	234	20
-16	234	20
-11	236	21
-5	235	21
0	235	21
5	235	21
11	237	21
16	238	21
21	235	21
26	237	21
32	237	21
37	237	21
43	237	21
48	187	16
53	137	12
56	138	12
57	130	11
57	123	11
58	118	10
58	111	10
59	106	9
59	102	9
59	96	8
59	92	8
60	88	8
60	84	7
60	80	7
60	76	7
60	73	6
60	70	6
61	67	6
61	64	6
61	61	5
61	58	5
61	56	5
61	53	5
61	51	4
61	49	4
62	47	4
62	45	4
62	42	4
62	40	4
62	38	3
62	37	3
62	35	3
62	33	3
62	31	3
62	29	3
62	28	2
63	26	2
63	25	2
63	23	2
63	21	2
63	20	2
63	18	2
-179	18	0
-172	22	0
-179	26	0
-186	32	0
-192	37	0
-205	44	0
-228	54	0
-278	72	0
-273	77	0
-269	82	0
-263	87	0
-254	90	0
-170	70	0
-174	76	0
-229	112	0
-233	120	0
-348	188	0
-340	194	0
-339	203	0
-339	213	0
-340	225	0
-339	235	0
-152	113	0
-146	113	0
-140	113	0
-139	118	0
-140	125	0
-132	123	0
-128	125	0
-124	126	0
-118	126	0
-114	127	0
-110	128	0
-103	126	0
-97	125	0
-92	124	0
-89	125	0
-84	125	0
-81	126	0
-77	126	0
-73	126	0
-69	126	0
-66	126	0
-62	127	0
-58	125	0
-55	126	0
-51	126	0
-48	126	0
-46	129	0
-43	129	0
-40	130	0
-37	130	0
-33	131	0
-30	131	0
-27	131	0
-24	131	0
-21	131	0
-18	131	0
-15	131	0
-12	131	0
-9	131	0
-6	132	0
-3	132	0
0	132	0
3	132	0
6	132	0
9	132	0
12	132	0
15	132	0
18	132	0
21	133	0
25	135	0
28	135	0
31	135	0
34	136	0
38	137	0
42	139	0
49	150	0
52	137	0
55	138	0
56	131	0
57	125	0
58	118	0
58	112	0
58	107	0
59	102	0
59	97	0
59	93	0
59	88	0
60	84	0
60	80	0
60	77	0
60	73	0
60	70	0
61	67	0
61	64	0
61	62	0
61	59	0
61	56	0
61	54	0
61	52	0
61	49	0
61	47	0
62	45	0
62	43	0
62	41	0
62	39	0
62	37	0
62	35	0
62	34	0
62	32	0
62	30	0
62	28	0
63	27	0
63	25	0
63	24	0
63	22	0
63	21	0
63	19	0
63	18	0
64	16	0
-184	17	0
-175	20	0
-178	25	0
-180	29	0
-190	35	0
-198	41	0
-215	49	0
-224	56	0
-274	75	0
-270	80	0
-264	85	0
-259	89	0
-252	94	0
-233	93	0
-169	73	0
-233	117	0
-348	194	0
-337	198	0
-341	210	0
-339	219	0
-341	232	0
-156	113	0
-148	112	0
-142	113	0
-140	116	0
-140	122	0
-135	123	0
-130	124	0
-126	125	0
-121	127	0
-115	126	0
-111	127	0
-106	127	0
-99	125	0
-95	125	0
-90	124	0
-87	126	0
-82	125	0
-78	126	0
-75	126	0
-71	126	0
-67	126	0
-64	127	0
-60	126	0
-57	127	0
-53	126	0
-50	126	0
-47	127	0
-44	129	0
-41	130	0
-38	130	0
-35	130	0
-32	130	0
-29	130	0
-26	131	0
-23	131	0
-20	131	0
-16	131	0
-14	132	0
-10	131	0
-7	131	0
-4	132	0
-2	132	0
1	132	0
5	132	0
8	132	0
11	132	0
13	133	0
16	132	0
20	133	0
23	134	0
26	136	0
29	135	0
32	135	0
36	137	0
40	139	0
44	142	0
50	148	0
51	141	0
53	137	0
56	135	0
57	128	0
58	122	0
58	116	0
58	110	0
58	105	0
59	99	0
59	95	0
59	91	0
60	86	0
60	82	0
60	79	0
60	75	0
60	72	0
60	69	0
61	66	0
61	63	0
61	60	0
61	58	0
61	55	0
61	53	0
61	51	0
61	48	0
62	46	0
62	44	0
62	42	0
62	40	0
62	38	0
62	36	0
62	35	0
62	33	0
62	31	0
62	29	0
63	28	0
63	26	0
63	25	0
63	23	0
63	22	0
63	20	0
63	19	0
63	17	0
64	16	0
-189	16	0
-178	19	0
-173	23	0
-179	27	0
-189	33	0
-194	38	0
-224	49	0
-229	55	0
-282	74	0
-273	78	0
-264	82	0
-260	88	0
-254	92	0
-235	91	0
-170	71	0
-176	78	0
-233	115	0
-234	122	0
-349	190	0
-339	195	0
-340	205	0
-342	217	0
-340	227	0
-340	238	0
-152	113	0
-146	113	0
-139	114	0
-140	120	0
-141	126	0
-131	123	0
-128	125	0
-124	127	0
-118	127	0
-113	127	0
-108	127	0
-101	124	0
-96	124	0
-92	124	0
-88	125	0
-84	125	0
-80	126	0
-76	126	0
-73	126	0
-68	126	0
-65	127	0
-62	127	0
-58	127	0
-54	126	0
-51	127	0
-48	127	0
-45	129	0
-42	130	0
-39	130	0
-36	131	0
-33	131	0
-30	131	0
-27	131	0
-24	131	0
-21	131	0
-18	131	0
-15	131	0
-12	132	0
-9	132	0
-6	131	0
-3	132	0
0	132	0
3	132	0
7	132	0
10	133	0
12	133	0
15	132	0
18	133	0
22	134	0
25	135	0
28	134	0
32	136	0
35	137	0
38	137	0
42	139	0
52	136	0
56	138	0
57	131	0
57	124	0
58	118	0
58	112	0
58	106	0
59	101	0
59	96	0
59	92	0
59	88	0
60	84	0
60	80	0
60	77	0
60	73	0
61	70	0
60	67	0
61	64	0
61	61	0
61	59	0
61	56	0
61	53	0
61	51	0
61	49	0
61	47	0
62	45	0
62	43	0
62	41	0
62	39	0
62	37	0
62	35	0
62	34	0
62	32	0
63	30	0
63	28	0
63	27	0
63	25	0
63	24	0
63	22	0
63	21	0
63	19	0
63	18	0
64	16	0
-183	18	0
-173	21	0
-180	26	0
-190	36	0
-202	43	0
-231	54	0
-277	71	0
-275	77	0
-267	81	0
-262	86	0
-255	90	0
-233	88	0
-234	95	0
-172	75	0
-232	112	0
-234	119	0
-349	187	0
-341	192	0
-342	203	0
-339	212	0
-341	224	0
-339	233	0
-154	112	0
-147	113	0
-140	113	0
-139	117	0
-140	123	0
-133	122	0
-129	124	0
-125	126	0
-121	128	0
-114	127	0
-110	128	0
-105	128	0
-98	125	0
-93	124	0
-89	125	0
-86	126	0
-81	126	0
-78	126	0
-74	126	0
-70	126	0
-67	127	0
-63	127	0
-59	127	0
-56	126	0
-52	127	0
-49	127	0
-46	128	0
-44	130	0
-40	129	0
-37	130	0
-35	131	0
-31	131	0
-28	131	0
-25	132	0
-22	132	0
-19	132	0
-16	131	0
-13	131	0
-10	132	0
-7	131	0
-4	132	0
-1	132	0
2	132	0
5	132	0
8	133	0
11	133	0
14	132	0
17	132	0
20	134	0
24	135	0
27	135	0
30	135	0
34	137	0
37	137	0
41	139	0
45	141	0
50	147	0
52	140	0
54	137	0
57	134	0
57	127	0
57	120	0
58	115	0
58	109	0
59	104	0
59	99	0
59	94	0
59	90	0
60	85	0
60	82	0
60	78	0
60	75	0
60	72	0
60	68	0
61	66	0
61	63	0
61	60	0
61	57	0
61	55	0
61	52	0
61	50	0
61	48	0
62	46	0
62	44	0
62	42	0
62	40	0
62	38	0
62	36	0
62	34	0
63	33	0
62	31	0
62	29	0
63	28	0
63	26	0
63	24	0
63	23	0
63	21	0
63	20	0
63	18	0
63	17	0
-182	17	0
-175	21	0
-178	25	0
-180	29	0
-189	35	0
-197	41	0
-214	49	0
-277	75	0
-269	80	0
-263	84	0
-259	89	0
-252	93	0
-235	93	0
-169	72	0
-232	117	0
-349	195	0
-344	201	0
-343	212	0
-345	223	0
-347	236	0
-156	112	0
-149	113	0
-143	113	0
-140	116	0
-140	122	0
-134	122	0
-130	124	0
-125	125	0
-122	127	0
-116	126	0
-111	127	0
-107	128	0
-101	126	0
-96	126	0
-92	126	0
-87	126	0
-83	126	0
-79	126	0
-75	127	0
-71	127	0
-68	127	0
-64	127	0
-61	127	0
-57	127	0
-54	127	0
-50	127	0
-47	127	0
-44	129	0
-41	129	0
-38	130	0
-35	130	0
-32	131	0
-29	131	0
-26	132	0
-23	131	0
-20	132	0
-17	131	0
-14	132	0
-11	132	0
-8	132	0
-5	132	0
-2	132	0
1	132	0
4	133	0
7	132	0
10	132	0
13	132	0
16	132	0
19	132	0
23	133	0
26	134	0
29	134	0
32	135	0
36	136	0
39	137	0
44	140	0
53	137	0
56	136	0
57	129	0
57	122	0
58	116	0
58	110	0
59	105	0
59	100	0
59	95	0
59	91	0
60	87	0
60	83	0
60	80	0
60	76	0
60	72	0
61	69	0
61	66	0
61	63	0
61	60	0
61	58	0
61	56	0
61	53	0
61	51	0
62	49	0
62	47	0
62	45	0
62	42	0
62	40	0
62	38	0
62	37	0
62	35	0
62	33	0
63	31	0
63	30	0
63	28	0
63	26	0
63	25	0
63	23	0
63	22	0
63	20	0
63	19	0
63	17	0
64	16	0
-185	16	0
-177	19	0
-173	23	0
-179	28	0
-189	33	0
-194	39	0
-231	51	0
-234	57	0
-282	75	0
-271	78	0
-264	82	0
-259	87	0
-253	91	0
-233	90	0
-170	71	0
-232	115	0
-236	123	0
-351	192	0
-340	196	0
-344	208	0
-342	218	0
-345	231	0
-158	112	0
-152	113	0
-145	113	0
-139	114	0
-140	120	0
-141	126	0
-132	124	0
-128	125	0
-124	127	0
-118	127	0
-113	127	0
-108	128	0
-101	125	0
-97	126	0
-92	126	0
-89	126	0
-84	126	0
-80	126	0
-77	127	0
-73	127	0
-69	127	0
-66	128	0
-62	128	0
-59	128	0
-54	126	0
-51	127	0
-48	127	0
-45	129	0
-42	130	0
-39	130	0
-36	130	0
-33	131	0
-30	130	0
-27	132	0
-24	131	0
-21	132	0
-18	131	0
-15	132	0
-12	132	0
-9	132	0
-5	132	0
-3	132	0
1	133	0
3	132	0
6	132	0
10	133	0
12	133	0
15	132	0
18	132	0
21	132	0
25	134	0
28	134	0
31	135	0
35	135	0
38	136	0
42	140	0
52	137	0
56	138	0
57	131	0
57	124	0
58	118	0
58	112	0
59	107	0
59	101	0
59	97	0
59	92	0
60	88	0
60	84	0
60	80	0
60	77	0
60	73	0
61	70	0
61	67	0
61	64	0
61	61	0
61	59	0
61	56	0
61	54	0
61	51	0
61	49	0
61	47	0
62	45	0
62	43	0
62	41	0
62	39	0
62	37	0
62	35	0
62	34	0
62	32	0
63	30	0
63	29	0
62	27	0
63	25	0
63	24	0
63	22	0
63	20	0
63	19	0
63	17	0
64	16	0
-180	19	0
-173	22	0
-180	26	0
-185	31	0
-192	37	0
-203	43	0
-229	54	0
-279	71	0
-272	76	0
-269	82	0
-262	86	0
-253	90	0
-230	87	0
-171	70	0
-173	76	0
-232	113	0
-234	120	0
-351	189	0
-343	195	0
-342	204	0
-341	214	0
-340	224	0
-337	233	0
-153	113	0
-147	113	0
-140	113	0
-140	118	0
-141	125	0
-132	123	0
-128	124	0
-124	126	0
-120	127	0
-114	127	0
-110	128	0
-105	128	0
-98	125	0
-93	124	0
-89	125	0
-85	125	0
-81	126	0
-77	126	0
-74	126	0
-69	126	0
-66	127	0
-63	127	0
-59	126	0
-56	127	0
-52	127	0
-49	127	0
-46	128	0
-43	130	0
-40	129	0
-37	130	0
-34	131	0
-31	131	0
-28	131	0
-25	131	0
-22	131	0
-18	131	0
-15	131	0
-12	131	0
-9	131	0
-7	132	0
-3	131	0
0	131	0
3	132	0
6	132	0
9	133	0
12	133	0
14	133	0
17	132	0
21	133	0
24	135	0
27	135	0
30	135	0
34	136	0
37	137	0
41	139	0
51	147	0
51	138	0
54	136	0
56	133	0
57	126	0
58	120	0
58	113	0
58	108	0
59	103	0
59	98	0
59	93	0
59	89	0
60	85	0
60	82	0
60	78	0
60	74	0
60	71	0
61	68	0
60	65	0
61	62	0
61	59	0
61	57	0
61	54	0
61	52	0
61	50	0
62	48	0
61	45	0
62	44	0
62	42	0
62	39	0
62	37	0
62	36	0
62	34	0
62	32	0
62	31	0
62	29	0
63	27	0
62	26	0
63	24	0
63	23	0
63	21	0
63	19	0
63	18	0
63	16	0
-182	18	0
-173	21	0
-180	26	0
-191	36	0
-203	43	0
-230	54	0
-279	71	0
-274	77	0
-269	82	0
-262	86	0
-256	91	0
-235	89	0
-171	70	0
-173	76	0
-232	113	0
-234	120	0
-351	189	0
-339	193	0
-341	204	0
-341	214	0
-340	225	0
-339	235	0
-153	113	0
-147	113	0
-139	113	0
-140	119	0
-141	125	0
-132	123	0
-128	125	0
-124	126	0
-120	128	0
-114	127	0
-110	128	0
-104	127	0
-98	125	0
-92	124	0
-89	125	0
-85	125	0
-81	126	0
-77	127	0
-73	126	0
-69	126	0
-66	127	0
-62	127	0
-59	126	0
-55	127	0
-51	126	0
-48	127	0
-46	128	0
-43	130	0
-39	130	0
-36	130	0
-34	131	0
-30	131	0
-27	132	0
-24	131	0
-21	131	0
-18	131	0
-15	131	0
-12	132	0
-8	131	0
-6	131	0
-3	131	0
0	131	0
3	132	0
7	132	0
9	133	0
12	133	0
15	133	0
18	133	0
22	134	0
25	135	0
28	134	0
31	136	0
35	137	0
38	137	0
42	140	0
52	137	0
56	138	0
57	131	0
57	124	0
58	117	0
58	111	0
58	106	0
59	101	0
59	96	0
59	92	0
60	87	0
60	83	0
60	80	0
60	76	0
60	73	0
60	70	0
60	67	0
61	64	0
61	61	0
61	58	0
61	56	0
61	53	0
61	51	0
61	49	0
62	47	0
61	45	0
61	43	0
62	41	0
62	39	0
62	37	0
62	35	0
62	33	0
62	31	0
63	30	0
63	28	0
63	27	0
63	25	0
63	23	0
63	22	0
63	20	0
63	19	0
63	17	0
65	16	0
-183	14	-1
-172	17	-2
-173	21	-2
-177	25	-2
-184	30	-3
-189	35	-3
-190	39	-4
-216	49	-4
-281	76	-7
-267	79	-7
-263	84	-8
-233	92	-8
-169	72	-6
-233	116	-10
-355	196	-18
-342	199	-18
-344	210	-19
-346	222	-20
-345	233	-21
-155	111	-10
-149	112	-10
-143	112	-10
-140	115	-10
-140	121	-11
-135	122	-11
-128	120	-11
-123	121	-11
-118	122	-11
-112	122	-11
-108	122	-11
-103	122	-11
-96	120	-11
-92	121	-11
-88	120	-11
-84	121	-11
-81	122	-11
-77	122	-11
-73	122	-11
-69	122	-11
-65	122	-11
-62	122	-11
-59	123	-11
-55	123	-11
-51	122	-11
-49	122	-11
-46	123	-11
-43	124	-11
-39	123	-11
-36	124	-11
-33	123	-11
-30	124	-11
-27	124	-11
-24	124	-11
-21	124	-11
-18	125	-11
-15	124	-11
-12	125	-11
-9	124	-11
-6	125	-11
-4	125	-11
-1	125	-11
2	126	-11
5	126	-11
8	126	-11
11	126	-11
14	127	-11
17	126	-11
20	126	-11
23	127	-11
26	128	-12
29	127	-11
32	126	-11
35	129	-12
39	128	-12
42	130	-12
45	129	-12
48	129	-12
55	136	-12
56	131	-12
57	125	-11
57	118	-11
58	113	-10
58	107	-10
59	102	-9
59	97	-9
59	92	-8
60	88	-8
60	84	-8
60	80	-7
60	77	-7
60	73	-7
60	70	-6
61	67	-6
61	64	-6
61	61	-6
61	59	-5
61	56	-5
61	54	-5
61	52	-5
61	49	-4
62	47	-4
62	45	-4
62	43	-4
62	41	-4
62	39	-4
62	37	-3
62	35	-3
62	34	-3
62	32	-3
63	30	-3
63	29	-3
63	27	-2
63	25	-2
63	24	-2
63	22	-2
63	21	-2
63	19	-2
63	18	-2
63	16	-1
63	15	-1
-183	14	-1
-174	17	-2
-173	21	-2
-177	25	-2
-185	30	-3
-189	35	-3
-191	40	-4
-213	49	-4
-279	76	-7
-269	80	-7
-263	84	-8
-234	92	-8
-169	72	-6
-233	116	-10
-355	196	-18
-340	197	-18
-344	210	-19
-346	222	-20
-345	232	-21
-155	111	-10
-149	112	-10
-143	112	-10
-140	115	-10
-140	121	-11
-135	122	-11
-128	121	-11
-123	121	-11
-118	122	-11
-112	122	-11
-108	122	-11
-103	122	-11
-97	120	-11
-93	121	-11
-88	120	-11
-85	121	-11
-81	122	-11
-77	122	-11
-73	122	-11
-69	122	-11
-65	122	-11
-62	122	-11
-59	123	-11
-55	122	-11
-52	122	-11
-49	122	-11
-46	123	-11
-43	124	-11
-39	124	-11
-37	124	-11
-33	123	-11
-30	123	-11
-27	124	-11
-24	124	-11
-21	124	-11
-18	124	-11
-15	125	-11
-13	125	-11
-10	124	-11
-7	125	-11
-4	126	-11
-1	125	-11
2	126	-11
5	126	-11
8	126	-11
11	126	-11
14	127	-11
17	126	-11
20	127	-11
23	127	-11
26	126	-11
29	127	-11
32	126	-11
35	129	-12
38	129	-12
42	130	-12
45	129	-12
48	129	-12
54	135	-12
56	132	-12
57	125	-11
58	118	-11
58	113	-10
58	107	-10
59	102	-9
59	97	-9
59	92	-8
59	88	-8
60	84	-8
60	80	-7
60	77	-7
60	74	-7
60	70	-6
61	67	-6
61	64	-6
61	62	-6
61	59	-5
61	56	-5
61	54	-5
61	52	-5
62	49	-4
62	47	-4
62	45	-4
62	43	-4
62	41	-4
62	39	-4
62	37	-3
62	36	-3
62	34	-3
62	32	-3
62	30	-3
63	29	-3
62	27	-2
63	25	-2
63	24	-2
63	22	-2
63	21	-2
63	19	-2
63	18	-2
63	16	-1
63	15	-1
65	14	-1
-184	14	-1
-175	17	-2
-175	21	-2
-179	25	-2
-185	30	-3
-190	35	-3
-191	40	-4
-235	93	-8
-170	72	-7
-235	117	-11
-156	112	-10
-150	112	-10
-143	112	-10
-141	116	-10
-141	121	-11
-135	122	-11
-129	121	-11
-123	122	-11
-119	123	-11
-113	122	-11
-108	123	-11
-103	123	-11
-96	120	-11
-92	121	-11
-88	120	-11
-84	121	-11
-81	122	-11
-77	122	-11
-73	122	-11
-69	122	-11
-65	122	-11
-62	122	-11
-59	123	-11
-55	123	-11
-52	122	-11
-48	123	-11
-45	124	-11
-43	124	-11
-40	124	-11
-36	124	-11
-33	123	-11
-30	124	-11
-27	124	-11
-24	124	-11
-21	124	-11
-18	125	-11
-15	125	-11
-12	125	-11
-10	125	-11
-6	126	-11
-4	126	-11
-1	126	-11
2	126	-11
5	127	-11
8	127	-11
11	127	-11
14	126	-11
17	126	-11
20	128	-12
23	128	-12
26	128	-12
29	128	-12
32	127	-11
35	129	-12
39	129	-12
42	130	-12
45	129	-12
49	129	-12
54	135	-12
57	131	-12
57	124	-11
58	118	-11
58	112	-10
59	107	-10
59	102	-9
59	97	-9
59	92	-8
60	88	-8
60	84	-8
60	80	-7
60	76	-7
60	74	-7
60	70	-6
61	67	-6
61	64	-6
61	61	-6
61	59	-5
61	56	-5
61	54	-5
61	52	-5
62	49	-4
62	47	-4
62	45	-4
62	43	-4
62	41	-4
62	39	-4
62	37	-3
62	35	-3
62	34	-3
63	32	-3
63	30	-3
63	29	-3
63	27	-2
63	25	-2
63	24	-2
63	22	-2
63	21	-2
63	19	-2
63	18	-2
63	16	-1
64	15	-1
-186	13	-1
-178	16	-1
-175	20	-2
-177	24	-2
-184	29	-3
-189	34	-3
-191	38	-3
-191	43	-4
-235	91	-8
-172	72	-6
-235	116	-10
-157	111	-10
-151	112	-10
-144	112	-10
-140	114	-10
-141	120	-11
-138	123	-11
-129	121	-11
-125	122	-11
-120	122	-11
-115	123	-11
-109	123	-11
-104	123	-11
-97	120	-11
-93	120	-11
-89	121	-11
-85	121	-11
-81	121	-11
-78	122	-11
-74	122	-11
-70	122	-11
-66	122	-11
-63	123	-11
-59	123	-11
-56	123	-11
-53	123	-11
-49	122	-11
-46	123	-11
-43	124	-11
-40	124	-11
-37	124	-11
-34	123	-11
-31	123	-11
-28	124	-11
-25	124	-11
-22	124	-11
-19	124	-11
-16	125	-11
-13	125	-11
-10	125	-11
-7	126	-11
-4	126	-11
-1	126	-11
2	126	-11
5	126	-11
7	127	-11
10	126	-11
13	127	-11
16	126	-11
19	127	-12
22	128	-12
25	127	-11
29	128	-12
31	126	-11
35	129	-12
38	129	-12
42	129	-12
45	129	-12
48	128	-12
54	136	-12
56	132	-12
57	126	-11
58	120	-11
58	113	-10
58	108	-10
59	103	-9
59	98	-9
59	93	-8
60	89	-8
60	85	-8
60	81	-7
60	77	-7
60	74	-7
60	71	-6
61	68	-6
61	65	-6
61	62	-6
61	59	-5
61	57	-5
61	54	-5
62	52	-5
61	50	-4
62	48	-4
62	45	-4
62	43	-4
62	41	-4
62	39	-4
62	37	-3
62	36	-3
62	34	-3
62	32	-3
62	31	-3
63	29	-3
63	27	-2
63	26	-2
63	24	-2
63	22	-2
63	21	-2
63	20	-2
63	18	-2
63	17	-1
63	15	-1
64	14	-1
-179	15	-1
-173	19	-2
-176	23	-2
-177	27	-2
-188	32	-3
-191	37	-3
-191	41	-4
-231	55	-5
-287	74	-7
-276	78	-7
-265	81	-7
-259	85	-8
-232	88	-8
-170	70	-6
-230	112	-10
-234	120	-11
-351	188	-17
-347	196	-18
-343	204	-18
-343	214	-19
-346	227	-21
-348	239	-22
-153	112	-10
-146	112	-10
-139	112	-10
-140	118	-11
-140	123	-11
-131	121	-11
-125	121	-11
-120	121	-11
-116	122	-11
-111	123	-11
-106	123	-11
-99	121	-11
-94	121	-11
-90	121	-11
-86	121	-11
-82	121	-11
-79	122	-11
-75	122	-11
-71	122	-11
-67	122	-11
-64	122	-11
-60	123	-11
-57	123	-11
-53	122	-11
-50	122	-11
-47	123	-11
-44	124	-11
-41	124	-11
-38	124	-11
-34	123	-11
-31	124	-11
-28	124	-11
-25	124	-11
-22	123	-11
-20	124	-11
-17	125	-11
-14	125	-11
-11	124	-11
-8	125	-11
-5	125	-11
-2	125	-11
1	126	-11
4	126	-11
7	126	-11
10	126	-11
13	127	-11
15	126	-11
18	126	-11
21	126	-11
25	127	-11
28	127	-11
30	126	-11
34	129	-12
37	129	-12
41	129	-12
44	129	-12
47	128	-12
53	135	-12
57	135	-12
57	127	-11
57	121	-11
58	115	-10
58	109	-10
59	104	-9
59	99	-9
59	94	-8
59	90	-8
60	86	-8
60	82	-7
60	78	-7
60	75	-7
60	71	-6
61	68	-6
61	65	-6
61	62	-6
61	60	-5
61	57	-5
61	55	-5
61	53	-5
61	50	-5
61	48	-4
62	46	-4
62	44	-4
62	42	-4
62	40	-4
62	38	-3
62	36	-3
62	34	-3
62	33	-3
62	31	-3
63	29	-3
62	28	-2
63	26	-2
63	24	-2
63	23	-2
63	21	-2
63	20	-2
63	18	-2
63	17	-2
63	15	-1
64	14	-1
-184	13	-1
-176	17	-1
-174	20	-2
-177	24	-2
-184	29	-3
-188	34	-3
-190	39	-3
-198	45	-4
-271	79	-7
-261	82	-7
-233	91	-8
-169	71	-6
-232	115	-10
-352	193	-17
-341	197	-18
-346	210	-19
-345	220	-20
-346	232	-21
-156	111	-10
-149	112	-10
-143	112	-10
-140	115	-10
-141	121	-11
-135	121	-11
-128	121	-11
-123	121	-11
-118	122	-11
-113	122	-11
-108	122	-11
-103	122	-11
-97	120	-11
-93	121	-11
-88	120	-11
-84	121	-11
-81	121	-11
-77	122	-11
-73	122	-11
-69	122	-11
-65	122	-11
-62	122	-11
-59	122	-11
-55	122	-11
-52	122	-11
-48	122	-11
-45	123	-11
-43	124	-11
-39	123	-11
-36	124	-11
-33	123	-11
-30	123	-11
-27	124	-11
-24	124	-11
-21	123	-11
-18	124	-11
-15	124	-11
-12	125	-11
-9	124	-11
-7	125	-11
-4	125	-11
-1	125	-11
2	126	-11
5	126	-11
8	126	-11
11	126	-11
14	127	-11
17	126	-11
20	127	-11
23	128	-12
26	127	-11
29	128	-12
32	126	-11
36	129	-12
39	128	-12
42	129	-12
45	129	-12
49	129	-12
54	136	-12
56	131	-12
57	125	-11
57	118	-11
58	113	-10
58	107	-10
59	101	-9
59	97	-9
59	92	-8
60	88	-8
60	84	-8
60	80	-7
60	77	-7
60	73	-7
60	70	-6
61	67	-6
61	64	-6
61	61	-6
61	59	-5
61	56	-5
61	54	-5
62	52	-5
61	49	-4
61	47	-4
62	45	-4
62	43	-4
62	41	-4
62	39	-3
62	37	-3
62	35	-3
62	34	-3
62	32	-3
63	30	-3
62	28	-3
62	27	-2
62	25	-2
63	24	-2
63	22	-2
63	21	-2
63	19	-2
63	18	-2
64	16	-1
63	15	-1
-187	13	-1
-177	16	-1
-174	20	-2
-177	24	-2
-183	29	-3
-188	34	-3
-190	38	-3
-195	44	-4
-230	56	-5
-277	74	-7
-271	79	-7
-263	83	-7
-235	91	-8
-170	71	-6
-234	116	-10
-348	190	-17
-339	196	-18
-341	207	-19
-341	217	-20
-339	227	-21
-156	111	-10
-150	112	-10
-144	113	-10
-140	114	-10
-141	121	-11
-137	123	-11
-128	121	-11
-124	122	-11
-118	122	-11
-113	122	-11
-109	123	-11
-103	122	-11
-96	119	-11
-92	120	-11
-88	120	-11
-85	121	-11
-81	121	-11
-77	122	-11
-73	122	-11
-69	122	-11
-66	121	-11
-62	122	-11
-59	122	-11
-55	122	-11
-52	122	-11
-49	122	-11
-46	123	-11
-43	124	-11
-39	124	-11
-37	124	-11
-33	123	-11
-30	124	-11
-27	124	-11
-24	124	-11
-21	124	-11
-18	124	-11
-15	124	-11
-12	125	-11
-9	124	-11
-7	124	-11
-4	125	-11
-1	125	-11
2	126	-11
5	127	-11
8	126	-11
11	127	-11
14	127	-11
17	126	-11
20	127	-11
23	127	-11
26	127	-11
29	128	-12
32	127	-11
36	129	-12
39	128	-12
42	129	-12
45	129	-12
49	130	-12
55	136	-12
56	131	-12
57	124	-11
57	117	-11
58	112	-10
58	106	-10
59	101	-9
59	96	-9
59	92	-8
59	87	-8
60	84	-8
60	80	-7
60	77	-7
60	73	-7
60	70	-6
61	67	-6
61	64	-6
61	61	-6
61	58	-5
61	56	-5
61	53	-5
61	51	-5
61	49	-4
61	47	-4
62	45	-4
62	43	-4
62	41	-4
62	39	-3
62	37	-3
62	35	-3
62	33	-3
62	32	-3
62	30	-3
62	28	-3
63	27	-2
62	25	-2
63	24	-2
63	22	-2
63	21	-2
63	19	-2
63	18	-2
63	16	-1
63	15	-1
-184	14	-1
-172	17	-2
-172	21	-2
-177	25	-2
-190	36	-3
-191	40	-4
-226	52	-5
-277	70	-6
-275	76	-7
-266	79	-7
-261	84	-8
-237	94	-8
-172	74	-7
-232	111	-10
-233	118	-11
-351	186	-17
-339	189	-17
-342	201	-18
-339	210	-19
-341	222	-20
-339	231	-21
-154	111	-10
-147	112	-10
-141	112	-10
-140	116	-11
-141	123	-11
-132	120	-11
-126	120	-11
-121	121	-11
-116	122	-11
-111	122	-11
-106	122	-11
-99	120	-11
-95	119	-11
-90	120	-11
-87	121	-11
-83	121	-11
-79	122	-11
-76	122	-11
-71	122	-11
-68	122	-11
-64	122	-11
-61	122	-11
-57	122	-11
-54	122	-11
-50	122	-11
-47	123	-11
-44	123	-11
-41	124	-11
-38	123	-11
-35	124	-11
-32	124	-11
-29	124	-11
-26	124	-11
-23	124	-11
-20	124	-11
-17	125	-11
-14	124	-11
-11	124	-11
-8	125	-11
-5	125	-11
-2	125	-11
1	126	-11
4	126	-11
7	126	-11
10	126	-11
12	127	-11
15	126	-11
18	127	-11
21	127	-11
24	127	-11
27	128	-12
30	127	-11
34	128	-12
37	129	-12
41	129	-12
43	129	-12
47	128	-12
53	135	-12
56	135	-12
57	128	-12
57	121	-11
58	115	-10
58	109	-10
58	104	-9
59	99	-9
59	94	-8
59	90	-8
60	86	-8
60	82	-7
60	78	-7
60	74	-7
60	71	-6
60	68	-6
61	65	-6
61	62	-6
61	60	-5
61	57	-5
61	55	-5
61	52	-5
61	50	-5
61	48	-4
62	46	-4
62	44	-4
62	42	-4
62	40	-4
62	38	-3
62	36	-3
62	34	-3
62	32	-3
62	31	-3
63	29	-3
63	27	-2
63	26	-2
63	24	-2
63	23	-2
63	21	-2
63	20	-2
63	18	-2
63	17	-2
63	15	-1
64	14	-1
-180	11	-2
-173	14	-3
-172	18	-3
-174	22	-4
-181	26	-5
-192	36	-7
-190	40	-7
-195	45	-8
-225	56	-10
-232	63	-12
-232	69	-13
-232	74	-14
-233	80	-15
-234	86	-16
-233	92	-17
-170	72	-13
-232	115	-21
-347	190	-35
-340	196	-36
-340	206	-38
-342	217	-40
-343	229	-42
-156	111	-20
-149	111	-21
-143	112	-21
-140	114	-21
-141	120	-22
-132	118	-22
-127	118	-22
-121	118	-22
-117	119	-22
-113	120	-22
-109	122	-22
-104	122	-22
-95	117	-22
-92	118	-22
-87	118	-22
-83	118	-22
-79	118	-22
-76	119	-22
-72	119	-22
-68	119	-22
-65	120	-22
-61	120	-22
-58	120	-22
-55	120	-22
-51	119	-22
-48	120	-22
-45	121	-22
-42	121	-22
-39	122	-23
-36	122	-22
-32	121	-22
-29	121	-22
-26	121	-22
-23	121	-22
-20	121	-22
-17	122	-23
-14	122	-23
-12	122	-23
-9	123	-23
-6	122	-23
-3	123	-23
0	123	-23
3	123	-23
6	124	-23
9	123	-23
12	123	-23
15	125	-23
18	125	-23
21	125	-23
24	125	-23
27	124	-23
29	121	-22
33	126	-23
37	127	-23
40	128	-24
44	130	-24
47	128	-24
50	126	-23
54	127	-24
56	126	-23
57	119	-22
57	113	-21
58	107	-20
58	102	-19
59	98	-18
59	93	-17
59	89	-16
60	85	-16
60	81	-15
60	77	-14
60	74	-14
60	70	-13
60	67	-12
60	64	-12
60	62	-11
61	59	-11
61	57	-10
61	54	-10
61	51	-10
61	49	-9
61	47	-9
61	45	-8
61	43	-8
61	41	-8
62	39	-7
61	37	-7
62	36	-7
62	34	-6
62	32	-6
62	31	-6
62	29	-5
63	27	-5
62	26	-5
63	24	-4
63	23	-4
63	21	-4
63	20	-4
63	19	-3
63	17	-3
63	16	-3
63	14	-3
64	13	-2
64	11	-2
-177	12	-2
-170	15	-3
-173	19	-3
-174	23	-4
-185	28	-5
-185	32	-6
-193	37	-7
-192	41	-8
-200	47	-9
-231	65	-12
-233	71	-13
-232	76	-14
-234	82	-15
-233	87	-16
-171	69	-13
-229	109	-20
-233	118	-22
-345	182	-34
-345	192	-35
-338	198	-37
-339	208	-38
-342	220	-41
-342	231	-43
-154	111	-20
-148	111	-21
-142	112	-21
-140	115	-21
-140	121	-22
-131	118	-22
-125	118	-22
-119	118	-22
-116	119	-22
-112	121	-22
-106	121	-22
-99	118	-22
-94	117	-22
-91	118	-22
-86	118	-22
-83	119	-22
-78	119	-22
-75	119	-22
-71	119	-22
-68	120	-22
-64	119	-22
-61	120	-22
-57	121	-22
-54	121	-22
-50	119	-22
-47	121	-22
-44	121	-22
-41	122	-22
-38	122	-23
-35	122	-22
-32	121	-22
-29	121	-22
-26	122	-23
-23	121	-22
-20	121	-22
-17	122	-23
-14	122	-23
-11	123	-23
-8	122	-23
-5	123	-23
-2	122	-23
1	123	-23
4	123	-23
7	123	-23
10	123	-23
12	123	-23
16	125	-23
19	126	-23
22	126	-23
25	125	-23
27	124	-23
30	121	-22
34	127	-24
37	127	-23
41	129	-24
45	129	-24
48	128	-24
50	125	-23
55	130	-24
57	125	-23
57	118	-22
58	112	-21
58	106	-20
59	102	-19
59	97	-18
59	92	-17
59	88	-16
60	84	-15
60	80	-15
60	76	-14
60	73	-14
60	70	-13
60	67	-12
60	64	-12
61	61	-11
61	58	-11
61	56	-10
61	53	-10
61	51	-9
61	49	-9
61	47	-9
62	45	-8
62	43	-8
62	41	-8
62	39	-7
62	37	-7
62	35	-7
62	34	-6
62	32	-6
62	30	-6
62	29	-5
63	27	-5
62	26	-5
63	24	-4
63	23	-4
63	21	-4
63	20	-4
63	18	-3
63	17	-3
63	15	-3
63	14	-3
64	13	-2
64	11	-2
-185	9	-2
-175	13	-2
-172	16	-3
-173	20	-4
-176	24	-4
-185	29	-5
-186	33	-6
-191	38	-7
-194	43	-8
-201	49	-9
-230	61	-11
-232	67	-12
-233	72	-13
-234	78	-14
-234	84	-16
-234	90	-17
-171	70	-13
-232	113	-21
-235	120	-22
-350	188	-35
-344	194	-36
-344	203	-38
-342	213	-39
-340	222	-41
-340	233	-43
-152	111	-20
-146	111	-21
-140	112	-21
-140	117	-22
-137	120	-22
-129	118	-22
-124	119	-22
-119	120	-22
-115	121	-22
-110	121	-22
-106	122	-22
-97	117	-22
-93	117	-22
-89	117	-22
-85	118	-22
-81	119	-22
-78	119	-22
-74	119	-22
-70	120	-22
-66	119	-22
-63	120	-22
-60	120	-22
-56	121	-22
-53	120	-22
-49	120	-22
-46	121	-22
-44	122	-23
-40	122	-23
-37	122	-23
-34	122	-23
-31	122	-23
-28	122	-23
-25	122	-23
-22	123	-23
-19	123	-23
-16	123	-23
-13	122	-23
-10	123	-23
-7	123	-23
-4	123	-23
-1	124	-23
2	124	-23
5	124	-23
8	124	-23
11	125	-23
14	125	-23
16	125	-23
19	126	-23
23	126	-23
26	125	-23
28	123	-23
31	124	-23
35	127	-24
39	127	-23
43	130	-24
46	128	-24
48	126	-23
51	125	-23
56	129	-24
57	123	-23
57	116	-21
58	110	-20
58	104	-19
59	100	-18
59	95	-18
59	90	-17
59	86	-16
60	82	-15
60	79	-15
60	75	-14
60	72	-13
60	69	-13
60	66	-12
60	63	-12
61	60	-11
61	57	-11
61	55	-10
61	53	-10
61	50	-9
61	48	-9
61	46	-9
61	44	-8
62	42	-8
62	40	-7
62	38	-7
62	37	-7
62	35	-6
62	33	-6
62	32	-6
62	30	-6
62	28	-5
63	27	-5
63	25	-5
63	24	-4
63	22	-4
63	21	-4
63	19	-4
63	18	-3
63	16	-3
63	15	-3
63	14	-3
64	12	-2
-185	9	-2
-175	13	-2
-172	16	-3
-173	20	-4
-176	24	-4
-185	29	-5
-186	33	-6
-191	38	-7
-194	43	-8
-201	49	-9
-230	61	-11
-233	67	-12
-233	73	-13
-234	78	-14
-234	84	-16
-234	90	-17
-171	70	-13
-233	113	-21
-236	121	-22
-351	188	-35
-344	194	-36
-342	203	-37
-342	213	-39
-340	222	-41
-344	235	-43
-152	111	-20
-146	111	-21
-139	111	-21
-140	117	-22
-136	119	-22
-129	118	-22
-124	119	-22
-119	120	-22
-115	121	-22
-110	121	-22
-106	122	-22
-97	117	-22
-93	117	-22
-89	117	-22
-85	118	-22
-81	119	-22
-78	119	-22
-74	119	-22
-70	120	-22
-66	119	-22
-63	120	-22
-60	120	-22
-56	121	-22
-52	120	-22
-49	120	-22
-46	121	-22
-44	122	-23
-40	122	-23
-37	122	-23
-34	122	-23
-31	122	-23
-28	122	-23
-25	122	-23
-22	123	-23
-19	123	-23
-16	123	-23
-13	123	-23
-10	123	-23
-7	123	-23
-4	123	-23
-1	123	-23
2	124	-23
5	124	-23
8	124	-23
11	125	-23
14	124	-23
17	125	-23
20	126	-23
23	126	-23
26	125	-23
28	123	-23
32	124	-23
35	127	-24
39	127	-23
43	130	-24
46	128	-24
48	126	-23
51	125	-23
56	129	-24
57	123	-23
57	116	-21
58	110	-20
58	104	-19
59	100	-18
59	95	-17
59	90	-17
59	86	-16
60	82	-15
60	79	-15
60	75	-14
60	72	-13
60	68	-13
60	65	-12
60	63	-12
61	60	-11
61	57	-11
61	55	-10
61	53	-10
61	50	-9
61	48	-9
62	46	-9
61	44	-8
62	42	-8
62	40	-7
62	38	-7
62	37	-7
62	35	-6
62	33	-6
62	31	-6
62	30	-5
62	28	-5
62	27	-5
62	25	-5
63	23	-4
63	22	-4
63	20	-4
63	19	-4
63	18	-3
63	16	-3
63	15	-3
64	13	-2
64	12	-2
-181	10	-2
-174	13	-2
-172	17	-3
-175	21	-4
-178	25	-5
-184	30	-6
-187	34	-6
-190	39	-7
-194	44	-8
-233	63	-12
-232	68	-13
-233	74	-14
-234	79	-15
-234	85	-16
-234	91	-17
-170	71	-13
-232	114	-21
-235	122	-22
-350	189	-35
-346	197	-36
-345	206	-38
-344	216	-40
-352	232	-43
-158	110	-20
-151	111	-20
-145	111	-21
-140	113	-21
-140	118	-22
-133	118	-22
-128	118	-22
-123	119	-22
-118	120	-22
-114	120	-22
-109	121	-22
-105	122	-23
-97	117	-22
-92	118	-22
-89	119	-22
-84	119	-22
-80	119	-22
-77	120	-22
-73	120	-22
-69	119	-22
-66	120	-22
-62	120	-22
-59	121	-22
-56	121	-22
-52	120	-22
-49	120	-22
-46	121	-22
-43	122	-22
-40	122	-22
-37	122	-23
-33	121	-22
-30	121	-22
-27	122	-22
-24	122	-22
-21	122	-22
-18	122	-23
-15	122	-23
-12	123	-23
-9	122	-23
-7	123	-23
-4	123	-23
-1	123	-23
2	124	-23
5	124	-23
8	124	-23
11	125	-23
14	124	-23
17	125	-23
20	126	-23
23	126	-23
26	124	-23
29	123	-23
32	124	-23
36	127	-23
39	128	-24
43	130	-24
46	128	-24
49	126	-23
52	126	-23
56	128	-24
57	122	-22
57	115	-21
58	109	-20
58	104	-19
58	99	-18
59	94	-17
59	89	-17
59	85	-16
60	82	-15
60	78	-14
60	75	-14
60	71	-13
61	68	-13
61	65	-12
61	62	-12
61	60	-11
61	57	-11
61	55	-10
61	52	-10
61	50	-9
61	48	-9
62	46	-8
62	44	-8
62	42	-8
62	40	-7
62	38	-7
62	36	-7
62	35	-6
62	33	-6
62	31	-6
62	30	-5
62	28	-5
63	26	-5
62	25	-5
63	23	-4
63	22	-4
63	20	-4
63	19	-4
63	17	-3
63	16	-3
63	15	-3
64	13	-2
64	12	-2
-181	10	-2
-174	13	-2
-172	17	-3
-175	21	-4
-178	25	-5
-184	30	-6
-187	35	-6
-191	39	-7
-194	44	-8
-233	63	-12
-232	68	-13
-233	74	-14
-234	79	-15
-234	85	-16
-234	91	-17
-169	71	-13
-232	114	-21
-235	122	-22
-346	187	-35
-343	195	-36
-345	206	-38
-345	217	-40
-352	232	-43
-158	110	-20
-151	111	-20
-145	111	-21
-140	113	-21
-140	118	-22
-133	118	-22
-128	118	-22
-123	119	-22
-118	120	-22
-114	120	-22
-109	121	-22
-105	122	-23
-97	117	-22
-92	118	-22
-89	119	-22
-85	119	-22
-80	119	-22
-77	120	-22
-73	119	-22
-69	119	-22
-66	120	-22
-62	120	-22
-59	121	-22
-56	121	-22
-52	120	-22
-49	120	-22
-46	121	-22
-43	122	-22
-39	122	-22
-37	122	-23
-33	121	-22
-30	121	-22
-27	122	-22
-24	122	-22
-21	122	-22
-18	122	-23
-15	121	-22
-12	123	-23
-9	122	-23
-7	123	-23
-4	123	-23
-1	123	-23
2	124	-23
5	124	-23
8	124	-23
11	125	-23
14	125	-23
17	125	-23
20	126	-23
23	126	-23
26	124	-23
29	122	-23
32	124	-23
36	127	-23
40	128	-24
44	129	-24
46	128	-24
49	125	-23
53	126	-23
56	127	-24
57	121	-22
57	114	-21
58	109	-20
59	104	-19
59	98	-18
59	94	-17
59	89	-17
59	85	-16
60	82	-15
60	78	-14
60	75	-14
60	71	-13
60	68	-13
61	65	-12
61	62	-12
61	60	-11
61	57	-11
61	55	-10
61	52	-10
61	50	-9
61	48	-9
62	46	-8
62	44	-8
62	42	-8
62	40	-7
62	38	-7
62	36	-7
62	34	-6
62	33	-6
62	31	-6
63	29	-5
62	28	-5
63	26	-5
63	25	-5
63	23	-4
63	22	-4
63	20	-4
63	19	-3
63	17	-3
63	16	-3
63	15	-3
63	13	-2
64	12	-2
-187	9	-2
-177	12	-2
-168	15	-3
-173	19	-4
-175	23	-4
-185	28	-5
-186	33	-6
-193	38	-7
-193	42	-8
-200	48	-9
-231	60	-11
-232	66	-12
-233	72	-13
-233	77	-14
-234	83	-15
-234	89	-16
-171	70	-13
-233	112	-21
-233	118	-22
-350	186	-34
-341	190	-35
-341	200	-37
-342	211	-39
-340	220	-41
-340	231	-43
-154	111	-21
-147	111	-21
-140	111	-21
-140	117	-22
-139	120	-22
-130	118	-22
-125	119	-22
-120	120	-22
-115	120	-22
-111	121	-22
-106	121	-22
-98	118	-22
-93	117	-22
-89	117	-22
-85	118	-22
-82	119	-22
-78	119	-22
-74	119	-22
-70	120	-22
-66	119	-22
-63	120	-22
-59	120	-22
-57	121	-22
-53	120	-22
-49	119	-22
-46	121	-22
-44	122	-23
-40	122	-23
-37	122	-23
-34	122	-23
-31	122	-23
-28	122	-23
-25	122	-23
-22	122	-23
-19	123	-23
-16	122	-23
-13	122	-23
-10	123	-23
-7	123	-23
-4	123	-23
-1	124	-23
2	124	-23
5	125	-23
8	124	-23
11	125	-23
13	124	-23
16	126	-23
20	126	-23
23	126	-23
26	125	-23
28	124	-23
31	123	-23
35	127	-24
38	127	-23
43	129	-24
46	128	-24
48	126	-23
51	125	-23
56	129	-24
57	123	-23
57	116	-21
58	110	-20
58	105	-19
59	100	-18
59	95	-18
59	90	-17
59	86	-16
60	82	-15
60	79	-15
60	75	-14
60	72	-13
60	68	-13
60	66	-12
60	63	-12
61	60	-11
61	57	-11
61	55	-10
61	53	-10
61	50	-9
61	48	-9
61	46	-9
62	44	-8
62	42	-8
62	40	-7
62	38	-7
62	37	-7
62	35	-6
62	33	-6
62	31	-6
62	30	-5
62	28	-5
63	27	-5
63	25	-5
63	23	-4
63	22	-4
63	20	-4
63	19	-4
63	18	-3
63	16	-3
63	15	-3
64	13	-2
64	12	-2
-185	10	-2
-175	13	-2
-172	17	-3
-175	20	-4
-177	24	-5
-185	29	-5
-186	34	-6
-192	39	-7
-195	44	-8
-204	50	-9
-232	62	-11
-231	67	-12
-233	73	-13
-235	79	-15
-234	85	-16
-234	90	-17
-170	71	-13
-232	113	-21
-235	121	-22
-348	188	-35
-342	194	-36
-340	203	-38
-341	214	-40
-341	224	-41
-158	111	-20
-151	111	-21
-145	111	-21
-140	113	-21
-140	118	-22
-134	118	-22
-128	118	-22
-123	119	-22
-118	120	-22
-114	121	-22
-109	121	-22
-105	121	-22
-96	117	-22
-91	117	-22
-88	118	-22
-84	118	-22
-80	119	-22
-77	119	-22
-73	119	-22
-69	119	-22
-65	119	-22
-62	120	-22
-59	120	-22
-55	120	-22
-52	120	-22
-48	120	-22
-46	121	-22
-43	122	-23
-39	122	-23
-36	122	-23
-33	122	-22
-30	121	-22
-27	122	-23
-24	122	-23
-21	122	-23
-18	122	-23
-15	122	-23
-12	123	-23
-9	122	-23
-6	122	-23
-3	123	-23
0	124	-23
3	124	-23
6	124	-23
9	124	-23
12	125	-23
15	125	-23
18	126	-23
21	125	-23
24	126	-23
27	125	-23
29	122	-23
33	126	-23
37	127	-23
41	128	-24
44	129	-24
47	127	-23
49	125	-23
54	127	-24
57	126	-23
57	119	-22
58	113	-21
58	107	-20
58	102	-19
59	97	-18
59	93	-17
59	88	-16
59	84	-16
60	80	-15
60	77	-14
60	73	-14
60	70	-13
60	67	-12
60	64	-12
61	62	-11
61	59	-11
61	56	-10
61	54	-10
61	51	-9
61	49	-9
62	47	-9
61	45	-8
62	43	-8
61	41	-8
62	39	-7
62	37	-7
62	35	-7
62	34	-6
62	32	-6
62	30	-6
63	29	-5
63	27	-5
63	26	-5
63	24	-4
63	23	-4
63	21	-4
63	20	-4
63	18	-3
63	17	-3
63	15	-3
63	14	-3
63	13	-2
65	11	-2
-192	4	-1
-180	8	-2
-174	11	-3
-172	14	-4
-173	18	-5
-177	22	-6
-183	26	-8
-184	30	-9
-195	36	-10
-180	37	-11
-178	41	-12
-179	45	-13
-233	62	-18
-232	67	-19
-232	73	-21
-233	78	-22
-233	83	-24
-233	89	-25
-170	70	-20
-232	112	-32
-236	120	-34
-338	179	-51
-336	188	-54
-340	199	-57
-153	110	-31
-147	110	-32
-141	111	-32
-141	115	-33
-138	118	-34
-134	120	-34
-143	134	-38
-143	140	-40
-143	147	-42
-143	153	-44
-144	162	-46
-97	115	-33
-93	115	-33
-89	116	-33
-85	116	-33
-82	117	-33
-78	118	-34
-74	118	-34
-70	118	-34
-67	118	-34
-63	118	-34
-60	119	-34
-56	119	-34
-53	119	-34
-49	119	-34
-47	120	-34
-43	120	-34
-40	120	-34
-37	120	-34
-34	120	-34
-31	121	-34
-28	121	-35
-25	121	-35
-22	121	-35
-19	122	-35
-16	122	-35
-12	122	-35
-9	120	-34
-6	121	-35
-4	123	-35
-1	124	-36
3	124	-36
6	124	-35
9	124	-35
12	123	-35
14	123	-35
18	123	-35
21	123	-35
23	122	-35
26	120	-34
28	117	-33
33	122	-35
37	125	-36
40	126	-36
44	128	-37
48	130	-37
52	129	-37
56	131	-37
57	124	-35
57	117	-33
58	112	-32
58	105	-30
58	101	-29
59	96	-28
59	91	-26
60	87	-25
60	83	-24
60	80	-23
60	76	-22
60	72	-21
60	69	-20
60	66	-19
60	63	-18
61	61	-17
61	58	-17
61	56	-16
61	53	-15
61	51	-14
61	49	-14
61	47	-13
61	45	-13
61	43	-12
62	41	-12
62	39	-11
62	37	-11
62	35	-10
62	34	-10
62	32	-9
62	30	-9
62	29	-8
62	27	-8
63	26	-7
63	24	-7
63	23	-7
63	21	-6
63	20	-6
63	19	-5
63	17	-5
63	16	-5
63	15	-4
63	13	-4
64	12	-3
63	10	-3
64	9	-3
-182	7	-2
-174	10	-3
-167	13	-4
-173	17	-5
-176	21	-6
-182	25	-7
-184	29	-8
-195	35	-10
-180	36	-10
-179	40	-11
-180	44	-13
-233	61	-17
-233	66	-19
-232	71	-20
-234	77	-22
-233	82	-23
-233	88	-25
-171	69	-20
-231	110	-31
-234	118	-34
-337	177	-50
-337	186	-53
-340	197	-56
-341	208	-59
-155	110	-31
-148	110	-31
-141	110	-32
-139	114	-32
-140	120	-34
-134	119	-34
-142	132	-38
-143	139	-40
-142	145	-41
-143	152	-43
-144	159	-46
-144	168	-48
-94	115	-33
-90	116	-33
-86	116	-33
-82	117	-33
-79	118	-34
-75	118	-34
-71	118	-34
-68	118	-34
-64	119	-34
-61	119	-34
-57	119	-34
-54	119	-34
-50	119	-34
-47	120	-34
-44	120	-34
-41	120	-34
-38	120	-34
-35	121	-34
-31	121	-34
-28	121	-35
-25	121	-35
-22	121	-35
-19	122	-35
-16	122	-35
-13	122	-35
-10	120	-34
-7	121	-35
-4	122	-35
-1	124	-36
2	124	-36
5	124	-35
8	124	-35
11	123	-35
14	123	-35
17	123	-35
20	123	-35
23	123	-35
26	121	-35
28	117	-33
32	120	-34
36	124	-36
40	126	-36
44	128	-37
48	130	-37
51	128	-37
56	132	-38
56	125	-36
57	118	-34
57	112	-32
58	106	-30
58	101	-29
59	97	-28
59	92	-26
59	88	-25
59	84	-24
60	80	-23
60	76	-22
60	73	-21
60	70	-20
60	67	-19
60	64	-18
61	61	-17
61	58	-17
61	56	-16
61	54	-15
61	51	-15
61	49	-14
61	47	-13
61	45	-13
61	43	-12
62	41	-12
62	39	-11
62	37	-11
62	35	-10
62	34	-10
62	32	-9
62	31	-9
62	29	-8
63	28	-8
63	26	-7
63	24	-7
63	23	-7
63	22	-6
63	20	-6
63	19	-5
63	17	-5
63	16	-5
63	15	-4
63	13	-4
64	12	-3
64	11	-3
64	9	-3
-186	6	-2
-175	9	-3
-173	12	-4
-171	16	-5
-176	20	-6
-178	24	-7
-183	28	-8
-187	32	-9
-190	37	-11
-179	39	-11
-178	42	-12
-232	59	-17
-232	64	-18
-234	70	-20
-234	75	-22
-234	81	-23
-235	86	-25
-234	92	-26
-233	115	-33
-341	185	-53
-339	193	-55
-340	204	-58
-157	109	-31
-151	111	-32
-145	111	-32
-140	113	-32
-140	118	-34
-134	118	-34
-141	129	-37
-141	135	-39
-142	142	-40
-144	150	-43
-144	157	-45
-144	165	-47
-95	115	-33
-90	114	-33
-86	115	-33
-83	116	-33
-80	118	-34
-76	118	-34
-73	118	-34
-69	118	-34
-65	118	-34
-61	118	-34
-58	118	-34
-55	119	-34
-51	118	-34
-48	119	-34
-45	120	-34
-42	120	-34
-38	120	-34
-35	120	-34
-32	121	-34
-29	121	-35
-26	121	-35
-23	121	-35
-20	122	-35
-17	123	-35
-14	122	-35
-11	122	-35
-8	122	-35
-5	123	-35
-2	124	-35
1	124	-36
4	124	-35
7	124	-35
10	124	-35
13	123	-35
16	123	-35
19	124	-35
22	123	-35
25	121	-35
27	119	-34
31	119	-34
35	124	-35
39	126	-36
42	127	-36
47	130	-37
50	129	-37
55	132	-38
56	127	-36
57	120	-34
57	114	-32
58	108	-31
58	102	-29
58	98	-28
59	93	-27
59	89	-25
59	84	-24
60	81	-23
60	77	-22
60	74	-21
60	70	-20
60	67	-19
60	64	-18
60	61	-18
61	59	-17
61	56	-16
61	54	-15
61	52	-15
61	49	-14
61	47	-14
61	45	-13
62	43	-12
62	41	-12
62	40	-11
62	38	-11
62	36	-10
62	34	-10
62	33	-9
62	31	-9
62	30	-8
62	28	-8
63	26	-8
63	25	-7
63	23	-7
63	22	-6
62	20	-6
63	19	-5
63	18	-5
63	16	-5
63	15	-4
64	14	-4
64	12	-4
63	11	-3
64	10	-3
-190	4	-1
-180	8	-2
-175	11	-3
-171	14	-4
-175	18	-5
-177	22	-6
-183	26	-8
-184	30	-9
-196	36	-10
-180	37	-11
-178	41	-12
-179	45	-13
-232	62	-18
-232	67	-19
-234	73	-21
-234	78	-22
-234	84	-24
-235	90	-26
-170	70	-20
-233	112	-32
-234	119	-34
-339	180	-51
-338	189	-54
-338	198	-57
-153	110	-31
-146	110	-31
-141	111	-32
-141	116	-33
-138	119	-34
-133	120	-34
-141	133	-38
-142	139	-40
-143	147	-42
-144	155	-44
-144	162	-46
-96	114	-33
-92	115	-33
-87	114	-33
-85	116	-33
-81	117	-33
-78	118	-34
-74	118	-34
-70	118	-34
-66	118	-34
-63	118	-34
-59	118	-34
-56	119	-34
-53	119	-34
-49	119	-34
-47	120	-34
-43	120	-34
-40	120	-34
-37	120	-34
-33	120	-34
-31	121	-35
-27	121	-35
-24	121	-35
-21	122	-35
-18	123	-35
-15	122	-35
-12	122	-35
-9	122	-35
-6	122	-35
-3	123	-35
0	124	-36
3	124	-36
6	124	-35
9	124	-35
12	123	-35
15	123	-35
18	124	-35
21	123	-35
24	122	-35
27	120	-34
29	118	-34
33	123	-35
37	126	-36
41	127	-36
45	129	-37
48	128	-37
52	129	-37
56	129	-37
56	123	-35
57	116	-33
58	110	-32
58	104	-30
58	99	-28
59	95	-27
59	91	-26
59	86	-25
59	82	-23
60	78	-22
60	75	-21
60	72	-21
60	69	-20
60	66	-19
60	63	-18
60	60	-17
61	57	-16
61	55	-16
61	53	-15
61	50	-14
61	48	-14
61	46	-13
62	44	-13
62	42	-12
62	40	-12
62	38	-11
62	37	-10
62	35	-10
62	33	-10
62	32	-9
62	30	-9
62	29	-8
62	27	-8
62	25	-7
63	24	-7
63	23	-6
63	21	-6
63	20	-6
63	18	-5
63	17	-5
63	16	-4
63	14	-4
64	13	-4
64	12	-3
63	10	-3
65	9	-3
-185	6	-2
-175	9	-3
-173	12	-4
-173	16	-5
-176	20	-6
-180	24	-7
-183	28	-8
-187	33	-9
-189	37	-10
-179	39	-11
-178	42	-12
-233	60	-17
-233	65	-19
-233	70	-20
-233	75	-22
-233	80	-23
-233	86	-25
-171	68	-19
-232	115	-33
-341	185	-53
-342	195	-56
-343	205	-59
-156	109	-31
-150	110	-31
-144	111	-32
-140	112	-32
-140	118	-34
-134	118	-34
-141	129	-37
-142	136	-39
-142	143	-41
-143	151	-43
-143	158	-45
-145	167	-48
-95	115	-33
-91	115	-33
-87	116	-33
-84	118	-34
-80	118	-34
-76	118	-34
-72	118	-34
-68	118	-34
-65	118	-34
-61	119	-34
-58	119	-34
-54	119	-34
-50	118	-34
-48	120	-34
-44	120	-34
-41	120	-34
-38	120	-34
-35	120	-34
-32	121	-34
-29	121	-34
-26	121	-34
-23	121	-35
-20	122	-35
-17	122	-35
-14	121	-35
-11	122	-35
-8	122	-35
-5	123	-35
-2	124	-36
1	124	-36
5	124	-35
8	124	-35
11	124	-35
14	123	-35
16	123	-35
20	123	-35
23	123	-35
25	121	-35
28	118	-34
31	119	-34
36	125	-36
39	126	-36
43	128	-37
47	130	-37
50	129	-37
56	133	-38
57	126	-36
57	120	-34
57	113	-32
58	108	-31
58	102	-29
59	97	-28
59	93	-26
59	88	-25
59	84	-24
60	80	-23
60	76	-22
60	73	-21
60	70	-20
60	67	-19
61	64	-18
61	61	-18
61	59	-17
61	56	-16
61	54	-15
61	51	-15
61	49	-14
61	47	-13
61	45	-13
62	43	-12
62	41	-12
62	39	-11
62	38	-11
62	36	-10
62	34	-10
62	32	-9
62	31	-9
62	29	-8
63	28	-8
63	26	-7
63	25	-7
63	23	-7
63	22	-6
63	20	-6
63	19	-5
63	18	-5
63	16	-5
63	15	-4
63	13	-4
64	12	-3
64	11	-3
64	9	-3
-188	5	-1
-178	8	-2
-174	12	-3
-172	15	-4
-176	19	-5
-178	23	-7
-182	27	-8
-185	31	-9
-194	37	-10
-180	38	-11
-179	42	-12
-231	58	-17
-234	64	-18
-234	69	-20
-234	74	-21
-233	80	-23
-234	85	-24
-235	91	-26
-170	71	-20
-233	114	-33
-341	184	-52
-343	194	-55
-343	204	-58
-156	109	-31
-150	110	-31
-145	110	-32
-140	112	-32
-141	117	-34
-135	118	-34
-140	128	-37
-142	135	-39
-143	143	-41
-144	150	-43
-144	157	-45
-145	166	-47
-95	115	-33
-91	115	-33
-87	116	-33
-84	117	-34
-80	118	-34
-76	118	-34
-72	118	-34
-68	118	-34
-65	118	-34
-61	118	-34
-58	119	-34
-55	119	-34
-51	118	-34
-48	120	-34
-45	120	-34
-42	120	-34
-38	120	-34
-35	120	-34
-32	121	-34
-29	121	-35
-26	121	-34
-23	121	-35
-20	122	-35
-17	122	-35
-14	121	-35
-11	122	-35
-8	122	-35
-5	122	-35
-2	124	-36
1	124	-36
4	124	-35
7	124	-35
10	124	-35
13	123	-35
16	123	-35
19	123	-35
22	123	-35
25	122	-35
28	118	-34
31	120	-34
35	125	-36
39	126	-36
43	127	-36
47	130	-37
50	129	-37
56	133	-38
56	127	-36
57	120	-34
57	113	-32
58	108	-31
58	102	-29
59	97	-28
59	93	-26
59	88	-25
59	84	-24
60	80	-23
59	76	-22
60	73	-21
60	70	-20
60	67	-19
61	64	-18
61	61	-18
61	59	-17
61	56	-16
61	54	-15
61	51	-15
61	49	-14
61	47	-13
61	45	-13
62	43	-12
62	41	-12
61	39	-11
62	38	-11
62	36	-10
62	34	-10
62	32	-9
62	31	-9
62	29	-8
63	28	-8
63	26	-7
63	25	-7
63	23	-7
63	22	-6
63	20	-6
63	19	-5
63	18	-5
63	16	-5
63	15	-4
63	13	-4
64	12	-3
64	11	-3
64	10	-3
-188	5	-1
-178	9	-2
-174	12	-3
-172	15	-4
-176	19	-5
-178	23	-7
-182	27	-8
-185	32	-9
-192	37	-10
-180	38	-11
-179	42	-12
-232	59	-17
-232	64	-18
-234	70	-20
-233	75	-21
-234	80	-23
-235	86	-25
-235	92	-26
-172	72	-21
-234	115	-33
-341	185	-53
-339	193	-55
-339	203	-58
-157	110	-31
-150	110	-31
-144	111	-32
-140	112	-32
-140	118	-34
-134	118	-34
-141	130	-37
-141	136	-39
-142	142	-41
-143	150	-43
-143	157	-45
-144	165	-47
-94	114	-33
-90	115	-33
-86	116	-33
-83	117	-33
-80	118	-34
-76	118	-34
-72	118	-34
-68	118	-34
-65	119	-34
-61	119	-34
-58	119	-34
-54	119	-34
-50	118	-34
-48	120	-34
-44	120	-34
-41	120	-34
-38	120	-34
-35	120	-34
-32	121	-34
-29	121	-35
-26	121	-35
-23	121	-35
-20	122	-35
-17	122	-35
-14	122	-35
-10	122	-35
-7	122	-35
-4	122	-35
-2	124	-35
2	124	-36
5	124	-35
8	124	-35
11	124	-35
14	123	-35
17	123	-35
20	123	-35
23	123	-35
26	121	-35
28	118	-34
32	120	-34
36	125	-36
40	126	-36
44	128	-37
48	129	-37
51	129	-37
56	131	-38
57	125	-36
57	118	-34
57	112	-32
58	106	-30
58	101	-29
59	96	-27
59	92	-26
59	87	-25
60	84	-24
60	80	-23
60	76	-22
60	72	-21
60	69	-20
60	66	-19
60	63	-18
61	61	-17
61	58	-17
61	55	-16
61	53	-15
61	51	-14
61	48	-14
61	46	-13
61	44	-13
62	43	-12
62	41	-12
62	39	-11
62	37	-11
62	35	-10
62	33	-10
62	32	-9
62	30	-9
62	29	-8
62	27	-8
63	26	-7
63	24	-7
63	23	-6
63	21	-6
63	20	-6
63	18	-5
63	17	-5
63	16	-4
63	14	-4
64	13	-4
63	12	-3
63	10	-3
64	9	-3
-183	7	-2
-175	10	-3
-168	13	-4
-173	17	-5
-176	21	-6
-183	25	-7
-183	29	-8
-195	35	-10
-181	37	-10
-179	40	-11
-179	44	-13
-231	61	-17
-232	67	-19
-234	72	-21
-234	78	-22
-235	83	-24
-234	89	-25
-170	70	-20
-232	111	-32
-234	118	-34
-339	179	-51
-341	189	-54
-340	198	-57
-153	110	-31
-147	110	-31
-142	111	-32
-141	116	-33
-137	118	-34
-133	120	-34
-141	133	-38
-142	139	-40
-143	147	-42
-145	155	-44
-145	163	-46
-96	114	-33
-92	114	-33
-87	114	-33
-84	116	-33
-81	117	-34
-78	118	-34
-74	118	-34
-70	119	-34
-66	118	-34
-62	118	-34
-59	118	-34
-56	119	-34
-52	119	-34
-49	119	-34
-46	120	-34
-43	120	-34
-39	120	-34
-36	120	-34
-33	120	-34
-30	121	-35
-27	121	-35
-24	121	-35
-21	122	-35
-18	122	-35
-15	122	-35
-12	122	-35
-9	122	-35
-6	122	-35
-3	124	-35
0	124	-36
3	124	-36
6	124	-35
10	124	-35
12	123	-35
16	123	-35
19	124	-35
22	123	-35
25	122	-35
27	119	-34
30	119	-34
35	124	-36
38	125	-36
42	127	-36
46	130	-37
49	128	-37
54	132	-38
56	128	-36
57	120	-34
57	114	-33
58	109	-31
58	103	-29
59	98	-28
59	93	-27
59	89	-25
59	85	-24
60	81	-23
60	77	-22
60	74	-21
60	71	-20
60	68	-19
60	65	-18
60	62	-18
61	59	-17
61	57	-16
61	54	-15
61	52	-15
61	49	-14
61	47	-14
61	45	-13
61	43	-12
62	42	-12
62	40	-11
62	38	-11
62	36	-10
62	34	-10
62	32	-9
62	31	-9
62	29	-8
62	28	-8
63	26	-7
62	25	-7
63	23	-7
63	22	-6
63	20	-6
63	19	-5
63	18	-5
63	16	-5
63	15	-4
63	14	-4
64	12	-3
63	11	-3
64	10	-3
