0	0	0
-187	37	20
-188	42	22
-194	47	25
-201	54	29
-211	61	33
-219	69	37
-231	78	41
-231	84	44
-226	87	46
-222	91	49
-219	96	51
-215	100	53
-212	104	55
-209	109	58
-206	113	60
-202	117	62
-199	121	64
-195	125	66
-193	129	69
-189	133	71
-186	137	73
-182	141	75
-179	145	77
-176	149	79
-172	153	82
-169	157	84
-166	162	86
-162	166	88
-158	169	90
-155	173	92
-152	179	95
-148	182	97
-109	182	97
-106	187	99
-112	208	111
-108	212	113
-104	217	115
-99	220	117
-92	218	116
-82	209	111
-74	203	108
-66	197	105
-59	190	101
-48	171	91
-31	156	83
-27	154	82
-24	156	83
-20	160	85
-16	155	82
-12	151	80
-8	148	79
-4	145	77
0	142	76
3	139	74
6	136	72
10	134	71
12	132	70
16	129	69
18	127	67
21	124	66
24	122	65
27	120	64
29	117	62
32	116	61
34	113	60
36	111	59
39	109	58
41	108	57
43	105	56
45	104	55
48	102	54
50	100	53
52	99	53
54	97	51
56	95	51
58	93	50
60	92	49
62	90	48
64	88	47
66	87	46
68	85	45
70	84	44
72	82	44
50	53	28
81	77	41
83	75	40
85	74	39
87	72	38
89	70	37
92	69	37
92	66	35
98	64	34
100	62	33
102	60	32
104	58	31
106	57	30
-186	37	16
-187	42	18
-194	48	21
-200	54	24
-211	62	27
-221	70	31
-229	79	34
-231	85	37
-227	89	39
-222	93	41
-219	98	43
-215	102	45
-212	107	47
-210	111	49
-206	115	51
-202	119	52
-198	123	54
-196	128	56
-191	131	57
-190	136	60
-185	140	61
-182	144	63
-178	148	65
-175	152	67
-173	157	69
-169	161	71
-165	164	72
-162	169	74
-159	174	76
-155	178	78
-151	181	79
-148	186	81
-144	190	83
-141	196	86
-138	200	88
-134	205	90
-91	207	91
-87	211	92
-82	212	93
-74	207	90
-66	200	87
-59	194	85
-44	161	70
-39	156	68
-35	157	69
-31	157	68
-27	155	68
-23	155	68
-20	161	70
-16	157	69
-12	154	67
-8	151	66
-4	148	65
-1	145	63
3	142	62
6	139	61
9	137	60
12	134	58
15	131	57
18	129	56
21	127	55
23	124	54
26	122	53
28	120	52
31	118	51
33	116	51
36	114	50
38	112	49
40	110	48
43	108	47
45	106	46
47	104	46
49	102	45
51	101	44
53	99	43
55	97	43
57	95	42
59	94	41
61	92	40
63	90	40
66	89	39
68	87	38
69	86	37
72	84	37
50	55	24
80	79	34
83	77	34
84	75	33
87	74	32
88	72	32
48	33	14
48	30	13
48	29	13
-181	34	12
-182	38	13
-188	44	15
-197	50	17
-206	58	20
-215	65	23
-226	74	26
-233	82	29
-229	87	30
-223	91	31
-220	95	33
-217	100	35
-213	104	36
-212	109	38
-207	113	39
-203	117	41
-200	121	42
-196	125	44
-193	130	45
-190	134	47
-186	138	48
-183	142	49
-180	147	51
-177	151	53
-173	155	54
-170	159	55
-166	163	57
-163	167	58
-159	171	59
-156	175	61
-153	180	62
-149	185	64
-146	189	66
-142	193	67
-138	197	68
-135	203	70
-131	207	72
-128	212	74
-124	217	75
-119	220	76
-93	183	64
-112	231	80
-105	231	80
-95	222	77
-86	215	75
-77	209	73
-70	202	70
-62	196	68
-56	191	66
-44	166	58
-38	159	55
-34	158	55
-29	153	53
-26	157	55
-22	156	54
-19	158	55
-15	155	54
-11	151	53
-7	149	52
-3	147	51
0	143	50
3	141	49
7	138	48
10	135	47
13	133	46
16	130	45
18	128	44
21	125	44
24	123	43
26	121	42
29	119	41
31	117	41
34	115	40
36	113	39
38	111	39
40	109	38
42	105	36
43	103	36
46	101	35
48	99	34
50	97	34
53	98	34
54	95	33
56	93	32
58	91	32
60	90	31
62	89	31
65	88	31
68	88	31
70	86	30
72	85	29
50	55	19
80	79	27
45	41	14
45	39	14
46	38	13
46	36	12
46	35	12
47	33	12
47	32	11
47	30	11
48	29	10
-179	28	7
-178	32	8
-181	37	10
-158	37	10
-163	42	11
-170	48	12
-183	55	14
-159	53	14
-152	54	14
-148	57	15
-217	100	26
-213	104	27
-209	108	28
-206	113	29
-203	117	30
-200	122	32
-197	126	33
-194	130	34
-189	133	35
-187	139	36
-184	143	37
-180	147	38
-177	152	39
-174	155	40
-169	159	41
-166	163	42
-163	167	43
-160	172	45
-155	176	46
-152	180	47
-149	185	48
-145	188	49
-124	170	44
-120	173	45
-117	176	46
-112	177	46
-105	175	46
-93	164	43
-95	178	46
-91	180	47
-87	182	47
-84	186	48
-80	189	49
-85	214	56
-77	208	54
-69	200	52
-62	195	51
-55	191	50
-49	185	48
-44	181	47
-38	176	46
-33	172	45
-28	168	44
-23	165	43
-19	158	41
-15	155	40
-11	150	39
3	143	37
7	140	36
10	137	36
12	134	35
15	132	34
18	129	34
21	127	33
23	125	32
26	123	32
28	120	31
31	118	31
33	117	30
36	114	30
38	113	29
40	111	29
42	109	28
45	107	28
47	105	27
49	103	27
51	101	26
53	100	26
55	98	26
57	96	25
59	95	25
61	93	24
63	92	24
65	90	23
67	88	23
69	87	23
71	85	22
51	54	14
45	39	10
46	38	10
46	36	9
46	35	9
47	34	9
47	32	8
47	31	8
48	30	8
52	31	8
-175	24	4
-173	28	5
-176	32	6
-155	33	6
-151	36	6
-156	40	7
-165	47	8
-159	49	8
-149	50	9
-146	53	9
-143	55	10
-141	58	10
-212	104	18
-209	109	19
-206	113	20
-203	117	20
-200	122	21
-197	126	22
-193	130	23
-190	135	23
-186	138	24
-182	143	25
-180	148	26
-176	151	26
-173	156	27
-169	159	28
-166	164	28
-163	168	29
-159	172	30
-155	176	31
-134	160	28
-129	161	28
-125	164	28
-120	165	29
-112	162	28
-108	164	28
-99	159	28
-93	157	27
-95	169	29
-89	166	29
-84	167	29
-80	168	29
-76	170	29
-72	172	30
-71	181	31
-76	206	36
-68	198	34
-60	189	33
-52	181	31
-47	178	31
-43	178	31
-38	175	30
-33	171	30
-28	167	29
-23	163	28
-19	160	28
-15	155	27
-11	153	27
-7	150	26
-4	147	26
0	144	25
3	142	25
6	139	24
9	136	24
12	134	23
15	132	23
18	129	22
21	127	22
23	124	22
26	122	21
28	120	21
31	118	21
33	116	20
35	114	20
38	112	19
40	110	19
42	108	19
44	106	18
46	105	18
48	103	18
50	101	18
52	100	17
54	98	17
56	96	17
58	94	16
60	93	16
62	91	16
64	89	16
66	88	15
68	86	15
70	84	15
72	83	14
51	54	9
80	77	13
45	40	7
45	38	7
46	37	6
46	35	6
46	34	6
47	32	6
47	31	5
47	30	5
49	29	5
-168	22	2
-169	26	2
-175	31	3
-153	32	3
-150	34	3
-147	37	3
-151	42	4
-154	47	4
-146	48	4
-145	52	5
-142	54	5
-139	57	5
-139	61	5
-145	67	6
-210	108	9
-207	112	10
-203	116	10
-200	121	11
-197	125	11
-193	129	11
-190	134	12
-186	137	12
-183	141	12
-179	146	13
-176	150	13
-172	153	13
-170	159	14
-166	163	14
-163	167	15
-159	171	15
-133	150	13
-123	145	13
-116	144	13
-109	142	12
-104	142	12
-99	142	12
-95	144	13
-95	151	13
-93	155	14
-87	153	13
-82	153	13
-78	155	14
-76	159	14
-72	161	14
-69	164	14
-67	168	15
-71	192	17
-65	189	17
-58	182	16
-52	179	16
-47	177	15
-42	172	15
-38	173	15
-33	169	15
-28	166	15
-24	163	14
-20	159	14
-15	155	14
-11	152	13
-8	150	13
-4	146	13
-1	144	13
3	141	12
6	138	12
9	136	12
12	133	12
15	131	11
17	128	11
20	126	11
23	123	11
25	121	11
28	119	10
30	118	10
33	115	10
35	113	10
37	112	10
39	110	10
41	108	9
44	106	9
46	104	9
48	102	9
50	101	9
52	99	9
54	97	9
56	96	8
58	94	8
60	93	8
62	91	8
64	89	8
66	87	8
68	85	7
70	84	7
71	82	7
50	54	5
80	76	7
46	40	4
45	38	3
46	37	3
46	35	3
47	34	3
47	32	3
47	31	3
48	30	3
48	28	2
-163	15	0
-163	19	0
-164	23	0
-170	27	0
-156	29	0
-150	32	0
-148	35	0
-143	37	0
-151	42	0
-151	46	0
-148	49	0
-145	52	0
-142	55	0
-140	57	0
-141	62	0
-144	67	0
-205	111	0
-202	116	0
-200	120	0
-196	124	0
-193	129	0
-190	133	0
-186	137	0
-183	141	0
-179	145	0
-174	148	0
-172	153	0
-169	157	0
-166	161	0
-162	165	0
-148	158	0
-145	162	0
-123	145	0
-116	143	0
-110	142	0
-105	143	0
-102	145	0
-96	144	0
-91	145	0
-88	146	0
-86	151	0
-83	153	0
-78	152	0
-75	156	0
-73	161	0
-72	168	0
-72	192	0
-64	185	0
-58	180	0
-52	177	0
-47	175	0
-42	171	0
-35	162	0
-32	166	0
-28	164	0
-24	160	0
-19	157	0
-15	153	0
-11	151	0
-7	148	0
-4	144	0
0	142	0
3	139	0
6	136	0
9	134	0
12	132	0
15	129	0
18	127	0
20	124	0
23	122	0
25	120	0
28	118	0
30	116	0
33	114	0
35	112	0
37	110	0
39	108	0
42	107	0
44	105	0
46	103	0
48	101	0
50	99	0
52	98	0
54	96	0
56	94	0
58	93	0
60	91	0
62	89	0
64	88	0
66	86	0
68	85	0
69	83	0
72	82	0
50	54	0
80	75	0
46	40	0
45	38	0
46	36	0
46	35	0
46	33	0
47	32	0
47	31	0
47	29	0
58	20	0
-158	14	-1
-157	17	-2
-163	21	-2
-169	26	-2
-156	28	-2
-151	30	-3
-148	33	-3
-146	36	-3
-145	40	-4
-148	44	-4
-150	48	-4
-143	49	-4
-142	52	-5
-143	57	-5
-144	61	-5
-145	65	-6
-159	75	-7
-168	84	-8
-159	84	-8
-144	81	-7
-136	81	-7
-127	79	-7
-122	80	-7
-118	81	-7
-112	82	-7
-110	84	-8
-107	85	-8
-104	87	-8
-101	88	-8
-98	89	-8
-94	90	-8
-91	92	-8
-91	96	-9
-88	98	-9
-86	99	-9
-83	100	-9
-80	102	-9
-77	104	-9
-75	106	-10
-73	108	-10
-71	110	-10
-69	112	-10
-67	115	-10
-65	118	-11
-63	120	-11
-60	123	-11
-58	126	-11
-56	128	-12
-53	130	-12
-51	133	-12
-48	136	-12
-46	140	-13
-43	142	-13
-40	145	-13
-37	149	-13
-35	154	-14
-33	162	-15
-29	163	-15
-24	159	-14
-20	156	-14
-16	152	-14
-12	148	-13
-8	146	-13
-4	143	-13
-1	141	-13
2	138	-12
6	135	-12
9	133	-12
12	130	-12
14	128	-12
17	125	-11
20	123	-11
22	121	-11
25	119	-11
27	117	-11
30	115	-10
32	113	-10
35	111	-10
37	109	-10
39	107	-10
41	105	-10
44	104	-9
46	102	-9
48	100	-9
50	99	-9
52	97	-9
54	95	-9
56	93	-8
58	92	-8
60	90	-8
62	89	-8
64	87	-8
65	85	-8
67	83	-8
69	82	-7
71	81	-7
50	53	-5
50	50	-5
50	47	-4
51	46	-4
46	40	-4
45	37	-3
46	36	-3
46	34	-3
46	33	-3
46	32	-3
47	30	-3
47	29	-3
129	38	-3
131	35	-3
-161	7	-1
-153	10	-2
-153	13	-2
-157	17	-3
-163	21	-4
-169	26	-5
-161	28	-5
-157	31	-6
-151	33	-6
-148	36	-7
-144	39	-7
-144	42	-8
-145	46	-8
-142	48	-9
-135	49	-9
-134	52	-10
-130	54	-10
-125	55	-10
-121	57	-10
-118	59	-11
-115	60	-11
-112	62	-11
-109	64	-12
-108	66	-12
-105	68	-13
-104	70	-13
-101	72	-13
-99	74	-14
-97	76	-14
-95	78	-14
-93	80	-15
-91	82	-15
-90	84	-16
-89	87	-16
-87	90	-17
-85	92	-17
-83	94	-17
-82	96	-18
-79	98	-18
-77	101	-19
-75	103	-19
-73	105	-19
-72	108	-20
-69	110	-20
-67	112	-21
-65	114	-21
-63	117	-22
-60	120	-22
-58	122	-23
-56	125	-23
-53	128	-24
-51	130	-24
-48	133	-25
-46	136	-25
-43	138	-25
-40	139	-26
-38	148	-27
-35	151	-28
-32	151	-28
-28	152	-28
-25	158	-29
-21	155	-29
-17	151	-28
-13	148	-27
-9	144	-27
-5	142	-26
-1	139	-26
2	136	-25
5	133	-25
8	131	-24
11	129	-24
14	126	-23
17	124	-23
20	122	-23
23	119	-22
25	117	-22
28	115	-21
30	113	-21
32	111	-21
35	110	-20
37	108	-20
39	106	-20
42	104	-19
44	102	-19
46	100	-19
48	99	-18
50	97	-18
52	95	-18
54	94	-17
56	92	-17
58	91	-17
60	89	-16
62	87	-16
64	86	-16
66	84	-16
68	83	-15
70	81	-15
72	80	-15
39	38	-7
39	33	-6
41	33	-6
41	31	-6
42	30	-6
43	30	-6
47	30	-6
47	29	-5
59	31	-6
73	27	-5
131	35	-6
133	32	-6
136	30	-6
-162	4	-1
-153	7	-2
-149	10	-3
-152	13	-4
-157	17	-5
-162	21	-6
-167	25	-7
-166	28	-8
-154	30	-8
-151	32	-9
-148	35	-10
-142	37	-11
-141	40	-11
-137	42	-12
-129	43	-12
-126	45	-13
-124	47	-13
-121	49	-14
-119	51	-15
-117	53	-15
-115	55	-16
-113	57	-16
-111	60	-17
-109	62	-18
-108	64	-18
-105	66	-19
-104	68	-19
-101	70	-20
-100	72	-20
-98	74	-21
-96	76	-22
-94	78	-22
-92	80	-23
-91	82	-24
-88	84	-24
-88	87	-25
-86	90	-26
-84	92	-26
-82	94	-27
-80	96	-27
-78	99	-28
-76	100	-29
-74	103	-29
-72	105	-30
-70	108	-31
-68	110	-32
-66	113	-32
-63	115	-33
-61	118	-34
-59	120	-34
-56	123	-35
-54	126	-36
-52	129	-37
-49	131	-37
-46	133	-38
-42	133	-38
-39	134	-38
-40	149	-42
-36	150	-43
-32	151	-43
-28	151	-43
-25	153	-44
-21	153	-44
-16	149	-43
-12	146	-42
-8	143	-41
-4	140	-40
-1	137	-39
3	135	-39
6	132	-38
9	130	-37
12	127	-36
15	124	-36
18	122	-35
21	120	-34
23	117	-33
26	115	-33
29	113	-32
31	111	-32
34	109	-31
36	107	-31
38	106	-30
41	104	-30
43	102	-29
45	100	-29
47	98	-28
49	97	-28
51	95	-27
53	93	-27
56	92	-26
58	90	-26
60	88	-25
62	87	-25
64	85	-24
66	84	-24
68	82	-24
70	81	-23
72	79	-23
53	55	-16
39	38	-11
40	37	-10
41	36	-10
47	31	-9
51	24	-7
52	23	-6
53	22	-6
63	22	-6
62	20	-6
79	21	-6
80	19	-6
146	24	-7
