-202	47	35
-200	51	38
-199	55	41
-196	59	44
-191	62	46
-188	65	48
-182	67	50
-177	70	52
-171	72	53
-165	74	55
-162	76	57
-156	78	58
-154	81	60
-151	83	62
-143	83	62
-139	85	63
-135	87	65
-132	89	66
-128	91	67
-122	91	67
-118	92	68
-115	94	70
-110	94	70
-108	97	72
-106	100	74
-104	103	76
-101	104	77
-98	106	79
-96	108	80
-93	110	82
-90	112	83
-86	113	84
-83	115	85
-80	117	87
-78	119	88
-81	131	97
-102	174	129
-99	179	133
-95	181	134
-90	183	136
-85	186	138
-80	187	139
-76	190	141
-71	191	142
-66	195	145
-62	198	147
-57	201	149
-51	202	150
-46	205	152
-41	208	154
-36	212	157
-31	214	159
-25	216	160
-20	221	164
-14	224	167
-8	226	168
-2	229	170
4	232	172
5	76	57
7	74	55
8	63	46
9	55	41
10	54	40
11	53	39
13	52	38
14	50	37
15	49	37
16	48	36
17	48	35
18	47	35
19	46	34
21	46	34
22	45	34
23	45	33
24	45	33
25	44	32
27	43	32
28	43	32
29	42	32
31	43	32
32	43	32
35	44	32
37	45	33
51	54	40
52	52	39
53	52	38
56	51	38
178	150	111
180	144	107
183	140	104
186	135	100
184	128	95
178	118	88
177	111	83
204	117	87
214	117	86
218	113	84
220	108	80
-208	49	31
-196	50	32
-206	58	37
-197	60	38
-192	63	40
-189	66	42
-184	69	44
-180	72	46
-174	74	47
-168	76	48
-163	78	49
-157	80	50
-155	83	53
-152	86	54
-144	86	54
-140	87	55
-135	89	56
-133	91	58
-128	93	59
-123	94	59
-118	95	60
-115	96	61
-111	97	61
-109	100	63
-107	103	65
-104	105	66
-101	107	68
-99	109	69
-96	111	71
-93	113	72
-90	115	73
-88	118	75
-84	118	75
-81	120	76
-78	123	78
-77	127	81
-100	184	116
-96	187	118
-91	189	120
-86	191	121
-82	194	123
-78	197	124
-73	198	126
-68	201	127
-63	204	129
-58	206	130
-54	208	132
-48	211	133
-43	212	134
-39	217	138
-33	220	139
-28	223	141
-23	228	144
-17	228	145
-11	233	147
-5	235	149
1	238	151
7	241	153
13	245	155
19	245	155
24	235	149
30	230	146
34	219	139
39	211	134
43	204	129
47	197	125
50	190	120
53	183	116
56	176	111
28	76	48
29	74	47
23	49	31
23	46	29
23	44	28
24	42	26
25	41	26
26	41	26
27	39	25
28	38	24
28	37	24
29	37	23
30	36	23
31	35	22
31	34	22
32	34	21
33	33	21
34	32	20
35	32	20
36	31	20
37	31	19
38	30	19
39	30	19
41	30	19
44	30	19
45	29	19
48	30	19
48	29	18
49	28	18
50	27	17
52	27	17
-204	46	24
-196	49	26
-212	57	31
-197	58	31
-193	62	33
-188	65	35
-184	68	36
-179	71	38
-174	74	39
-167	75	40
-163	77	41
-157	79	42
-155	83	44
-150	85	45
-143	85	45
-139	87	46
-135	89	47
-130	90	48
-127	92	49
-121	92	49
-117	94	50
-114	96	51
-110	97	52
-109	100	53
-107	103	55
-104	105	56
-101	107	57
-98	109	58
-95	111	59
-93	113	60
-90	115	61
-87	117	62
-85	120	64
-81	120	64
-78	122	65
-76	126	67
-72	125	67
-69	127	68
-65	128	68
-62	130	69
-59	131	70
-56	134	71
-68	199	106
-64	202	107
-59	204	108
-54	207	110
-50	210	112
-45	211	112
-40	213	114
-35	216	115
-30	219	117
-25	221	118
-19	223	119
-14	227	121
-8	232	123
-3	235	125
3	238	127
9	240	128
15	244	130
21	243	129
26	231	123
31	224	119
35	217	115
39	208	111
43	202	108
46	194	103
50	188	100
54	184	98
57	177	94
19	51	27
20	47	25
19	43	23
20	40	22
20	39	21
21	38	20
21	37	20
22	36	19
23	35	19
23	34	18
24	33	18
25	33	17
25	32	17
26	31	16
26	30	16
28	30	16
29	30	16
30	29	16
31	29	16
32	29	15
32	28	15
32	27	14
33	26	14
34	26	14
36	26	14
38	27	14
39	26	14
39	24	13
39	23	12
40	23	12
41	22	12
43	22	12
-211	41	18
-202	44	19
-196	47	21
-201	53	23
-197	57	25
-195	61	27
-190	64	28
-183	67	29
-179	70	31
-175	73	32
-171	76	33
-161	76	33
-157	79	34
-155	82	36
-150	84	37
-143	85	37
-138	86	38
-135	88	39
-130	90	39
-126	92	40
-121	92	40
-117	93	41
-114	96	42
-110	96	42
-109	100	44
-106	102	45
-104	105	46
-101	106	47
-98	109	48
-96	111	49
-93	113	49
-90	115	50
-87	117	51
-85	119	52
-81	120	52
-78	121	53
-76	126	55
-72	125	55
-69	126	55
-66	128	56
-63	130	57
-60	132	58
-57	133	58
-69	197	86
-65	199	87
-60	201	88
-55	203	89
-51	206	90
-46	209	92
-42	213	93
-37	214	94
-32	217	95
-33	410	179
-17	315	138
-9	301	132
-2	286	125
5	236	103
11	240	105
17	245	107
22	243	106
27	231	101
32	224	98
36	216	94
40	209	91
44	202	88
47	194	85
50	188	82
54	183	80
57	179	78
59	171	75
22	54	24
20	45	20
21	43	19
21	42	18
22	41	18
23	40	17
23	39	17
24	38	16
25	36	16
25	35	15
25	33	15
26	33	14
27	32	14
28	32	14
28	31	14
29	31	13
30	30	13
30	29	13
31	29	13
32	28	12
32	27	12
34	27	12
34	26	11
35	26	11
37	26	11
38	25	11
39	24	11
40	24	10
41	23	10
42	23	10
44	23	10
224	101	44
-203	38	13
-201	42	15
-197	46	16
-197	51	18
-198	56	19
-195	60	21
-191	64	22
-184	66	23
-179	69	24
-175	72	25
-170	75	26
-161	76	26
-157	78	27
-155	82	28
-150	83	29
-143	84	29
-138	85	30
-134	87	30
-130	89	31
-125	91	31
-119	90	31
-116	92	32
-114	95	33
-110	96	33
-108	99	34
-106	102	35
-104	104	36
-100	105	37
-98	108	37
-96	111	39
-92	112	39
-89	113	39
-87	116	40
-84	118	41
-81	119	41
-77	119	42
-76	125	43
-72	123	43
-69	125	43
-66	127	44
-63	128	44
-60	130	45
-57	132	46
-54	133	46
-68	189	66
-65	197	68
-61	200	69
-53	190	66
-51	198	69
-44	193	67
-39	192	67
-36	198	69
-33	208	72
-29	217	75
-49	537	186
-21	318	110
-13	311	108
-5	292	101
2	284	99
7	235	82
13	239	83
19	245	85
24	240	83
29	228	79
33	221	77
38	215	75
41	205	71
45	199	69
48	192	67
52	188	65
55	182	63
23	64	22
21	54	19
21	50	17
21	47	16
20	42	15
21	41	14
22	40	14
22	38	13
23	37	13
23	36	12
24	35	12
25	34	12
25	34	12
26	33	11
27	32	11
28	32	11
28	31	11
29	30	10
29	29	10
30	29	10
31	28	10
32	28	10
32	27	9
33	26	9
35	27	9
35	26	9
36	25	9
37	24	8
38	24	8
40	24	8
41	24	8
43	24	8
222	106	37
224	101	35
-200	33	9
-198	38	10
-199	43	11
-197	47	12
-203	53	14
-197	56	15
-194	61	16
-188	64	17
-183	67	17
-178	70	18
-172	72	19
-164	73	19
-161	77	20
-155	78	20
-153	82	21
-149	84	22
-140	84	22
-135	85	22
-132	88	23
-128	89	23
-123	90	23
-115	89	23
-115	93	24
-113	96	25
-108	96	25
-108	100	26
-104	102	26
-102	104	27
-99	106	27
-96	108	28
-93	110	28
-92	113	29
-88	114	30
-85	115	30
-83	119	31
-78	117	31
-76	120	31
-75	124	32
-70	123	32
-67	124	32
-64	126	33
-62	128	33
-58	129	34
-56	131	34
-53	133	35
-65	185	48
-63	193	50
-56	188	49
-53	191	50
-48	193	50
-44	195	51
-39	195	51
-36	203	53
-32	209	54
-28	214	56
-20	321	83
-12	310	80
-5	293	76
2	280	73
7	236	61
13	237	61
19	240	62
24	239	62
29	229	59
33	221	57
37	213	55
41	206	53
44	200	52
48	194	50
51	188	49
20	56	15
19	49	13
20	47	12
20	44	11
20	42	11
21	40	11
21	39	10
22	38	10
22	37	10
23	36	9
23	35	9
24	34	9
25	33	9
25	32	8
26	32	8
27	31	8
28	31	8
29	30	8
30	30	8
30	28	7
30	28	7
31	27	7
33	28	7
34	27	7
35	27	7
36	26	7
37	25	7
37	25	6
39	24	6
40	24	6
42	24	6
218	111	29
221	107	28
224	102	27
201	86	22
-199	30	5
-194	35	6
-199	40	7
-198	45	8
-194	48	8
-198	54	9
-195	58	10
-191	62	11
-185	65	11
-179	68	12
-174	71	12
-171	74	13
-162	75	13
-156	77	13
-154	80	14
-149	82	14
-142	83	14
-137	84	15
-133	86	15
-129	88	15
-124	89	15
-115	87	15
-115	91	16
-113	93	16
-109	94	16
-107	98	17
-105	100	17
-102	102	18
-99	104	18
-96	106	18
-94	108	19
-91	110	19
-88	112	19
-86	114	20
-83	116	20
-80	117	20
-76	118	20
-76	122	21
-71	121	21
-68	123	21
-65	124	22
-62	126	22
-59	128	22
-56	129	22
-54	131	23
-60	192	33
-55	192	33
-52	199	35
-48	202	35
-43	205	36
-39	207	36
-34	210	37
-30	212	37
-25	215	37
-39	518	90
-15	311	54
-8	298	52
0	286	50
11	233	40
17	236	41
22	240	42
27	234	41
31	226	39
35	217	38
39	209	36
43	202	35
46	196	34
50	192	33
53	185	32
56	179	31
20	54	9
21	51	9
20	46	8
21	45	8
21	42	7
22	42	7
23	41	7
23	40	7
24	39	7
25	38	7
25	37	6
26	36	6
26	34	6
27	33	6
27	32	6
27	31	5
28	31	5
29	30	5
30	30	5
32	31	5
33	30	5
34	29	5
34	28	5
35	28	5
36	27	5
37	26	5
38	26	5
39	26	4
41	25	4
220	109	19
224	104	18
188	82	14
190	78	13
190	72	13
-200	24	2
-194	27	2
-191	32	3
-198	37	3
-199	42	4
-194	46	4
-210	55	5
-196	56	5
-190	59	5
-183	62	5
-177	65	6
-173	68	6
-167	70	6
-163	73	6
-161	76	7
-153	77	7
-149	79	7
-143	81	7
-138	82	7
-134	84	7
-130	86	8
-125	87	8
-116	85	7
-117	90	8
-112	91	8
-109	93	8
-107	95	8
-103	96	8
-101	98	9
-98	100	9
-95	102	9
-93	104	9
-90	106	9
-88	108	9
-84	109	10
-82	111	10
-80	113	10
-77	115	10
-74	117	10
-77	127	11
-69	121	11
-66	122	11
-63	123	11
-60	125	11
-57	126	11
-54	127	11
-52	129	11
-61	173	15
-63	192	17
-57	188	16
-53	190	17
-50	199	17
-46	200	17
-40	196	17
-36	199	17
-32	207	18
-28	211	18
-23	212	19
-13	306	27
-6	295	26
1	281	25
12	232	20
18	235	21
23	237	21
28	230	20
33	223	19
37	215	19
40	205	18
44	200	17
48	195	17
51	188	16
54	182	16
57	177	15
60	172	15
21	50	4
21	47	4
22	46	4
22	44	4
23	43	4
23	42	4
24	40	4
25	39	3
25	38	3
26	37	3
26	36	3
27	34	3
28	34	3
28	33	3
29	33	3
30	32	3
30	31	3
31	30	3
32	30	3
32	29	3
33	28	2
34	28	2
35	27	2
35	26	2
36	26	2
37	25	2
39	25	2
41	25	2
220	107	9
219	100	9
179	76	7
177	71	6
176	66	6
174	60	5
