0	0	0
-134	30	30
-130	32	32
-130	34	34
-128	36	36
-127	38	38
-126	41	41
-127	43	43
-132	48	48
-132	51	51
-131	53	53
-125	54	54
-125	56	56
-128	61	61
-128	64	64
-128	67	67
-127	70	70
-43	27	27
-41	28	28
-39	28	28
-38	28	28
-37	29	29
-37	30	30
-36	31	31
-36	32	32
-36	33	33
-36	35	35
-123	148	148
-123	155	155
-129	170	170
-125	175	175
-119	176	176
-113	177	177
-107	177	177
-101	177	177
-94	176	176
-88	177	177
-82	176	176
-76	177	177
-71	177	177
-65	177	177
-60	177	177
-54	177	177
-49	178	178
-43	178	178
-37	177	177
-32	177	177
-27	178	178
-22	178	178
-16	178	178
-11	177	177
-6	177	177
-1	177	177
4	155	155
9	158	158
14	158	158
20	177	177
26	178	178
31	177	177
36	177	177
41	177	177
47	178	178
52	177	177
58	178	178
63	177	177
69	177	177
75	178	178
80	177	177
86	177	177
93	179	179
99	178	178
105	178	178
112	178	178
118	177	177
123	176	176
131	177	177
138	177	177
145	177	177
152	177	177
161	178	178
164	172	172
164	164	164
163	156	156
163	149	149
162	142	142
164	137	137
171	136	136
180	137	137
186	135	135
195	136	136
202	134	134
211	134	134
221	134	134
224	130	130
212	117	117
230	115	115
242	116	116
-135	30	26
-131	32	28
-130	34	30
-130	37	32
-128	39	34
-127	41	36
-126	44	38
-129	48	41
-132	52	45
-132	55	47
-128	56	48
-124	58	50
-127	62	53
-128	66	57
-128	69	60
-127	72	62
-47	29	25
-44	29	25
-42	29	25
-41	30	25
-39	30	26
-38	30	26
-37	31	27
-37	32	28
-36	33	29
-36	34	29
-122	158	137
-121	165	143
-121	174	150
-127	192	166
-122	195	169
-116	196	169
-109	195	169
-103	196	169
-97	197	170
-91	198	171
-85	198	171
-78	198	171
-73	198	171
-66	198	171
-61	198	171
-55	199	172
-49	199	171
-43	198	171
-38	198	171
-32	198	171
-27	198	171
-21	198	171
-15	198	171
-10	199	172
-4	183	158
1	197	170
6	170	147
11	174	151
16	180	155
23	198	171
27	184	159
31	183	158
36	180	155
45	199	171
51	198	171
56	199	171
62	199	171
68	199	172
74	199	171
80	199	171
86	199	172
92	198	171
98	198	171
104	197	170
112	199	171
118	197	170
125	198	171
133	198	171
139	197	170
147	198	171
154	197	170
161	197	170
166	193	167
164	182	157
164	173	150
166	168	145
164	158	137
163	150	129
162	143	123
170	143	123
177	142	122
186	142	123
192	141	121
201	141	121
210	141	122
219	140	121
212	129	111
233	129	111
244	129	111
256	129	111
269	128	111
-137	29	22
-132	31	23
-130	33	25
-130	36	27
-128	38	29
-127	41	30
-126	43	32
-127	47	35
-132	51	38
-131	54	40
-128	56	42
-124	57	43
-126	61	46
-128	66	49
-128	69	51
-128	73	54
-127	76	56
-41	27	20
-40	28	21
-40	30	22
-40	31	23
-39	31	23
-38	32	23
-37	33	24
-36	33	25
-36	34	26
-35	36	27
-35	37	27
-122	167	124
-121	174	129
-120	182	135
-121	192	143
-116	195	145
-109	194	144
-102	193	143
-95	192	143
-89	192	142
-83	191	142
-77	191	142
-73	193	144
-67	191	142
-61	191	142
-56	192	143
-50	192	142
-45	190	141
-40	191	142
-35	191	142
-30	191	142
-24	189	141
-19	190	141
-14	190	141
-9	191	142
-4	189	140
1	189	140
6	189	140
11	188	139
16	188	139
20	188	139
26	192	143
33	206	153
43	236	175
50	236	175
56	235	174
62	235	174
69	234	174
75	233	173
82	234	174
88	233	173
94	232	172
102	233	173
109	234	174
116	233	173
123	232	172
131	235	174
138	233	173
146	232	172
155	234	174
162	233	173
167	228	169
166	215	160
168	207	154
166	196	145
165	185	137
166	177	132
165	168	125
163	158	118
162	151	112
162	144	107
169	144	107
176	143	106
186	144	107
193	143	106
201	142	106
218	141	105
230	142	105
237	139	104
239	134	99
246	131	97
258	130	97
-135	30	19
-131	31	20
-130	34	22
-130	37	23
-128	40	25
-127	42	27
-126	45	28
-129	49	31
-132	53	34
-131	56	35
-126	57	36
-124	59	38
-126	64	40
-128	68	43
-129	72	46
-128	75	48
-43	29	19
-39	29	18
-39	29	19
-39	31	20
-38	32	20
-37	32	20
-36	33	21
-35	34	21
-35	35	22
-35	37	23
-123	166	105
-123	174	110
-119	178	112
-120	189	119
-124	204	129
-114	199	126
-109	202	128
-102	199	126
-96	200	126
-89	198	125
-84	198	125
-77	196	124
-72	198	126
-66	196	124
-61	199	126
-56	198	125
-50	196	124
-45	197	125
-40	197	124
-35	197	125
-30	194	123
-25	194	123
-19	192	121
-15	196	124
-10	196	124
-5	195	123
0	194	123
5	193	122
9	194	123
14	193	122
19	191	121
24	192	122
37	253	160
43	252	159
49	251	159
56	249	158
62	251	159
69	252	159
75	249	158
81	247	157
89	250	158
95	247	156
102	247	157
108	246	156
115	246	156
121	243	154
129	243	154
137	244	154
145	244	154
151	241	152
160	242	153
168	243	154
165	227	143
167	218	138
167	207	131
166	197	124
165	186	118
165	177	112
166	171	108
160	157	99
160	150	95
164	147	93
170	146	92
177	145	92
186	146	92
196	146	93
202	144	91
211	144	91
222	144	91
232	144	91
238	141	89
241	135	85
249	133	84
242	116	73
-132	25	13
-132	28	15
-130	31	16
-130	34	18
-129	36	19
-128	39	21
-52	20	11
-50	21	11
-49	22	12
-49	23	12
-48	24	13
-47	24	13
-46	25	13
-45	26	14
-45	27	14
-44	28	15
-43	29	15
-41	29	15
-40	29	16
-39	30	16
-38	31	16
-37	32	17
-37	33	17
-36	33	18
-35	34	18
-35	36	19
-35	37	20
-35	39	21
-38	48	25
-122	175	93
-117	176	94
-117	186	99
-123	205	109
-112	197	105
-105	196	104
-100	198	105
-93	195	104
-87	195	104
-82	196	104
-76	195	104
-72	198	105
-65	193	103
-60	194	103
-55	195	104
-44	171	91
-38	166	88
-34	167	89
-35	193	103
-30	193	102
-26	192	102
-21	193	103
-16	192	102
-11	193	103
-7	193	103
-2	192	102
3	192	102
7	193	103
12	193	103
17	193	102
21	193	102
32	244	130
39	250	133
45	249	132
42	202	108
57	248	132
64	249	133
70	248	132
76	249	132
83	248	132
89	247	132
95	246	131
103	247	132
109	246	131
115	245	130
123	245	131
129	244	130
136	243	129
144	243	129
153	244	130
159	242	129
166	241	128
166	228	122
166	218	116
168	209	111
166	198	105
166	189	100
166	180	96
166	172	91
160	158	84
161	152	81
163	146	78
169	146	77
175	144	77
183	144	76
192	144	77
202	145	77
210	144	76
219	143	76
228	142	76
239	141	75
241	135	72
241	128	68
270	122	65
-60	13	5
-58	14	6
-57	15	6
-56	16	7
-55	17	7
-56	19	8
-56	20	9
-132	53	23
-131	56	24
-124	57	25
-124	60	26
-127	65	28
-50	28	12
-45	28	12
-43	28	12
-42	29	13
-41	29	13
-41	30	13
-40	31	14
-39	32	14
-40	34	15
-40	35	15
-40	37	16
-41	39	17
-120	132	58
-121	139	61
-127	151	66
-125	157	68
-123	162	71
-122	168	74
-120	174	76
-115	175	77
-116	186	81
-122	205	90
-112	199	87
-106	199	87
-100	199	87
-95	200	88
-88	198	86
-82	197	86
-77	197	86
-72	198	87
-64	188	82
-57	182	80
-50	177	77
-44	171	75
-38	163	71
-34	164	72
-34	240	105
-22	191	83
-17	190	83
-12	190	83
-8	190	83
-4	190	83
1	189	83
6	189	83
10	190	83
14	190	83
19	190	83
23	193	84
32	227	99
43	198	87
59	247	108
66	249	109
72	249	109
78	248	109
84	247	108
91	248	109
98	248	108
104	247	108
110	246	108
117	245	107
124	245	107
130	244	107
137	242	106
145	243	106
152	242	106
160	243	106
168	242	106
166	228	100
168	219	96
167	208	91
166	198	86
166	188	82
164	177	78
166	171	75
162	160	70
163	154	67
163	146	64
169	145	63
176	145	63
184	144	63
193	144	63
202	145	63
210	143	63
220	143	62
230	142	62
242	142	62
251	141	61
265	141	62
273	137	60
272	129	56
272	122	53
