-188	40	21
-186	44	23
-196	51	27
-190	54	29
-191	58	31
-197	65	34
-196	69	37
-194	73	39
-194	78	42
-194	83	44
-194	88	47
-467	248	132
-270	152	81
-255	152	81
-240	150	80
-189	131	70
-188	137	73
-187	143	76
-181	145	77
-171	144	76
-163	144	76
-154	142	76
-146	141	75
-138	140	75
-132	141	75
-126	140	75
-119	140	74
-113	139	74
-106	137	73
-101	136	73
-95	136	72
-93	139	74
-92	145	77
-92	152	81
-91	160	85
-90	167	89
-89	175	93
-89	185	98
-88	195	104
-87	205	109
-83	210	112
-78	212	113
-77	227	121
-72	230	122
-65	227	121
-56	214	114
-53	226	120
-37	231	123
-30	228	121
-24	224	119
-13	223	119
-8	225	120
-2	223	119
3	223	118
9	224	119
15	226	120
25	221	118
30	219	116
36	219	116
41	218	116
48	224	119
52	220	117
57	217	115
64	219	116
69	219	117
75	218	116
81	217	116
87	218	116
93	218	116
99	218	116
105	217	116
110	214	114
109	200	106
108	187	100
12	15	8
12	11	6
97	50	27
96	47	25
96	45	24
96	42	22
-197	49	21
-192	52	23
-190	56	25
-195	62	27
-195	68	30
-195	73	32
-194	77	34
-194	82	36
-195	87	38
-193	92	40
-463	243	106
-277	155	68
-264	156	68
-248	154	67
-232	152	66
-189	130	57
-189	137	60
-188	143	63
-187	149	65
-175	146	64
-166	146	64
-158	145	63
-149	144	63
-142	143	63
-135	143	63
-128	142	62
-123	143	62
-117	142	62
-109	139	61
-103	138	61
-98	139	61
-93	139	61
-93	145	63
-92	151	66
-91	159	70
-91	167	73
-90	175	77
-89	182	80
-88	194	85
-88	205	90
-86	215	94
-80	215	94
-76	220	96
-69	235	103
-60	221	97
-54	220	96
-50	229	100
-42	217	95
-36	214	94
-30	212	93
-25	211	92
-20	212	93
-15	212	93
-10	212	93
-5	212	93
1	211	92
6	211	92
11	211	92
16	210	92
20	210	92
25	210	92
31	209	91
35	207	91
41	207	91
45	206	90
51	208	91
55	204	89
65	202	88
72	206	90
77	204	89
83	206	90
103	211	92
109	199	87
108	187	82
12	12	5
12	11	5
13	11	5
96	50	22
96	47	21
96	44	19
96	42	18
-148	24	8
-187	43	15
-194	50	17
-190	53	19
-189	58	20
-196	65	22
-195	70	24
-195	75	26
-194	79	28
-194	85	29
-194	90	31
-472	256	89
-262	151	52
-254	154	54
-238	153	53
-189	135	47
-189	141	49
-186	146	51
-180	148	51
-170	146	51
-161	146	51
-152	144	50
-144	144	50
-138	143	50
-131	143	50
-124	143	50
-118	142	49
-111	141	49
-105	139	48
-99	139	48
-94	138	48
-93	143	50
-92	150	52
-91	156	54
-91	164	57
-90	171	59
-89	180	63
-89	190	66
-88	200	69
-87	211	73
-86	222	77
-85	237	82
-83	250	87
-76	247	86
-70	247	86
-64	248	86
-58	248	86
-51	248	86
-45	246	85
-34	216	75
-29	220	76
-27	244	85
-21	244	85
-15	244	85
-9	242	84
-4	243	85
2	243	84
8	242	84
14	243	84
19	240	83
24	240	83
30	239	83
36	239	83
41	239	83
47	238	83
53	238	83
59	237	82
64	236	82
70	236	82
76	235	82
83	237	82
89	237	82
95	235	82
101	234	81
107	233	81
111	229	79
110	212	74
109	199	69
11	12	4
11	12	4
12	11	4
13	11	4
13	11	4
96	47	16
96	44	15
96	41	14
96	39	13
-148	22	6
-143	24	6
-147	29	7
-182	39	10
-187	45	12
-196	52	13
-190	55	14
-193	61	16
-196	66	17
-195	71	19
-186	73	19
-195	82	21
-194	86	22
-193	91	24
-464	242	63
-428	237	62
-264	155	40
-246	153	40
-233	152	40
-189	131	34
-189	137	36
-188	143	37
-185	148	38
-176	147	38
-166	146	38
-158	145	38
-148	143	37
-142	144	37
-136	144	37
-128	142	37
-121	141	37
-116	142	37
-109	140	36
-103	139	36
-98	139	36
-93	138	36
-92	145	38
-92	152	39
-92	159	41
-91	166	43
-90	173	45
-89	182	47
-88	191	50
-88	202	53
-87	214	56
-86	225	58
-85	240	62
-81	247	64
-75	248	64
-69	248	64
-63	248	65
-56	246	64
-50	246	64
-44	245	64
-38	245	64
-32	245	64
-26	244	63
-20	244	63
-15	243	63
-9	243	63
-3	242	63
3	241	62
8	240	62
14	241	63
19	240	62
25	240	62
30	239	62
36	238	62
41	237	62
47	237	62
53	238	62
59	236	61
65	237	62
70	237	61
71	219	57
70	199	52
69	183	48
77	190	49
81	189	49
86	187	49
90	184	48
110	214	56
109	201	52
11	12	3
11	12	3
12	11	3
12	11	3
13	11	3
13	10	3
14	10	3
14	10	3
96	47	12
96	44	12
96	42	11
95	39	10
96	36	9
-147	19	3
-143	22	4
-139	25	4
-198	49	8
-190	51	9
-190	56	10
-195	63	11
-195	67	12
-192	72	12
-189	75	13
-194	83	14
-192	88	15
-192	93	16
-270	153	27
-257	154	27
-241	152	26
-188	126	22
-189	133	23
-188	139	24
-188	146	25
-180	146	25
-171	146	25
-161	144	25
-152	143	25
-146	144	25
-139	143	25
-132	142	25
-125	141	25
-119	142	25
-113	141	24
-106	139	24
-100	138	24
-95	137	24
-92	141	24
-92	147	26
-91	154	27
-91	162	28
-90	169	29
-90	178	31
-88	186	32
-88	196	34
-87	207	36
-86	218	38
-86	233	40
-83	243	42
-78	247	43
-72	247	43
-66	247	43
-59	246	43
-53	244	42
-47	244	42
-41	243	42
-35	244	42
-29	243	42
-23	241	42
-18	241	42
-12	241	42
-6	241	42
-1	241	42
5	239	42
10	240	42
16	240	42
21	239	42
27	239	42
32	238	41
38	237	41
43	236	41
43	208	36
48	206	36
53	206	36
55	195	34
59	192	33
58	175	30
66	184	32
69	179	31
72	175	30
76	171	30
79	168	29
83	167	29
89	169	29
104	187	32
11	15	3
11	12	2
11	11	2
12	11	2
12	11	2
13	11	2
13	10	2
14	10	2
96	46	8
96	43	7
96	40	7
96	38	7
95	35	6
-148	18	2
-142	20	2
-139	23	2
-134	26	2
-191	54	5
-193	60	5
-196	65	6
-186	67	6
-192	74	6
-194	80	7
-193	85	7
-193	91	8
-417	216	19
-275	152	13
-262	153	13
-250	153	13
-233	151	13
-190	130	11
-188	135	12
-188	141	12
-184	145	13
-175	145	13
-166	144	13
-155	142	12
-148	142	12
-142	142	12
-134	141	12
-128	141	12
-122	141	12
-115	140	12
-108	138	12
-103	137	12
-97	136	12
-93	137	12
-93	144	13
-92	150	13
-91	157	14
-91	164	14
-90	172	15
-75	153	13
-73	158	14
-70	162	14
-67	165	14
-60	158	14
-55	157	14
-51	156	14
-47	156	14
-44	161	14
-47	185	16
-53	231	20
-50	243	21
-44	242	21
-38	242	21
-32	242	21
-27	241	21
-21	240	21
-15	240	21
-10	239	21
-4	240	21
2	239	21
7	238	21
13	238	21
18	238	21
24	238	21
29	236	21
34	235	21
33	194	17
37	190	17
39	178	16
43	175	15
46	170	15
50	169	15
56	174	15
59	172	15
62	166	15
65	163	14
70	163	14
73	161	14
77	159	14
81	159	14
88	162	14
13	17	1
11	12	1
11	11	1
12	11	1
12	11	1
13	10	1
13	10	1
14	10	1
14	10	1
14	9	1
96	45	4
96	42	4
96	39	3
95	37	3
95	34	3
95	32	3
-148	15	0
-142	17	0
-139	20	0
-135	23	0
-133	26	0
-139	30	0
-193	60	0
-194	65	0
-190	69	0
-195	76	0
-194	80	0
-194	86	0
-193	91	0
-278	153	0
-262	153	0
-242	149	0
-235	152	0
-189	129	0
-188	135	0
-188	142	0
-182	144	0
-173	143	0
-165	143	0
-154	140	0
-147	140	0
-141	141	0
-133	140	0
-126	139	0
-120	139	0
-114	138	0
-107	136	0
-102	136	0
-96	135	0
-93	137	0
-92	143	0
-91	150	0
-91	157	0
-90	164	0
-79	153	0
-75	153	0
-68	149	0
-64	149	0
-62	155	0
-56	150	0
-53	153	0
-50	156	0
-48	160	0
-45	164	0
-44	178	0
-47	208	0
-41	204	0
-36	203	0
-31	206	0
-25	195	0
-21	204	0
-16	202	0
-11	204	0
-7	205	0
-2	208	0
3	206	0
8	206	0
13	206	0
18	209	0
22	206	0
27	207	0
33	209	0
35	193	0
37	181	0
41	176	0
44	173	0
48	171	0
51	167	0
54	163	0
58	160	0
63	162	0
66	159	0
69	157	0
74	157	0
78	157	0
85	161	0
92	166	0
101	173	0
101	162	0
11	12	0
12	11	0
12	11	0
12	10	0
13	10	0
13	10	0
14	10	0
14	9	0
96	44	0
96	41	0
96	38	0
95	35	0
95	33	0
95	30	0
94	28	0
-149	11	-1
-142	14	-1
-140	17	-2
-139	20	-2
-130	22	-2
-131	25	-2
-133	28	-3
-138	33	-3
-195	64	-6
-190	67	-6
-195	74	-7
-194	78	-7
-194	83	-8
-194	89	-8
-128	63	-6
-265	150	-14
-190	126	-11
-189	132	-12
-188	138	-12
-185	143	-13
-176	142	-13
-168	142	-13
-158	140	-13
-149	139	-13
-142	138	-12
-136	139	-13
-129	138	-12
-122	138	-12
-116	137	-12
-109	135	-12
-103	134	-12
-98	134	-12
-93	134	-12
-92	140	-13
-92	146	-13
-83	140	-13
-79	140	-13
-74	139	-13
-69	138	-12
-65	138	-12
-61	138	-12
-57	138	-12
-52	135	-12
-49	136	-12
-45	134	-12
-41	135	-12
-38	135	-12
-34	134	-12
-30	133	-12
-27	133	-12
-24	133	-12
-20	133	-12
-17	133	-12
-14	132	-12
-11	132	-12
-7	131	-12
-4	130	-12
-1	130	-12
2	130	-12
5	130	-12
9	129	-12
12	130	-12
15	129	-12
18	130	-12
21	128	-12
24	128	-12
27	128	-12
30	128	-12
33	128	-12
37	128	-12
40	128	-12
43	127	-11
46	127	-11
49	126	-11
53	126	-11
56	126	-11
60	126	-11
63	125	-11
67	125	-11
71	125	-11
75	125	-11
78	125	-11
82	124	-11
11	12	-1
12	12	-1
12	11	-1
12	11	-1
12	10	-1
13	10	-1
13	10	-1
14	9	-1
14	9	-1
128	82	-7
97	46	-4
96	44	-4
96	41	-4
96	38	-3
95	35	-3
95	33	-3
95	30	-3
95	28	-3
94	26	-2
95	23	-2
-148	8	-1
-141	11	-2
-140	14	-3
-139	17	-3
-139	20	-4
-127	21	-4
-128	24	-4
-130	27	-5
-132	31	-6
-137	35	-6
-141	39	-7
-123	38	-7
-133	44	-8
-109	39	-7
-106	41	-7
-122	53	-10
-121	55	-10
-119	58	-11
-192	108	-20
-192	113	-21
-190	118	-22
-190	124	-23
-189	130	-24
-188	135	-25
-188	142	-26
-178	142	-26
-169	140	-26
-162	141	-26
-151	138	-25
-144	138	-25
-136	137	-25
-130	137	-25
-124	137	-25
-117	136	-25
-110	134	-25
-105	134	-25
-99	133	-25
-94	132	-24
-92	137	-25
-89	140	-26
-84	139	-26
-79	139	-26
-75	138	-25
-70	137	-25
-65	137	-25
-61	136	-25
-57	136	-25
-52	133	-25
-48	131	-24
-44	131	-24
-41	132	-24
-37	131	-24
-34	132	-24
-30	131	-24
-27	131	-24
-23	131	-24
-20	131	-24
-17	130	-24
-13	130	-24
-10	129	-24
-7	129	-24
-4	129	-24
0	128	-24
3	128	-24
6	125	-23
9	129	-24
12	128	-24
15	128	-24
18	128	-24
22	127	-24
25	127	-23
28	126	-23
31	127	-23
34	126	-23
37	126	-23
41	126	-23
44	125	-23
47	124	-23
51	124	-23
54	124	-23
57	124	-23
61	123	-23
64	123	-23
68	123	-23
71	122	-23
75	121	-22
79	121	-22
83	121	-22
12	13	-2
12	12	-2
12	11	-2
12	11	-2
12	10	-2
12	10	-2
13	10	-2
13	10	-2
13	9	-2
14	9	-2
14	9	-2
96	42	-8
96	40	-7
96	37	-7
95	34	-6
95	32	-6
95	29	-5
94	27	-5
94	25	-5
94	23	-4
94	20	-4
97	19	-3
-149	4	-1
-143	7	-2
-140	10	-3
-140	12	-4
-140	15	-4
-139	18	-5
-138	21	-6
-124	22	-6
-123	24	-7
-124	27	-8
-127	31	-9
-129	34	-10
-117	34	-10
-110	34	-10
-107	36	-10
-106	39	-11
-106	41	-12
-105	43	-12
-107	47	-13
-114	52	-15
-116	57	-16
-112	58	-16
-106	61	-17
-107	64	-18
-189	129	-37
-188	135	-39
-188	142	-40
-178	141	-40
-168	140	-40
-160	139	-40
-151	137	-39
-142	136	-39
-136	136	-39
-129	135	-39
-122	135	-38
-117	135	-38
-110	133	-38
-104	132	-38
-99	132	-38
-93	132	-38
-92	137	-39
-89	140	-40
-87	143	-41
-91	157	-45
-90	165	-47
-89	173	-49
-89	184	-52
-88	194	-55
-84	197	-56
-49	127	-36
-46	127	-36
-43	129	-37
-39	129	-37
-36	131	-37
-33	131	-37
-29	129	-37
-25	128	-37
-21	128	-36
-18	129	-37
-15	128	-37
-12	128	-37
-8	128	-36
-5	127	-36
-2	127	-36
2	126	-36
5	123	-35
8	127	-36
11	127	-36
15	127	-36
18	127	-36
21	126	-36
24	126	-36
27	126	-36
31	125	-36
34	125	-36
37	125	-36
41	125	-36
44	124	-35
47	124	-35
51	123	-35
54	122	-35
57	122	-35
61	122	-35
65	122	-35
68	121	-35
71	120	-34
75	119	-34
78	117	-33
84	121	-34
12	11	-3
12	11	-3
12	10	-3
12	10	-3
13	10	-3
13	9	-3
13	9	-3
15	9	-2
96	41	-12
96	39	-11
96	36	-10
95	34	-10
95	31	-9
95	29	-8
94	27	-8
94	25	-7
94	22	-6
94	20	-6
94	18	-5
93	16	-5
94	14	-4
