0	0	0
-89	15	15
-86	16	16
-83	18	18
-83	19	19
-82	21	21
-82	22	22
-82	24	24
-82	25	25
-78	26	26
-80	28	28
-79	30	30
-79	31	31
-79	33	33
-79	35	35
-78	36	36
-78	38	38
-78	40	40
-77	42	42
-77	44	44
-77	45	45
-76	47	47
-76	49	49
-75	52	52
-75	54	54
-75	56	56
-74	58	58
-74	61	61
-74	63	63
-73	66	66
-73	69	69
-72	71	71
-72	74	74
-71	77	77
-72	82	82
-66	79	79
-57	76	76
-54	77	77
-49	78	78
-42	75	75
-43	101	101
-40	101	101
-37	101	101
-39	128	128
-37	134	134
-34	140	140
-30	144	144
-26	145	145
-22	146	146
-17	145	145
-13	146	146
-9	145	145
-5	157	157
-1	190	190
5	189	189
11	190	190
17	189	189
22	189	189
28	189	189
34	190	190
40	191	191
45	190	190
51	189	189
58	190	190
63	190	190
69	188	188
75	190	190
81	189	189
87	188	188
94	188	188
101	189	189
107	188	188
114	188	188
121	189	189
128	188	188
136	190	190
143	189	189
149	187	187
158	188	188
165	187	187
175	189	189
182	187	187
193	189	189
200	187	187
187	166	166
180	153	153
181	147	147
180	140	140
179	132	132
60	40	40
61	39	39
62	38	38
63	37	37
64	36	36
66	35	35
68	35	35
69	33	33
168	72	72
167	68	68
-87	16	16
-84	17	17
-83	19	18
-83	20	20
-83	22	21
-82	23	23
-81	25	24
-79	26	25
-80	28	27
-80	29	29
-80	31	30
-79	33	32
-79	35	34
-79	36	35
-78	38	37
-78	40	39
-78	42	40
-77	43	42
-77	45	44
-76	47	46
-76	49	48
-76	51	50
-75	53	52
-75	56	54
-74	58	56
-74	60	59
-74	63	61
-73	65	64
-73	68	66
-73	71	69
-72	74	72
-72	77	75
-72	81	79
-65	81	79
-59	77	75
-54	79	77
-50	78	75
-43	75	73
-45	102	99
-41	102	99
-38	102	99
-35	102	99
-38	132	128
-35	138	134
-33	146	141
-29	147	143
-24	147	143
-20	146	142
-15	147	143
-11	147	143
-4	189	183
2	192	186
8	192	186
13	192	186
19	192	186
25	192	186
30	192	186
36	192	187
42	191	186
48	192	186
54	192	187
59	191	186
66	192	186
72	192	187
78	192	186
84	191	185
90	190	185
96	190	185
103	191	185
110	190	185
116	190	184
124	191	185
130	190	185
139	191	186
145	190	185
153	190	184
161	190	185
171	192	187
178	191	185
187	190	185
196	191	185
203	188	183
181	160	155
180	152	147
179	144	139
179	138	134
180	132	129
60	40	39
62	40	39
63	38	37
64	37	36
65	36	35
67	35	34
70	35	34
168	75	73
166	70	68
-87	16	15
-84	18	17
-83	19	18
-83	20	19
-82	22	21
-82	24	22
-82	25	24
-79	26	25
-80	28	27
-80	30	28
-80	32	30
-79	33	31
-79	35	33
-78	37	35
-78	38	36
-78	40	38
-78	42	40
-77	44	41
-77	46	43
-76	48	45
-76	50	47
-76	52	49
-75	54	51
-75	56	53
-75	59	56
-74	61	58
-74	64	60
-73	66	63
-73	69	65
-73	72	68
-72	75	71
-72	78	73
-72	82	78
-66	83	78
-59	79	74
-54	80	75
-50	79	74
-43	76	72
-45	103	97
-41	103	97
-38	103	97
-38	134	127
-35	141	133
-33	148	140
-29	149	140
-24	148	140
-20	149	140
-15	148	140
-11	149	141
-3	176	166
2	194	183
8	193	182
14	194	183
19	194	183
25	195	184
31	194	183
36	195	183
42	194	183
48	193	182
53	193	182
60	194	183
66	195	184
72	195	184
78	194	183
84	193	182
90	193	182
96	193	182
103	194	183
110	193	182
117	194	183
124	194	183
130	193	182
139	194	183
145	193	182
153	192	181
161	193	182
169	193	182
177	193	182
186	193	182
195	192	181
203	191	180
182	164	154
180	154	145
180	147	138
179	140	132
179	133	126
60	41	39
62	40	38
63	39	37
64	38	36
65	37	35
67	36	34
70	36	34
168	76	72
167	72	68
-89	16	14
-86	17	16
-83	18	17
-83	20	18
-82	21	20
-82	23	21
-82	25	22
-82	26	24
-79	27	25
-80	29	27
-80	31	28
-79	33	30
-79	34	31
-79	36	33
-78	38	35
-78	40	36
-78	41	38
-77	43	40
-77	45	42
-77	47	43
-76	50	45
-76	52	47
-76	54	49
-75	56	51
-75	58	53
-75	61	56
-74	63	58
-74	66	60
-73	69	63
-73	72	66
-72	74	68
-72	77	71
-71	80	74
-72	85	78
-66	82	75
-58	80	73
-54	80	73
-49	81	74
-42	79	72
-43	105	96
-40	105	96
-37	105	96
-39	133	122
-37	140	128
-34	147	135
-30	150	137
-26	152	139
-22	152	139
-17	151	139
-13	151	138
-8	151	139
-5	165	151
0	197	181
5	197	181
11	198	181
17	197	181
22	197	181
28	197	180
34	198	181
40	197	181
45	197	180
51	198	181
57	197	181
64	198	181
69	197	180
76	197	181
82	197	180
88	196	180
94	195	179
101	196	180
107	195	179
114	196	179
122	197	180
128	196	180
136	196	179
143	196	180
151	196	180
159	196	180
168	197	181
175	196	179
183	195	178
193	196	180
202	195	179
185	171	156
181	159	145
179	150	138
180	144	132
182	139	127
60	42	38
62	41	38
62	40	36
64	39	35
65	37	34
66	36	33
70	37	34
169	79	72
168	74	68
-89	16	15
-85	17	16
-83	19	17
-83	20	18
-82	22	20
-82	24	21
-82	25	22
-81	27	24
-79	28	25
-80	30	27
-79	32	28
-79	33	30
-79	35	31
-78	37	33
-78	39	34
-78	40	36
-78	42	38
-77	44	39
-77	46	41
-77	48	43
-76	50	45
-76	52	47
-75	55	49
-75	57	51
-75	59	53
-74	62	55
-74	64	57
-73	67	59
-73	70	62
-73	73	65
-72	75	67
-72	78	70
-73	83	74
-66	83	74
-55	82	73
-43	77	69
-39	85	76
-43	108	96
-40	108	96
-37	108	96
-36	129	115
-36	140	125
-33	147	131
-30	155	138
-26	155	138
-22	156	139
-17	155	138
-13	156	139
-8	156	139
-3	156	139
0	204	181
6	204	181
12	204	182
18	203	181
23	204	181
29	203	181
35	203	181
41	203	180
47	204	182
53	203	180
59	203	180
65	203	180
71	202	180
77	202	180
83	201	179
91	203	181
97	202	180
103	201	179
110	202	180
117	202	180
124	202	180
131	201	179
139	201	179
147	203	180
154	201	179
161	201	179
171	202	179
177	200	177
185	198	176
193	197	175
195	191	169
183	170	151
184	163	145
182	154	137
180	146	130
59	41	37
59	40	35
61	39	35
62	38	33
63	37	33
65	36	32
69	36	32
68	34	30
168	75	67
-88	16	14
-85	17	15
-83	19	16
-83	20	18
-82	22	19
-82	24	20
-82	25	22
-82	27	23
-81	28	25
-78	29	25
-79	32	27
-79	33	29
-79	35	30
-78	37	32
-78	39	33
-78	41	35
-78	43	37
-77	45	39
-77	46	40
-77	49	42
-76	50	44
-76	53	46
-76	55	48
-75	57	49
-74	59	51
-74	62	54
-74	64	56
-73	67	58
-73	70	60
-73	73	63
-72	76	65
-72	79	68
-72	83	72
-65	83	72
-59	79	69
-53	80	69
-48	81	70
-43	78	67
-41	78	67
-39	113	97
-35	113	98
-36	140	121
-34	148	128
-28	161	139
-23	162	140
-18	163	140
-14	163	140
-9	164	141
-1	212	183
5	212	183
11	211	183
17	211	182
23	212	183
29	211	183
35	211	182
41	210	182
47	210	181
53	210	181
59	209	181
66	211	182
72	211	182
78	211	182
84	210	181
91	210	182
97	209	181
104	210	181
112	211	182
119	211	182
125	209	181
132	208	180
140	209	180
146	206	178
153	204	176
160	204	176
168	203	175
170	195	168
176	193	166
184	192	166
186	185	160
184	175	151
185	168	145
183	158	137
180	148	128
58	43	37
58	42	36
56	38	33
58	38	33
59	37	32
60	36	31
63	36	31
66	35	31
68	35	30
68	33	29
165	71	62
-89	16	14
-85	17	15
-83	19	16
-83	20	17
-82	22	18
-82	24	20
-82	25	21
-81	27	23
-81	29	24
-78	29	25
-80	32	27
-79	34	28
-79	35	30
-79	37	31
-78	39	33
-78	41	34
-78	43	36
-77	45	38
-77	47	39
-77	49	41
-76	51	43
-76	53	44
-75	55	46
-75	58	48
-75	60	50
-74	62	52
-74	65	54
-73	68	57
-73	70	59
-73	73	61
-72	76	64
-72	79	66
-72	84	70
-65	84	70
-59	80	67
-54	82	69
-43	78	65
-40	116	97
-36	116	97
-34	147	123
-30	151	127
-27	157	131
-24	166	139
-20	167	140
-15	168	141
-10	168	140
-1	177	148
4	216	181
10	216	181
16	216	181
22	216	181
28	215	180
34	215	180
40	215	180
47	217	182
53	216	181
59	216	181
65	215	180
72	216	181
78	215	180
84	215	180
91	215	180
98	215	180
105	215	180
112	215	180
118	213	179
124	212	178
130	210	176
137	208	174
142	205	172
147	201	168
158	205	172
161	199	167
167	197	165
179	201	169
186	199	167
187	191	160
186	180	151
186	173	145
185	163	137
58	47	39
57	43	36
56	41	34
56	39	33
57	38	32
58	37	31
59	36	30
62	36	30
64	36	30
69	36	30
68	34	28
169	75	63
-88	16	13
-85	18	14
-83	19	15
-82	20	17
-82	22	18
-82	24	19
-82	25	21
-81	27	22
-81	29	24
-79	30	25
-79	32	26
-79	34	28
-79	36	29
-79	38	31
-78	39	32
-78	41	33
-77	43	35
-77	45	37
-77	47	38
-77	49	40
-76	51	42
-76	53	43
-75	56	45
-75	58	47
-75	61	49
-74	63	51
-74	66	53
-73	68	55
-73	71	58
-72	73	60
-72	77	62
-71	79	65
-72	84	69
-65	84	69
-58	80	65
-55	84	68
-43	77	63
-36	80	65
-41	120	98
-37	119	97
-34	120	97
-34	148	120
-21	172	140
-16	172	140
-11	171	139
-6	173	141
-2	179	145
3	222	181
9	224	182
16	224	182
21	223	182
27	222	181
34	223	181
40	223	181
46	222	181
52	222	181
59	223	181
65	222	181
71	221	180
78	222	181
85	221	180
90	219	178
97	218	177
103	217	176
109	215	175
115	213	174
122	214	174
128	212	172
135	211	171
137	201	164
146	204	166
154	204	166
161	204	166
163	197	160
172	197	160
178	194	158
185	192	156
186	185	150
187	177	144
184	167	136
56	46	37
56	44	36
54	41	33
55	40	32
55	37	30
56	37	30
57	35	29
60	35	29
63	35	29
70	38	31
67	34	28
167	72	58
-87	16	13
-84	17	14
-83	19	15
-82	21	16
-82	22	18
-82	24	19
-82	26	20
-81	27	22
-81	29	23
-81	31	24
-79	32	25
-79	34	27
-79	36	28
-78	38	30
-78	40	31
-78	41	33
-78	43	34
-77	45	36
-77	47	37
-76	49	39
-76	52	41
-76	54	42
-75	56	44
-75	58	46
-74	61	48
-74	63	50
-74	66	52
-73	68	54
-73	71	56
-72	74	58
-72	77	61
-71	80	63
-72	85	67
-57	79	62
-48	78	62
-43	78	62
-30	84	66
-35	125	99
-32	126	99
-23	105	83
-19	112	88
-16	180	142
-12	181	143
-7	180	142
3	235	186
10	235	185
16	233	184
22	232	183
28	230	182
34	229	181
41	228	180
47	226	178
53	225	177
59	224	177
65	224	177
71	221	175
77	222	175
81	214	169
87	212	168
92	209	165
99	210	166
106	212	167
111	208	164
121	213	168
127	211	166
131	206	163
137	203	160
143	201	158
150	201	159
157	199	157
163	197	155
169	195	154
177	195	154
184	193	152
188	188	149
188	179	141
55	45	36
54	43	34
53	40	32
54	39	31
54	37	29
55	36	28
56	34	27
59	35	28
62	35	28
67	36	29
67	34	27
67	33	26
167	72	57
-89	15	12
-86	16	13
-83	18	14
-82	19	15
-82	21	16
-82	23	18
-82	25	19
-81	26	20
-81	28	21
-81	30	23
-80	32	24
-79	33	25
-78	34	26
-79	37	28
-78	38	29
-78	40	31
-77	42	32
-77	44	34
-77	46	35
-76	48	37
-76	50	39
-76	52	40
-75	55	42
-75	57	44
-74	59	45
-74	62	48
-74	64	49
-73	67	51
-73	70	53
-72	73	56
-72	76	58
-71	79	60
-72	83	63
-65	83	64
-35	81	62
-34	83	64
-30	87	66
-35	130	99
-25	105	80
-26	160	122
-15	188	144
-10	188	144
-5	189	145
5	227	174
12	232	178
18	226	173
23	223	171
29	222	170
35	222	170
41	220	168
47	222	170
53	219	168
60	223	171
66	223	171
72	221	169
76	214	164
81	210	161
89	214	164
93	210	160
97	204	156
105	208	159
112	207	158
117	204	156
125	206	157
131	205	157
137	202	155
143	200	153
150	200	153
158	200	153
164	198	151
169	194	149
176	193	148
184	193	147
188	187	143
55	50	38
55	48	37
53	44	33
53	42	32
52	39	30
53	38	29
53	36	27
54	35	27
56	35	26
59	35	27
62	35	27
67	36	27
66	34	26
67	32	25
167	72	55
-88	16	12
-85	17	12
-83	18	14
-82	20	15
-82	22	16
-82	23	17
-82	25	19
-81	27	20
-81	29	21
-80	30	22
-80	32	24
-79	33	25
-78	35	26
-78	37	28
-78	39	29
-78	41	31
-77	43	32
-77	45	33
-77	47	35
-76	49	36
-76	51	38
-75	53	40
-75	56	41
-74	58	43
-74	60	45
-74	63	47
-74	66	49
-73	68	50
-73	71	53
-72	74	55
-72	77	57
-71	80	59
-72	85	63
-65	84	63
-59	80	59
-38	83	61
-31	85	63
-39	132	98
-35	133	99
-26	167	124
-15	121	90
-15	192	142
-10	192	142
-5	192	142
6	228	170
12	227	168
18	226	168
24	225	167
30	226	168
37	230	171
43	229	170
49	228	169
53	220	163
61	224	167
67	223	166
72	218	162
77	216	160
82	212	157
89	213	158
94	210	156
98	205	152
107	209	155
112	207	154
118	205	152
125	207	153
132	206	153
138	204	152
144	202	150
151	201	149
158	200	148
165	199	148
170	196	145
178	195	145
185	193	143
55	53	39
55	50	37
55	48	35
53	43	32
53	41	31
51	38	28
52	37	28
53	36	27
54	35	26
56	35	26
59	35	26
63	35	26
66	35	26
66	34	25
67	32	24
167	72	53
-87	16	12
-83	18	13
-83	19	14
-83	21	15
-82	23	16
-82	24	18
-82	26	19
-81	28	20
-81	30	21
-81	32	23
-80	33	24
-78	34	25
-79	37	26
-78	39	28
-78	40	29
-78	42	30
-77	44	32
-77	46	33
-76	48	35
-76	51	37
-76	53	38
-75	55	39
-75	57	41
-75	60	43
-74	62	45
-74	65	47
-73	67	48
-73	70	50
-72	73	52
-72	76	54
-72	79	57
-71	82	59
-72	87	62
-65	83	60
-57	80	58
-48	80	57
-37	84	61
-35	91	65
-31	88	63
-37	135	97
-26	158	114
-18	196	141
-12	196	141
-7	196	141
-2	197	142
3	231	166
10	231	167
16	232	167
21	235	169
28	233	168
34	231	166
39	225	162
46	230	165
52	229	164
56	221	159
62	221	159
69	221	159
74	218	157
79	215	154
85	213	153
91	214	154
96	211	152
107	220	158
110	211	152
115	208	150
121	207	149
127	206	148
135	206	149
141	205	148
147	202	146
154	201	145
162	202	145
168	199	143
175	198	142
55	54	39
54	51	37
54	49	35
54	46	33
52	42	31
52	40	29
52	38	27
52	36	26
53	36	26
55	35	25
58	35	25
61	36	26
66	36	26
65	34	25
66	33	24
168	74	53
168	70	50
-89	15	11
-85	17	12
-83	18	13
-83	20	14
-82	21	15
-82	23	16
-82	25	17
-82	27	19
-81	28	20
-81	30	21
-80	32	22
-80	34	24
-78	35	25
-79	37	26
-78	39	27
-78	41	29
-77	43	30
-77	45	31
-77	47	33
-76	49	34
-76	51	36
-76	54	37
-75	56	39
-75	58	41
-74	61	42
-74	63	44
-73	66	46
-73	68	48
-73	71	49
-72	74	51
-72	77	54
-71	80	56
-71	84	58
-72	88	62
-65	85	59
-56	81	56
-53	81	57
-37	86	60
-34	92	64
-40	136	95
-37	137	96
-23	110	77
-26	158	110
-17	127	89
-13	124	87
-12	199	139
-7	200	139
-2	199	139
4	231	161
10	239	166
16	234	163
22	235	164
28	235	164
35	235	164
39	227	158
46	232	162
51	225	157
57	223	156
63	224	156
69	223	155
74	220	153
79	216	151
85	215	150
92	216	151
97	212	148
109	225	157
110	213	148
115	210	146
122	209	146
128	207	144
135	208	145
142	207	144
147	204	142
154	203	142
162	203	142
168	201	140
175	199	139
53	55	38
54	54	38
54	51	35
54	49	34
54	46	32
52	43	30
52	40	28
52	38	27
52	37	26
53	36	25
55	36	25
58	36	25
61	36	25
66	37	26
65	35	24
66	33	23
168	75	52
168	71	49
-87	16	11
-84	17	12
-83	19	13
-82	21	14
-82	22	15
-82	24	16
-82	26	17
-81	28	19
-81	29	20
-81	31	21
-80	33	22
-80	35	24
-80	37	25
-78	38	26
-78	40	27
-78	42	29
-77	44	30
-77	46	31
-76	48	33
-76	50	34
-76	53	36
-75	55	37
-75	57	39
-75	59	40
-74	62	42
-74	64	43
-73	67	45
-73	70	47
-73	73	49
-72	76	51
-72	79	53
-71	82	55
-72	86	58
-65	82	56
-36	86	58
-45	143	96
-26	169	114
-24	191	129
-12	126	85
-5	208	141
0	208	141
6	230	155
12	228	154
18	230	156
24	230	155
30	229	154
35	227	153
42	227	153
49	233	158
53	222	150
59	224	151
64	221	149
71	221	149
76	218	147
81	216	146
88	217	147
94	216	146
98	211	143
105	212	143
111	212	143
117	210	142
124	211	142
130	208	140
136	206	139
143	206	139
149	204	138
156	204	138
163	202	137
169	199	135
51	54	37
51	52	35
53	52	35
53	50	34
54	48	32
52	44	30
52	42	28
50	39	26
51	37	25
52	36	24
53	36	24
57	36	24
59	36	24
63	36	25
65	36	24
65	34	23
66	33	22
167	73	50
-90	15	10
-86	16	11
-83	18	12
-83	19	13
-82	21	14
-82	23	15
-82	25	16
-81	26	17
-81	28	18
-81	30	20
-81	32	21
-80	34	22
-80	36	23
-79	37	24
-76	38	25
-78	41	27
-77	43	28
-77	45	29
-76	46	30
-77	49	32
-76	51	34
-76	53	35
-75	56	36
-75	58	38
-74	60	40
-74	63	41
-74	65	43
-73	68	45
-73	71	46
-72	74	48
-72	76	50
-72	80	52
-71	83	54
-72	88	57
-43	82	54
-36	89	58
-37	103	68
-45	147	96
-27	100	66
-26	107	70
-29	146	96
-25	170	111
-24	195	128
-11	127	83
-5	211	138
1	214	140
6	233	152
12	230	150
18	232	152
24	231	151
30	230	151
36	229	150
41	227	149
46	222	145
53	224	146
59	225	147
65	223	146
70	221	145
76	220	144
81	217	142
87	218	142
94	217	142
98	212	139
105	214	140
112	214	140
117	212	138
125	213	139
129	209	137
136	208	136
142	206	135
149	206	135
156	205	134
162	203	133
169	201	132
50	54	36
49	51	33
52	52	34
53	50	33
54	48	32
52	44	29
52	42	27
50	39	25
51	37	24
52	36	24
53	36	23
56	36	23
59	36	24
63	37	24
64	36	23
64	34	22
65	33	21
167	74	49
167	70	46
-87	16	10
-84	17	11
-83	18	12
-83	20	13
-82	22	14
-82	24	15
-82	26	16
-81	28	17
-81	29	18
-81	31	20
-80	33	21
-80	35	22
-80	37	23
-79	39	25
-77	40	25
-78	42	27
-77	44	28
-75	45	29
-76	48	30
-75	50	32
-76	53	33
-75	55	35
-75	57	36
-75	60	38
-74	62	39
-74	65	41
-73	67	43
-73	70	44
-72	73	46
-72	75	48
-71	79	50
-71	82	52
-72	86	55
-62	87	55
-56	87	55
-44	86	54
-39	87	55
-38	102	65
-36	106	67
-30	98	62
-23	172	109
-8	223	141
-2	224	142
3	222	140
9	231	146
15	233	148
21	231	146
27	230	145
32	229	145
38	228	144
44	228	144
50	225	143
55	222	141
61	224	142
67	223	141
73	222	140
78	218	138
84	218	138
89	217	137
94	214	135
100	212	134
107	214	135
114	214	135
119	212	134
126	211	134
131	208	132
138	208	131
143	205	129
150	204	129
157	203	129
165	203	129
50	57	36
48	51	32
48	48	30
51	50	31
52	48	31
52	45	29
51	43	27
51	41	26
50	38	24
50	36	23
52	36	23
54	36	23
59	37	24
63	38	24
63	36	23
63	34	22
64	33	21
66	32	20
168	73	46
-88	15	9
-85	16	10
-83	18	11
-83	20	12
-82	21	13
-82	23	14
-82	25	15
-81	27	16
-81	29	18
-81	31	19
-80	32	20
-80	34	21
-80	36	22
-79	38	23
-79	40	25
-80	43	26
-77	44	27
-75	45	27
-74	46	28
-73	48	29
-73	51	31
-75	54	33
-75	57	35
-75	59	36
-74	61	38
-74	64	39
-73	66	41
-73	69	42
-73	72	44
-72	75	46
-72	78	48
-71	81	49
-72	85	52
-71	92	57
-60	92	56
-54	92	56
-48	91	56
-39	92	56
-36	90	55
-37	105	64
-31	99	61
-41	164	101
-36	164	101
-32	165	101
-28	165	101
-21	177	108
-20	207	126
-5	241	147
2	139	85
13	233	142
19	231	141
24	230	141
30	229	140
36	228	139
41	225	138
47	226	138
52	223	137
59	224	137
64	223	137
70	222	136
76	221	135
82	220	135
87	218	134
93	216	133
95	208	127
103	213	130
109	211	129
117	213	130
123	211	129
127	207	127
134	207	127
141	207	127
147	205	126
153	203	124
161	203	125
52	59	36
48	53	32
47	49	30
47	46	28
48	45	28
52	47	29
51	43	27
51	42	26
50	39	24
49	37	23
50	36	22
53	36	22
58	38	23
61	38	23
63	37	23
61	34	21
63	33	20
64	32	20
169	76	46
169	72	44
-87	15	9
-84	16	10
-83	18	11
-83	20	12
-82	22	13
-82	24	14
-82	25	15
-81	27	16
-81	29	17
-81	31	18
-80	33	19
-80	35	20
-80	37	22
-79	39	23
-79	41	24
-79	43	25
-76	43	26
-77	46	27
-74	47	28
-73	48	29
-73	51	30
-75	55	33
-75	57	34
-75	60	35
-74	62	37
-74	64	38
-73	67	40
-73	70	41
-72	73	43
-72	76	45
-71	79	47
-71	82	48
-71	86	51
-70	97	57
-49	95	56
-43	96	57
-40	95	56
-37	95	56
-41	169	100
-36	169	100
-32	169	100
-27	169	100
-20	182	108
-18	205	121
-8	135	80
-5	141	83
-1	141	84
15	234	139
20	231	137
25	230	136
31	227	135
37	228	135
42	225	133
49	228	135
53	222	131
60	226	133
65	222	131
71	222	131
76	218	129
83	221	130
88	218	129
94	218	129
96	209	124
105	215	127
110	211	125
118	213	126
124	212	125
129	208	123
135	207	122
142	207	123
149	206	122
155	204	121
162	203	120
49	56	33
48	52	31
47	48	29
46	45	27
47	44	26
51	45	27
50	43	26
50	41	24
50	39	23
49	36	22
50	35	21
56	38	22
58	38	22
62	38	23
61	36	21
61	34	20
63	33	20
64	32	19
167	74	44
167	70	41
-90	14	8
-86	15	9
-83	17	10
-83	19	11
-82	21	12
-82	22	13
-82	24	14
-81	26	15
-81	28	16
-81	30	17
-80	32	18
-80	34	19
-80	35	20
-79	37	21
-79	39	22
-79	41	24
-78	43	25
-77	45	26
-76	47	27
-73	47	27
-73	50	28
-73	52	30
-74	55	32
-75	58	33
-74	61	35
-74	63	36
-73	66	38
-73	68	39
-73	71	41
-72	74	42
-71	77	44
-71	80	46
-71	84	48
-71	87	50
-71	92	52
-69	99	56
-59	99	57
-52	97	55
-44	99	56
-41	99	56
-38	99	57
-35	99	56
-49	172	98
-46	175	100
-41	175	100
-37	175	100
-32	176	101
-28	176	101
-23	176	100
-17	206	118
-12	205	117
-4	142	81
9	232	133
15	236	135
20	231	132
26	230	132
32	229	131
37	228	130
43	228	131
50	231	132
54	225	129
60	224	128
65	223	127
72	223	128
76	217	124
83	221	126
87	216	123
94	218	124
96	208	119
105	215	123
111	212	121
119	215	123
124	212	121
128	206	118
135	207	119
141	205	117
149	206	118
154	204	116
53	64	36
49	56	32
48	52	29
47	48	27
46	45	26
46	43	25
50	45	26
50	43	24
50	41	24
50	38	22
50	37	21
50	36	20
53	35	20
57	37	21
61	38	22
60	35	20
60	33	19
62	33	19
64	32	18
168	74	43
166	69	40
-90	14	8
-86	15	8
-83	17	9
-82	18	10
-82	20	11
-82	22	12
-82	24	13
-82	26	14
-81	28	15
-81	30	16
-80	31	17
-80	33	18
-80	35	19
-79	37	21
-79	39	22
-79	41	23
-78	43	24
-78	45	25
-76	46	26
-73	47	26
-73	49	27
-73	52	28
-75	55	31
-75	58	32
-74	61	33
-74	63	35
-73	65	36
-73	68	38
-73	71	39
-72	73	41
-72	77	42
-71	80	44
-71	83	46
-71	87	48
-71	91	50
-69	99	54
-57	105	58
-45	100	55
-43	103	57
-40	103	57
-37	103	57
-34	101	56
-43	182	100
-39	183	101
-34	182	101
-30	184	101
-25	183	101
-1	145	80
8	214	118
14	235	130
20	229	127
25	232	128
31	230	127
36	229	126
41	224	124
49	231	128
54	230	127
59	224	123
64	223	123
70	223	123
75	219	121
81	221	122
86	217	120
93	218	120
94	208	115
103	212	117
109	213	117
118	216	119
123	214	118
126	207	114
133	208	115
140	207	114
146	206	114
152	204	112
49	57	31
48	53	29
47	49	27
46	45	25
46	43	24
47	42	23
50	43	24
50	42	23
50	39	22
49	37	21
50	36	20
52	35	20
55	36	20
60	38	21
60	36	20
59	33	18
61	33	18
63	32	18
167	71	39
169	68	37
-89	14	7
-85	15	8
-83	17	9
-83	19	10
-82	20	11
-82	22	12
-82	24	13
-82	26	14
-81	28	15
-81	30	16
-80	32	17
-80	34	18
-80	35	19
-79	38	20
-79	40	21
-79	42	22
-78	44	23
-78	46	24
-77	48	25
-75	48	26
-73	50	27
-72	52	27
-73	55	29
-73	57	31
-74	61	32
-74	63	34
-73	66	35
-73	69	37
-73	71	38
-72	74	39
-71	77	41
-71	80	43
-72	85	45
-71	92	49
-69	103	55
-68	113	60
-58	109	58
-48	108	57
-45	108	58
-42	108	58
-39	108	57
-31	101	54
-40	192	102
-36	194	103
-31	193	102
-26	193	103
-21	194	103
-8	145	77
-5	146	78
3	203	108
8	238	127
14	235	125
19	229	122
25	232	123
30	230	122
36	228	121
41	224	119
48	231	123
54	229	122
58	223	119
64	222	118
69	222	118
75	220	117
80	219	116
85	216	115
92	217	116
95	209	111
101	211	112
109	214	114
116	214	114
121	213	113
126	208	111
132	207	110
139	207	110
147	208	110
151	203	108
51	63	34
48	56	30
48	54	29
47	49	26
45	45	24
45	43	23
46	42	22
47	41	22
50	42	22
50	40	21
50	37	20
50	36	19
52	36	19
55	36	19
60	38	20
59	35	19
59	33	18
60	32	17
63	32	17
167	71	38
168	68	36
-87	14	7
-84	16	8
-83	18	9
-83	19	10
-82	21	11
-82	23	12
-82	25	13
-81	27	14
-81	29	15
-80	31	16
-80	33	17
-80	34	18
-80	36	19
-79	38	20
-79	40	21
-78	42	22
-78	44	23
-78	47	24
-77	49	25
-77	51	26
-73	51	26
-72	53	27
-75	57	29
-74	60	31
-74	62	32
-73	65	33
-73	67	35
-73	70	36
-72	73	37
-72	76	39
-71	79	40
-71	82	42
-71	87	44
-71	90	46
-69	97	50
-49	114	59
-45	113	58
-43	115	59
-34	99	51
-37	115	59
-44	199	102
-40	203	104
-34	201	103
-30	204	105
-25	204	105
-19	202	103
-10	147	75
-6	145	74
1	212	109
6	237	122
12	232	119
18	232	119
23	230	118
28	229	118
34	228	117
39	225	115
46	228	117
52	230	118
56	223	114
62	224	115
67	221	114
73	221	114
77	216	111
84	218	112
89	215	110
94	214	110
99	211	108
107	214	110
111	210	108
120	213	109
125	211	108
129	207	106
137	208	106
143	206	106
150	206	105
49	58	30
48	54	28
47	51	26
45	46	24
45	44	22
45	41	21
46	40	21
47	40	20
51	41	21
50	38	20
50	37	19
52	37	19
54	36	18
58	37	19
58	35	18
57	33	17
59	32	17
62	32	16
64	31	16
167	72	37
166	67	34
-87	14	7
-84	15	8
-83	17	8
-83	19	9
-82	21	10
-82	23	11
-82	25	12
-81	26	13
-81	28	14
-81	30	15
-80	32	16
-80	34	17
-80	36	18
-79	38	19
-79	40	20
-78	42	21
-78	44	22
-78	47	23
-77	49	24
-77	51	25
-76	53	26
-77	56	28
-75	57	28
-74	60	29
-74	62	31
-73	65	32
-73	67	33
-73	70	34
-72	73	36
-71	75	37
-71	78	39
-71	82	40
-71	86	43
-69	97	48
-66	113	56
-65	124	61
-53	123	61
-50	122	60
-46	122	60
-43	122	60
-39	122	60
-36	121	60
-33	121	60
-39	218	108
-20	200	99
-15	197	97
-10	200	99
5	234	115
10	234	115
16	233	115
21	228	113
27	229	113
32	227	112
37	225	111
43	222	110
50	230	114
55	225	111
59	221	109
66	223	110
71	221	109
75	216	106
82	219	108
86	214	106
94	217	107
95	208	103
103	210	104
109	211	104
118	214	106
124	213	105
128	209	103
134	207	102
140	206	102
148	206	102
153	203	100
51	61	30
48	55	27
48	52	26
47	48	24
44	44	22
45	42	21
45	41	20
46	39	19
48	39	19
51	40	20
50	37	18
52	37	18
53	36	18
54	35	17
58	36	18
56	33	16
58	32	16
60	32	16
166	69	34
169	66	33
-87	14	7
-84	15	7
-83	17	8
-83	19	9
-82	21	10
-82	23	11
-82	25	12
-81	26	13
-81	29	14
-81	30	14
-80	32	15
-80	34	16
-80	36	17
-79	38	18
-79	40	19
-78	42	20
-78	44	21
-78	46	22
-77	49	23
-77	51	24
-77	53	25
-76	55	26
-76	58	27
-75	60	28
-73	61	29
-74	65	31
-73	67	32
-73	70	33
-72	72	34
-72	75	36
-71	78	37
-70	81	39
-71	86	41
-70	97	46
-68	104	50
-67	114	54
-65	123	59
-56	128	61
-52	127	60
-48	127	60
-44	126	60
-41	127	60
-38	127	60
-31	127	60
-38	212	101
-32	210	100
-27	206	98
-21	207	98
-16	204	97
-11	208	99
-6	206	98
-1	213	101
4	236	112
10	236	112
15	233	111
20	227	108
26	229	109
31	228	108
37	227	108
42	223	106
49	229	109
54	228	108
58	222	105
64	222	106
70	222	105
74	217	103
81	219	104
85	216	102
92	217	103
94	208	99
102	212	101
108	211	100
115	213	101
122	212	101
127	209	99
132	207	98
140	208	99
146	207	98
152	205	97
48	56	26
48	53	25
48	50	24
45	45	21
45	43	20
45	41	19
45	40	19
50	38	18
51	37	17
53	36	17
54	35	17
58	36	17
56	33	16
57	32	15
59	32	15
168	71	34
166	66	31
-87	13	6
-84	14	7
-83	16	7
-82	18	8
-82	20	9
-82	22	10
-82	24	11
-81	26	12
-81	28	13
-81	30	13
-80	31	14
-80	33	15
-80	35	16
-79	37	17
-79	39	18
-78	41	19
-78	43	20
-78	46	21
-77	48	22
-77	50	23
-77	52	24
-76	54	25
-76	57	26
-75	59	27
-75	62	28
-74	63	29
-71	64	29
-71	67	31
-72	71	33
-72	74	34
-71	77	35
-71	80	37
-71	85	39
-70	91	42
-70	96	44
-68	103	47
-65	109	49
-65	121	55
-62	137	63
-60	143	65
-51	139	63
-47	138	63
-44	139	64
-40	139	64
-33	140	64
-29	140	64
-26	159	72
-22	193	88
-5	221	101
1	240	109
6	233	106
12	233	106
18	233	106
22	227	104
28	227	104
33	227	104
39	225	103
44	223	102
50	227	104
55	221	101
60	221	101
66	222	101
71	220	100
76	216	99
82	218	99
87	215	98
93	216	98
96	208	95
102	208	95
109	209	95
117	213	97
123	212	97
127	206	94
133	205	94
140	206	94
148	207	94
152	202	92
49	59	27
47	54	25
47	52	24
48	50	23
44	44	20
45	42	19
45	41	19
46	39	18
46	37	17
47	37	17
51	38	17
51	36	17
52	35	16
54	35	16
54	33	15
55	32	15
57	31	14
59	31	14
168	70	32
166	65	29
-89	12	5
-85	14	6
-83	16	7
-83	18	8
-82	19	8
-82	21	9
-82	23	10
-82	25	11
-81	27	12
-81	29	13
-80	31	14
-80	33	14
-80	35	15
-80	37	16
-79	39	17
-78	41	18
-78	43	19
-78	45	20
-77	47	21
-77	49	22
-77	52	23
-76	54	24
-76	56	25
-76	59	26
-75	61	27
-75	64	28
-74	66	29
-72	67	29
-71	70	30
-72	73	32
-71	76	33
-71	79	35
-71	84	37
-71	91	40
-65	108	47
-61	141	62
-59	148	65
-50	145	64
-46	144	63
-42	145	63
-32	146	64
-28	145	64
-23	159	70
-24	193	85
-19	194	85
-11	210	92
-7	237	104
-1	240	105
5	232	102
10	236	103
16	234	102
20	225	98
26	229	100
32	227	99
37	225	98
42	223	98
48	227	99
54	227	99
58	221	97
64	221	97
70	220	96
74	217	95
80	216	95
85	215	94
92	216	94
93	206	90
101	211	92
107	210	92
114	210	92
122	213	93
127	210	92
129	203	89
138	207	90
146	207	91
151	204	89
47	55	24
47	52	23
48	50	22
45	45	20
44	42	19
45	41	18
46	40	17
46	38	17
47	37	16
48	37	16
51	37	16
51	35	15
54	35	15
54	34	15
54	32	14
56	32	14
58	31	14
168	72	31
166	66	29
166	62	27
-88	12	5
-84	14	6
-83	16	7
-83	18	7
-82	20	8
-82	21	9
-82	23	10
-81	25	11
-81	27	11
-81	29	12
-80	31	13
-80	33	14
-80	35	15
-79	37	16
-79	39	16
-79	41	17
-78	43	18
-78	46	19
-77	47	20
-77	50	21
-77	52	22
-76	54	23
-76	57	24
-75	59	25
-75	61	26
-75	64	27
-74	67	28
-74	69	29
-72	71	30
-69	72	30
-71	77	32
-71	80	33
-71	84	35
-70	92	38
-73	99	42
-68	103	43
-65	109	46
-65	121	51
-62	137	58
-61	143	60
-59	150	63
-58	157	66
-45	155	65
-41	155	65
-37	153	64
-33	156	65
-29	155	65
-25	154	65
-23	191	80
-19	202	85
-15	204	86
-11	223	93
-6	227	95
0	240	101
6	232	97
11	235	98
17	232	97
21	225	94
27	228	96
32	226	95
37	225	94
43	221	93
49	226	95
55	226	95
59	222	93
65	222	93
70	220	92
75	217	91
80	217	91
86	215	90
92	216	91
94	207	87
102	211	89
107	210	88
113	209	88
122	213	89
127	210	88
130	203	85
139	207	87
145	206	86
152	204	86
46	54	23
47	52	22
47	50	21
45	45	19
44	42	17
45	41	17
46	39	17
46	38	16
46	37	15
48	36	15
51	36	15
51	35	15
54	35	15
53	33	14
54	32	13
56	31	13
58	31	13
168	71	30
167	66	27
167	61	26
-87	12	5
-84	14	6
-83	16	6
-83	18	7
-82	19	8
-82	21	9
-82	23	9
-81	25	10
-81	27	11
-81	29	12
-80	31	12
-80	33	13
-80	35	14
-80	37	15
-79	39	16
-78	41	16
-78	43	17
-77	45	18
-77	47	19
-77	50	20
-77	52	21
-76	54	22
-75	56	23
-75	59	24
-75	61	25
-75	64	26
-74	67	27
-74	69	28
-73	72	29
-73	75	30
-73	79	32
-68	77	31
-69	82	33
-70	91	37
-68	102	41
-66	122	49
-60	141	57
-59	148	59
-58	155	62
-57	163	65
-55	171	69
-47	172	69
-42	173	69
-38	171	69
-33	171	68
-29	170	68
-20	201	80
-15	202	81
-12	218	87
-7	228	91
-2	241	97
4	234	94
10	234	94
15	232	93
20	224	90
26	228	91
31	227	91
36	226	91
41	222	89
47	226	90
53	226	91
57	219	88
63	222	89
69	221	89
74	219	88
78	215	86
84	216	87
90	215	86
94	210	84
98	207	83
104	207	83
111	208	83
120	212	85
125	210	84
128	203	82
137	207	83
143	206	83
149	205	82
155	202	81
47	55	22
47	53	21
47	51	20
47	49	20
44	43	17
44	40	16
46	40	16
46	39	16
46	37	15
47	36	14
49	36	14
51	35	14
53	35	14
52	33	13
53	32	13
55	31	13
57	31	12
59	31	12
73	34	14
172	79	32
167	72	29
166	67	27
165	62	25
-90	11	4
-86	12	5
-83	14	5
-83	16	6
-82	18	7
-82	20	8
-82	22	8
-82	24	9
-81	26	10
-81	28	11
-81	30	11
-80	31	12
-80	33	13
-80	35	14
-79	37	14
-79	40	15
-79	42	16
-78	44	17
-78	46	18
-77	48	18
-77	50	19
-76	52	20
-76	55	21
-76	57	22
-75	60	23
-75	62	24
-74	65	25
-74	67	26
-73	70	27
-73	73	28
-73	76	29
-72	79	30
-72	82	31
-71	85	33
-69	96	37
-68	104	40
-65	122	47
-61	138	53
-60	143	55
-59	151	58
-58	158	61
-56	166	63
-54	174	67
-52	182	70
-34	183	70
-29	183	70
-25	183	70
-21	184	70
-14	207	79
-10	225	86
-5	239	92
1	238	91
7	232	89
12	233	89
18	232	89
22	225	86
28	227	87
33	226	87
38	224	86
43	222	85
50	227	87
54	221	84
59	219	84
65	221	85
71	221	85
75	214	82
81	217	83
86	215	82
93	216	83
95	208	80
102	211	81
108	208	80
113	207	79
122	211	81
127	208	80
130	203	78
139	206	79
147	207	79
153	205	79
47	57	22
46	54	20
47	51	20
47	49	19
47	47	18
44	41	16
44	40	15
46	39	15
46	38	14
47	37	14
47	35	14
49	35	13
53	36	14
52	33	13
52	32	12
54	31	12
56	31	12
58	31	12
168	70	27
166	64	25
166	60	23
-88	12	4
-84	13	5
-83	15	6
-82	17	6
-82	19	7
-82	21	8
-82	23	8
-82	25	9
-81	27	10
-81	29	10
-81	31	11
-80	33	12
-80	35	13
-79	37	13
-79	38	14
-79	41	15
-78	43	16
-78	45	16
-77	47	17
-77	49	18
-76	51	19
-76	54	20
-76	56	20
-75	58	21
-75	61	22
-74	63	23
-74	66	24
-74	69	25
-73	72	26
-73	75	27
-72	77	28
-72	80	29
-71	84	31
-71	91	33
-69	102	37
-60	140	51
-59	146	53
-58	154	56
-57	162	59
-55	170	62
-54	178	65
-52	187	68
-49	197	72
-39	193	70
-34	192	70
-29	191	70
-24	191	70
-20	191	70
-12	216	79
-8	235	86
-2	239	87
3	237	87
9	234	85
14	233	85
19	225	82
25	227	83
30	228	83
35	226	83
40	224	82
46	223	82
52	227	83
56	219	80
62	221	81
67	221	81
73	219	80
76	214	78
83	217	79
89	215	79
94	215	79
97	207	76
104	208	76
110	209	76
117	210	77
124	210	77
127	205	75
134	205	75
141	206	75
149	207	76
154	204	74
46	56	20
47	53	19
47	51	19
47	48	18
45	44	16
43	40	15
44	40	14
46	39	14
46	37	14
47	36	13
48	35	13
50	35	13
52	35	13
51	32	12
52	31	11
54	31	11
57	31	11
60	31	11
66	33	12
72	34	12
165	67	25
166	63	23
164	58	21
-88	11	4
-84	13	4
-83	15	5
-83	16	6
-82	18	6
-82	20	7
-82	22	8
-82	24	8
-81	26	9
-81	28	10
-81	30	10
-80	32	11
-80	34	12
-79	36	12
-79	38	13
-78	40	14
-78	42	15
-78	44	15
-77	46	16
-77	48	17
-76	50	17
-76	53	18
-76	55	19
-75	58	20
-75	60	21
-74	62	22
-74	65	23
-74	67	23
-73	70	24
-73	73	25
-73	76	26
-72	79	27
-71	82	28
-71	86	30
-69	96	33
-67	103	36
-64	122	42
-61	138	48
-59	142	49
-59	150	52
-57	157	54
-56	165	57
-55	174	60
-53	182	63
-51	192	67
-48	200	69
-46	214	74
-41	212	73
-36	213	74
-31	216	75
-26	213	74
-21	213	74
-15	214	74
-6	238	83
-1	238	83
5	231	80
10	234	81
16	233	81
20	225	78
26	227	79
31	226	79
36	224	78
41	223	77
47	223	77
53	226	78
57	219	76
62	220	76
68	220	76
73	219	76
77	214	74
84	217	75
89	216	75
95	215	75
97	207	72
103	207	72
110	208	72
117	208	72
124	210	73
127	205	71
133	203	70
142	206	72
150	207	72
154	202	70
47	56	19
46	52	18
47	50	17
47	49	17
46	46	16
43	40	14
43	38	13
46	39	14
47	38	13
47	36	13
48	35	12
49	34	12
51	34	12
50	32	11
51	31	11
54	31	11
56	30	11
59	31	11
66	33	11
71	33	12
166	68	24
166	63	22
162	58	20
-89	11	3
-85	12	4
-83	14	5
-83	16	5
-82	18	6
-82	20	6
-82	22	7
-82	24	8
-81	26	8
-81	28	9
-80	29	10
-80	31	10
-80	34	11
-79	35	12
-79	37	12
-79	39	13
-78	41	14
-78	44	14
-77	46	15
-77	48	16
-77	50	17
-76	52	17
-76	55	18
-75	57	19
-75	59	20
-75	62	20
-75	65	21
-74	67	22
-73	70	23
-73	73	24
-73	76	25
-72	79	26
-72	82	27
-71	85	28
-69	96	32
-68	103	34
-65	121	40
-62	137	45
-60	142	47
-58	148	49
-58	157	52
-56	164	54
-55	174	57
-53	180	59
-51	191	63
-47	214	71
-44	224	74
-7	239	79
-1	238	79
4	232	76
10	235	77
15	233	77
20	224	74
25	227	75
31	227	75
36	226	74
41	222	73
47	223	74
53	227	75
56	220	72
62	220	73
68	221	73
73	219	72
77	215	71
84	216	71
89	216	71
95	215	71
97	206	68
103	206	68
110	209	69
116	208	68
124	211	70
127	205	68
133	203	67
142	206	68
148	206	68
153	203	67
47	56	18
46	53	17
46	50	17
47	49	16
47	46	15
43	40	13
43	38	13
45	38	12
46	37	12
47	36	12
48	35	12
49	34	11
51	34	11
50	32	10
51	31	10
54	31	10
56	31	10
71	33	11
166	68	22
166	63	21
162	58	19
-89	10	3
-85	12	4
-83	13	4
-83	15	5
-82	17	5
-82	19	6
-82	21	7
-82	23	7
-81	25	8
-81	27	8
-80	29	9
-80	31	10
-80	33	10
-79	35	11
-79	37	11
-79	39	12
-78	41	13
-78	43	13
-78	45	14
-77	47	15
-77	49	15
-76	52	16
-76	54	17
-76	56	18
-75	59	18
-75	61	19
-74	64	20
-74	66	21
-73	69	22
-73	72	22
-73	75	23
-72	78	24
-71	81	25
-71	84	26
-70	91	28
-70	95	30
-68	102	32
-65	120	37
-63	138	43
-60	141	44
-59	147	46
-58	155	48
-57	162	51
-55	170	53
-53	178	56
-51	188	59
-49	197	61
-47	207	65
-44	221	69
-42	236	74
-38	247	77
-32	247	77
-25	242	76
-20	241	75
-14	241	75
-7	224	70
-2	238	74
3	237	74
9	232	73
14	234	73
18	225	70
24	227	71
29	227	71
35	227	71
39	223	70
45	223	69
51	226	71
55	218	68
60	219	68
66	220	69
71	220	69
76	216	67
82	216	67
87	215	67
93	216	67
96	209	65
103	211	66
107	206	64
113	206	64
122	210	65
126	206	64
129	200	62
138	204	64
147	207	65
152	203	63
46	53	17
46	51	16
46	49	15
47	47	15
45	42	13
43	39	12
43	37	12
45	36	11
47	36	11
47	35	11
49	35	11
50	34	11
49	32	10
50	31	10
53	31	10
55	30	9
58	31	10
66	33	10
70	33	10
168	70	22
167	65	20
166	60	19
162	54	17
-90	9	3
-86	11	3
-84	13	4
-83	15	4
-83	17	5
-82	18	5
-82	20	6
-82	22	7
-81	24	7
-81	26	8
-81	28	8
-80	30	9
-80	32	9
-80	34	10
-79	36	11
-79	38	11
-78	40	12
-78	42	12
-78	44	13
-77	47	14
-77	49	14
-76	51	15
-76	53	16
-76	56	16
-75	58	17
-75	61	18
-74	63	19
-74	66	19
-74	68	20
-73	71	21
-72	74	22
-72	77	23
-72	80	24
-71	83	24
-71	91	27
-69	103	30
-60	139	41
-59	144	42
-58	152	45
-56	158	46
-56	168	50
-54	177	52
-52	185	54
-50	194	57
-47	204	60
-45	217	64
-42	230	68
-15	238	70
-4	238	70
1	238	70
7	230	68
12	234	69
18	230	68
22	223	66
28	227	67
33	226	67
38	224	66
43	220	65
49	225	66
55	224	66
59	220	65
65	221	65
70	220	65
75	216	64
79	213	63
86	215	63
92	217	64
93	206	61
99	205	60
104	205	60
112	207	61
120	211	62
125	208	61
128	201	59
136	204	60
146	208	61
151	205	60
155	201	59
46	53	16
46	51	15
46	49	14
46	47	14
47	45	13
44	40	12
43	37	11
43	36	11
45	36	10
47	36	10
48	35	10
49	34	10
48	32	9
49	30	9
51	30	9
54	30	9
68	33	10
71	33	10
166	66	19
166	61	18
161	55	16
-88	10	3
-85	12	3
-84	13	4
-83	15	4
-82	17	5
-82	19	5
-82	21	6
-81	23	6
-81	25	7
-81	27	7
-80	29	8
-80	31	9
-80	33	9
-79	35	10
-79	37	10
-79	39	11
-78	41	11
-78	43	12
-78	45	13
-77	47	13
-77	50	14
-76	52	14
-76	54	15
-76	57	16
-75	59	16
-75	62	17
-74	64	18
-74	67	18
-73	70	19
-73	72	20
-73	75	21
-72	78	22
-71	81	22
-71	84	23
-63	79	22
-70	95	26
-68	103	29
-65	120	33
-61	136	38
-60	141	39
-58	146	41
-58	155	43
-56	163	45
-55	170	47
-53	179	50
-51	189	52
-49	198	55
-46	208	58
-44	222	61
-41	237	66
-38	248	69
-31	244	68
-25	242	67
-19	242	67
-13	239	66
-8	238	66
-2	239	66
3	238	66
9	233	65
14	232	64
19	223	62
24	226	63
29	226	63
35	227	63
40	223	62
45	222	62
51	225	62
55	218	60
61	219	61
67	221	61
72	219	61
76	214	59
82	215	60
87	214	59
93	215	60
97	209	58
103	209	58
106	203	56
114	207	57
121	208	58
126	205	57
130	201	56
139	205	57
147	207	57
152	204	56
46	52	15
46	50	14
46	48	13
46	46	13
46	44	12
43	39	11
43	37	10
43	35	10
45	35	10
47	35	10
49	35	10
49	33	9
48	31	9
49	30	8
52	30	8
55	31	8
59	31	9
65	33	9
69	33	9
169	70	19
167	64	18
163	58	16
161	53	15
-90	9	2
-86	11	3
-84	12	3
-83	14	4
-83	16	4
-82	18	5
-82	20	5
-81	22	6
-81	24	6
-81	26	7
-81	28	7
-80	30	8
-80	32	8
-80	34	9
-79	36	9
-79	38	10
-79	40	10
-78	42	11
-77	44	11
-77	46	12
-77	49	13
-76	50	13
-76	53	14
-75	55	14
-75	58	15
-75	60	16
-74	62	16
-74	65	17
-74	68	18
-73	70	18
-73	73	19
-72	76	20
-71	79	21
-71	82	21
-71	86	22
-70	90	23
-69	97	25
-63	121	31
-61	138	36
-59	143	37
-58	149	39
-57	157	41
-56	165	43
-54	173	45
-52	181	47
-50	192	50
-47	198	52
-39	183	48
-43	225	59
-39	237	62
-35	245	64
-29	243	63
-23	243	63
-18	242	63
-12	239	62
-6	238	62
0	237	62
5	233	61
10	233	61
16	231	60
20	223	58
26	227	59
31	227	59
36	225	58
41	222	58
47	224	58
53	225	58
56	217	56
62	219	57
68	220	57
73	219	57
77	213	55
84	216	56
89	215	56
94	213	55
97	207	54
103	206	54
110	208	54
115	206	54
122	207	54
126	203	53
130	199	52
140	204	53
149	207	54
154	203	53
48	58	15
45	51	13
46	49	13
46	48	12
47	46	12
46	43	11
43	38	10
43	36	9
43	35	9
44	34	9
49	36	9
49	34	9
48	32	8
48	30	8
50	30	8
53	30	8
56	31	8
60	31	8
66	33	8
70	33	8
165	67	17
164	62	16
162	57	15
161	52	14
-89	9	2
-85	11	3
-84	12	3
-83	14	3
-83	16	4
-83	18	4
-82	20	5
-81	22	5
-81	24	6
-81	26	6
-81	28	7
-80	30	7
-80	32	8
-80	34	8
-79	36	9
-79	38	9
-78	40	10
-78	42	10
-77	44	11
-77	46	11
-77	48	12
-76	51	12
-76	53	13
-76	55	13
-75	58	14
-75	60	15
-74	62	15
-74	65	16
-74	68	16
-73	70	17
-72	74	18
-72	77	19
-71	79	19
-71	82	20
-71	87	21
-70	90	22
-68	96	23
-64	122	30
-61	138	33
-59	143	35
-58	149	36
-57	157	38
-55	166	40
-54	174	42
-52	182	44
-50	192	47
-43	183	44
-38	183	44
-36	193	47
-30	185	45
-26	190	46
-29	242	59
-23	241	58
-17	240	58
-11	240	58
-5	238	58
0	237	58
6	232	56
11	232	56
16	231	56
21	223	54
26	226	55
32	225	55
37	225	55
42	222	54
47	223	54
53	225	54
57	217	53
63	220	53
68	220	53
73	217	53
77	213	52
84	216	52
89	214	52
95	213	52
98	207	50
103	206	50
110	207	50
116	207	50
123	207	50
127	203	49
131	199	48
141	204	50
150	207	50
154	202	49
48	58	14
45	51	12
45	49	12
46	47	11
46	45	11
46	43	10
44	39	9
44	37	9
43	35	8
44	33	8
45	32	8
47	33	8
47	32	8
48	30	7
49	30	7
53	30	7
57	31	7
63	33	8
66	33	8
70	32	8
165	66	16
162	61	15
162	57	14
161	52	13
-90	8	2
-86	10	2
-84	11	3
-83	14	3
-83	15	3
-82	17	4
-82	19	4
-82	21	5
-81	23	5
-81	25	6
-81	27	6
-80	29	7
-80	31	7
-80	33	7
-79	35	8
-79	37	8
-79	39	9
-78	41	9
-78	43	10
-78	46	10
-77	48	11
-77	50	11
-76	52	12
-76	54	12
-76	57	13
-75	59	13
-75	62	14
-74	64	14
-74	67	15
-73	70	16
-73	72	16
-72	75	17
-72	78	18
-71	81	18
-71	84	19
-67	102	23
-64	120	27
-62	137	31
-60	141	32
-58	147	33
-57	154	35
-56	162	36
-54	171	38
-53	178	40
-51	187	42
-49	198	45
-40	183	41
-36	186	42
-31	182	41
-27	184	41
-30	234	53
-25	242	54
-19	241	54
-14	238	54
-8	236	53
-2	237	53
3	237	53
8	231	52
14	232	52
18	224	50
24	224	50
29	227	51
35	226	51
39	224	50
45	222	50
51	225	51
54	219	49
60	217	49
66	220	50
71	219	49
75	214	48
80	213	48
87	216	49
93	216	49
94	204	46
99	204	46
105	204	46
114	208	47
119	207	47
125	206	46
129	201	45
136	202	46
147	207	47
152	205	46
157	201	45
46	54	12
45	50	11
45	47	11
46	46	10
46	44	10
44	40	9
43	38	8
44	36	8
44	34	8
44	33	7
45	31	7
46	31	7
47	30	7
48	29	7
52	30	7
55	31	7
59	31	7
65	33	7
68	32	7
71	32	7
164	64	14
162	59	13
161	54	12
163	51	11
-88	9	2
-85	10	2
-84	12	3
-83	14	3
-83	16	3
-82	18	4
-82	20	4
-81	22	5
-81	24	5
-81	26	5
-81	28	6
-80	30	6
-80	32	7
-79	34	7
-79	36	7
-79	38	8
-78	40	8
-78	42	9
-78	44	9
-77	46	10
-77	48	10
-76	50	10
-76	53	11
-76	55	11
-75	57	12
-75	60	12
-74	62	13
-74	65	13
-73	67	14
-73	70	15
-73	73	15
-72	76	16
-72	79	16
-71	82	17
-70	85	18
-70	89	19
-69	96	20
-64	121	25
-36	74	15
-59	143	30
-57	147	31
-57	156	33
-56	165	34
-54	172	36
-52	181	38
-50	190	40
-44	183	38
-39	181	38
-35	183	38
-30	179	37
-26	185	38
-29	237	49
-24	242	50
-18	240	50
-12	239	50
-7	237	49
-1	239	50
4	237	49
10	232	48
15	232	48
19	223	46
25	224	47
30	228	47
35	225	47
40	223	46
45	222	46
51	225	47
55	217	45
60	217	45
67	220	46
72	219	46
76	214	45
81	214	44
88	215	45
93	215	45
97	209	43
101	205	43
105	203	42
114	207	43
120	207	43
126	206	43
129	200	42
138	204	42
147	207	43
153	205	43
157	201	42
47	54	11
45	49	10
45	47	10
46	46	10
46	44	9
45	41	8
44	37	8
44	36	8
44	34	7
44	33	7
45	32	7
46	31	6
47	30	6
48	29	6
52	30	6
56	31	6
60	32	7
65	32	7
68	32	7
164	63	13
162	59	12
161	54	11
163	50	11
-91	7	1
-87	9	2
-84	11	2
-84	12	2
-83	14	3
-83	16	3
-82	18	3
-82	20	4
-81	22	4
-81	24	5
-81	26	5
-81	28	5
-80	30	6
-80	32	6
-79	34	6
-79	36	7
-79	38	7
-78	40	8
-78	42	8
-77	44	8
-77	46	9
-77	49	9
-76	51	10
-76	53	10
-76	55	11
-75	58	11
-75	60	12
-74	63	12
-74	65	12
-73	68	13
-73	71	14
-72	74	14
-72	77	15
-71	79	15
-71	83	16
-70	90	17
-67	110	21
-61	138	26
-59	144	27
-58	150	29
-57	157	30
-55	165	32
-53	172	33
-52	181	35
-50	191	37
-43	182	35
-29	179	34
-25	182	35
-29	243	46
-23	242	46
-17	240	46
-12	238	46
-6	238	45
-1	237	45
5	234	45
10	232	44
16	232	44
20	223	43
25	224	43
23	134	26
52	225	43
56	217	41
61	219	42
68	221	42
73	219	42
76	213	41
83	215	41
88	215	41
93	213	41
97	209	40
102	207	40
106	203	39
114	205	39
121	206	39
126	204	39
129	199	38
139	203	39
148	207	39
153	204	39
47	54	10
44	49	9
45	47	9
46	45	9
47	44	8
45	40	8
44	37	7
44	36	7
44	34	7
44	33	6
45	32	6
46	30	6
47	30	6
49	29	6
52	30	6
57	31	6
61	32	6
65	32	6
68	32	6
71	32	6
163	63	12
162	58	11
161	53	10
163	50	10
160	45	9
-88	8	1
-85	10	2
-84	12	2
-83	14	2
-83	15	3
-82	17	3
-82	19	3
-82	21	4
-81	23	4
-81	25	4
-81	27	5
-80	29	5
-80	31	5
-80	33	6
-79	35	6
-79	37	6
-78	39	7
-78	41	7
-78	43	7
-77	46	8
-77	48	8
-77	50	9
-76	52	9
-76	54	9
-75	57	10
-75	59	10
-74	62	11
-74	64	11
-74	67	12
-73	70	12
-73	72	13
-72	75	13
-72	78	14
-71	81	14
-70	84	15
-69	95	17
-68	102	18
-66	111	19
-64	120	21
-62	136	24
-60	141	25
-58	147	25
-57	154	27
-56	162	28
-55	170	29
-53	177	31
-51	187	32
-47	190	33
-40	181	31
-36	181	31
-31	179	31
-27	179	31
-23	180	31
-18	179	31
-14	176	31
-10	175	30
-6	182	32
-3	238	41
3	236	41
8	230	40
13	232	40
18	225	39
20	154	27
21	134	23
50	225	39
55	223	39
59	216	38
65	221	38
71	220	38
74	214	37
79	211	37
86	215	37
92	216	38
94	206	36
98	203	35
105	205	36
112	207	36
117	205	36
123	205	36
128	201	35
132	198	34
145	208	36
151	205	36
155	202	35
47	56	10
45	50	9
45	48	8
45	46	8
46	44	8
46	43	7
44	39	7
44	37	6
44	35	6
44	34	6
45	32	6
45	31	5
46	30	5
48	30	5
50	30	5
55	31	5
59	31	5
64	32	6
66	32	6
70	32	6
166	66	11
166	61	11
162	56	10
161	51	9
160	47	8
-91	6	1
-87	8	1
-84	10	2
-84	12	2
-83	14	2
-83	16	2
-82	18	3
-82	20	3
-82	22	3
-81	23	4
-81	25	4
-81	27	4
-80	29	5
-80	31	5
-79	33	5
-79	35	6
-79	37	6
-79	39	6
-78	41	6
-78	44	7
-77	46	7
-77	48	7
-76	50	8
-76	52	8
-76	55	9
-75	57	9
-75	60	9
-74	62	10
-74	65	10
-73	67	11
-73	70	11
-72	73	11
-72	76	12
-72	79	12
-71	81	13
-71	85	13
-70	88	14
-69	96	15
-66	111	17
-64	120	19
-35	72	11
-60	143	22
-58	149	23
-57	155	24
-56	163	26
-54	171	27
-53	180	28
-50	188	29
-44	182	29
-39	181	28
-30	178	28
-26	179	28
-22	179	28
-18	178	28
-13	176	28
-9	175	27
-5	183	29
-2	237	37
3	236	37
9	230	36
14	232	36
19	223	35
19	173	27
20	148	23
22	134	21
51	224	35
54	217	34
59	216	34
66	219	34
71	219	34
75	213	33
80	212	33
86	214	34
92	214	33
94	204	32
99	203	32
105	204	32
113	207	32
119	206	32
124	204	32
128	201	31
133	198	31
147	207	32
152	205	32
156	201	31
47	55	9
45	49	8
45	47	7
45	45	7
46	44	7
46	42	7
44	38	6
44	36	6
45	35	6
45	34	5
45	32	5
45	31	5
47	30	5
49	30	5
52	31	5
56	31	5
60	32	5
64	32	5
67	32	5
70	32	5
166	65	10
165	60	9
162	55	9
163	51	8
160	46	7
-89	7	1
-85	9	1
-84	11	2
-84	13	2
-83	15	2
-83	17	2
-82	19	3
-82	20	3
-81	22	3
-81	24	3
-81	26	4
-81	28	4
-80	30	4
-80	32	4
-79	34	5
-79	36	5
-79	38	5
-78	40	6
-78	42	6
-77	44	6
-77	47	6
-77	49	7
-76	51	7
-76	53	7
-75	56	8
-75	58	8
-74	60	8
-74	63	9
-74	65	9
-73	68	9
-73	71	10
-72	74	10
-72	77	11
-71	80	11
-71	83	12
-70	90	13
-68	101	14
-66	108	15
-61	138	19
-59	143	20
-58	151	21
-57	158	22
-55	166	23
-53	173	24
-52	182	25
-50	191	27
-42	181	25
-38	181	25
-34	184	26
-29	179	25
-25	180	25
-20	179	25
-16	178	25
-12	176	24
-8	178	25
-6	234	33
0	235	33
5	232	32
11	232	32
16	233	32
16	171	24
19	158	22
21	145	20
46	221	31
53	224	31
56	216	30
62	217	30
68	220	31
73	218	30
76	212	29
83	215	30
89	216	30
94	213	30
98	208	29
103	207	29
107	203	28
114	205	29
121	206	29
125	202	28
130	199	28
138	201	28
148	206	29
154	204	28
47	53	7
44	48	7
45	46	6
45	44	6
46	43	6
46	41	6
44	38	5
44	36	5
45	35	5
45	33	5
46	32	4
46	31	4
48	30	4
51	31	4
54	32	4
58	32	4
62	32	5
65	32	4
68	32	4
168	69	10
167	64	9
166	59	8
161	53	7
163	50	7
160	45	6
-88	7	1
-85	9	1
-84	11	1
-84	13	2
-83	15	2
-82	17	2
-82	19	2
-82	20	2
-82	22	3
-81	24	3
-81	26	3
-81	28	3
-80	30	4
-80	32	4
-79	34	4
-79	36	4
-79	38	5
-78	40	5
-78	42	5
-77	44	5
-77	46	6
-77	49	6
-76	51	6
-76	53	6
-75	56	7
-75	58	7
-74	60	7
-74	63	8
-74	66	8
-73	68	8
-73	71	9
-72	74	9
-72	77	9
-72	80	10
-71	83	10
-70	89	11
-68	101	12
-66	109	13
-60	138	17
-59	144	18
-58	151	18
-56	158	19
-55	167	20
-53	174	21
-52	183	22
-50	193	24
-42	181	22
-38	181	22
-33	182	22
-28	178	22
-24	180	22
-21	182	22
-16	177	22
-11	176	21
-8	177	22
-4	207	25
0	231	28
6	231	28
11	231	28
16	231	28
17	174	21
19	157	19
21	143	17
41	221	27
47	221	27
53	224	27
56	215	26
62	218	27
68	220	27
73	218	27
77	212	26
83	214	26
90	216	26
94	213	26
98	208	25
103	206	25
107	202	25
114	205	25
121	206	25
125	202	25
130	199	24
139	203	25
149	207	25
154	203	25
47	56	7
46	52	6
44	48	6
44	46	6
45	44	5
46	43	5
46	41	5
44	38	5
44	36	4
45	35	4
45	34	4
46	32	4
46	31	4
48	30	4
51	31	4
55	32	4
58	32	4
62	32	4
65	32	4
68	32	4
168	68	8
167	63	8
166	59	7
161	53	6
163	49	6
160	44	5
-91	6	1
-87	8	1
-84	10	1
-84	12	1
-83	13	1
-83	15	2
-83	17	2
-82	19	2
-82	21	2
-81	23	2
-81	25	3
-81	27	3
-80	29	3
-80	31	3
-80	33	3
-79	35	4
-79	37	4
-78	39	4
-78	41	4
-77	43	4
-77	45	5
-77	47	5
-76	49	5
-76	52	5
-76	54	6
-75	56	6
-75	59	6
-74	61	6
-74	63	7
-74	66	7
-73	69	7
-73	72	8
-72	75	8
-72	78	8
-71	81	8
-71	84	9
-69	95	10
-68	102	11
-66	110	12
-64	119	12
-61	135	14
-60	139	15
-58	146	15
-58	153	16
-56	160	17
-55	168	18
-53	176	18
-51	186	19
-49	195	20
-41	181	19
-37	181	19
-32	179	19
-27	178	19
-23	181	19
-19	180	19
-14	176	18
-10	175	18
-6	179	19
2	236	25
7	230	24
13	231	24
18	227	24
18	172	18
20	153	16
21	133	14
49	222	23
54	223	23
58	215	23
64	218	23
70	219	23
74	214	22
78	211	22
85	214	22
91	214	22
94	207	22
99	206	22
104	205	22
108	201	21
117	206	22
123	204	21
127	201	21
131	198	21
145	207	22
150	205	22
155	202	21
47	56	6
45	51	5
44	47	5
45	45	5
45	44	5
46	42	4
46	40	4
44	37	4
45	36	4
45	34	4
46	33	3
46	32	3
46	30	3
49	30	3
52	31	3
56	32	3
60	33	3
63	32	3
65	32	3
69	32	3
166	66	7
165	62	6
163	56	6
161	52	5
161	48	5
160	43	5
-89	7	1
-85	9	1
-84	10	1
-84	12	1
-83	14	1
-83	16	1
-82	18	2
-82	20	2
-81	22	2
-81	24	2
-81	26	2
-81	28	2
-80	30	3
-80	32	3
-79	34	3
-79	36	3
-79	38	3
-78	40	3
-78	42	4
-77	44	4
-77	46	4
-77	48	4
-76	50	4
-76	53	5
-76	55	5
-75	57	5
-74	60	5
-74	62	5
-74	65	6
-73	68	6
-73	70	6
-72	73	6
-72	76	7
-71	79	7
-71	82	7
-70	89	8
-71	104	9
-66	108	9
-61	137	12
-59	144	13
-58	150	13
-57	157	14
-56	166	14
-53	172	15
-52	182	16
-50	191	17
-43	181	16
-38	181	16
-34	184	16
-29	178	16
-25	179	16
-21	179	16
-16	177	15
-12	175	15
-8	176	15
-4	187	16
0	220	19
5	232	20
11	231	20
16	230	20
16	172	15
19	156	14
21	145	13
41	221	19
46	220	19
53	224	20
56	215	19
61	216	19
68	220	19
73	217	19
76	211	18
83	214	19
89	215	19
94	212	19
98	208	18
103	206	18
107	202	18
114	205	18
121	205	18
125	202	18
130	198	17
138	201	18
149	206	18
154	203	18
47	56	5
46	52	5
44	48	4
44	46	4
45	44	4
46	43	4
46	41	4
45	38	3
44	36	3
45	35	3
46	33	3
46	32	3
46	31	3
48	30	3
51	31	3
55	32	3
58	32	3
62	32	3
65	32	3
68	31	3
168	68	6
167	63	6
166	58	5
161	52	5
164	49	4
160	44	4
-89	7	0
-85	9	1
-84	10	1
-84	12	1
-83	14	1
-83	16	1
-82	18	1
-82	20	1
-82	22	2
-81	24	2
-81	26	2
-80	28	2
-80	30	2
-80	31	2
-79	33	2
-79	35	2
-79	37	3
-78	39	3
-78	42	3
-77	44	3
-77	46	3
-77	48	3
-76	50	4
-76	52	4
-76	55	4
-75	57	4
-75	60	4
-74	62	4
-74	64	5
-73	67	5
-73	70	5
-73	73	5
-72	76	5
-71	78	5
-71	82	6
-71	85	6
-70	89	6
-69	95	7
-64	120	8
-35	73	5
-59	141	10
-58	148	10
-57	155	11
-56	163	11
-54	170	12
-52	179	13
-50	188	13
-44	182	13
-39	180	13
-35	183	13
-30	178	12
-26	178	12
-22	179	13
-17	177	12
-13	175	12
-9	174	12
-5	181	13
-2	213	15
4	234	16
9	229	16
14	230	16
19	222	16
18	162	11
20	146	10
45	219	15
51	223	16
55	215	15
60	215	15
66	219	15
72	219	15
75	211	15
80	211	15
87	214	15
94	215	15
94	203	14
99	201	14
105	202	14
112	204	14
119	205	14
124	202	14
129	199	14
133	196	14
146	206	14
152	203	14
156	200	14
47	54	4
45	49	3
44	46	3
45	45	3
46	43	3
46	41	3
45	39	3
44	36	3
45	35	2
45	34	2
45	32	2
46	31	2
47	30	2
50	30	2
53	31	2
57	32	2
62	33	2
63	32	2
66	31	2
69	31	2
166	65	5
166	60	4
162	54	4
163	51	4
159	46	3
158	41	3
-88	7	0
-85	8	0
-84	10	1
-84	12	1
-83	14	1
-83	16	1
-82	18	1
-82	20	1
-82	22	1
-81	24	1
-81	25	1
-81	27	1
-80	30	2
-80	32	2
-79	33	2
-79	35	2
-79	37	2
-78	39	2
-78	41	2
-77	44	2
-77	46	2
-77	48	3
-76	50	3
-76	52	3
-76	55	3
-75	57	3
-75	59	3
-74	62	3
-74	64	3
-73	67	4
-73	70	4
-73	73	4
-72	75	4
-71	78	4
-71	82	4
-70	89	5
-68	94	5
-63	120	6
-61	137	7
-59	142	7
-58	148	8
-57	155	8
-55	163	9
-53	170	9
-52	180	9
-50	188	10
-43	180	9
-39	180	9
-35	182	10
-29	177	9
-25	178	9
-21	178	9
-17	176	9
-12	174	9
-8	175	9
-4	181	10
0	189	10
5	235	12
10	229	12
15	230	12
16	170	9
18	158	8
21	144	8
46	220	12
52	223	12
55	214	11
61	215	11
67	218	11
72	217	11
76	211	11
81	211	11
89	215	11
93	213	11
95	203	11
100	201	11
105	200	11
114	204	11
120	204	11
125	202	11
129	198	10
135	197	10
148	205	11
153	202	11
47	53	3
45	49	3
44	46	2
45	44	2
46	43	2
46	41	2
45	38	2
44	36	2
45	35	2
45	33	2
46	32	2
46	31	2
48	30	2
50	30	2
54	31	2
58	32	2
62	32	2
64	32	2
67	31	2
70	31	2
167	64	3
166	59	3
161	53	3
164	50	3
159	44	2
159	40	2
-89	6	0
-85	8	0
-84	10	0
-84	12	0
-83	14	0
-83	15	1
-82	17	1
-82	19	1
-81	21	1
-81	23	1
-81	25	1
-81	27	1
-80	29	1
-80	31	1
-80	33	1
-79	35	1
-79	37	1
-78	39	1
-78	41	1
-77	43	2
-77	45	2
-77	47	2
-76	49	2
-76	52	2
-76	54	2
-75	56	2
-75	58	2
-74	61	2
-74	64	2
-74	66	2
-73	69	2
-72	72	3
-72	74	3
-71	77	3
-71	80	3
-70	84	3
-69	94	3
-67	101	4
-64	118	4
-61	135	5
-60	139	5
-59	146	5
-57	152	5
-56	160	6
-55	169	6
-53	176	6
-51	185	7
-48	192	7
-40	179	6
-31	178	6
-27	177	6
-23	179	6
-18	177	6
-14	175	6
-10	171	6
-6	179	6
-2	190	7
7	195	7
18	223	8
20	147	5
44	219	8
50	223	8
55	221	8
58	213	8
65	218	8
71	218	8
74	212	7
79	209	7
86	213	8
92	215	8
93	204	7
98	202	7
105	203	7
108	199	7
117	204	7
123	203	7
127	199	7
132	196	7
145	205	7
151	203	7
156	200	7
47	55	2
45	49	2
44	47	2
44	45	2
45	43	2
45	42	1
46	40	1
44	37	1
45	35	1
45	34	1
46	33	1
46	32	1
47	30	1
49	30	1
52	31	1
56	31	1
61	33	1
63	32	1
65	31	1
69	31	1
166	66	2
165	61	2
163	56	2
161	51	2
161	47	2
160	43	2
-90	5	0
-87	7	0
-85	9	0
-84	11	0
-84	13	0
-83	15	0
-82	16	0
-82	18	0
-82	20	0
-82	22	0
-81	24	0
-81	26	0
-80	28	0
-80	30	1
-80	32	1
-79	34	1
-79	36	1
-78	38	1
-78	40	1
-78	42	1
-77	44	1
-77	46	1
-77	48	1
-76	51	1
-76	53	1
-75	55	1
-75	58	1
-74	60	1
-74	63	1
-74	65	1
-73	67	1
-72	70	1
-72	73	1
-72	76	1
-71	79	1
-71	82	1
-69	89	2
-68	100	2
-66	108	2
-50	91	2
-60	137	2
-54	132	2
-50	131	2
-31	123	2
12	228	4
17	229	4
17	169	3
19	149	3
42	218	4
48	220	4
53	221	4
57	213	4
63	215	4
69	217	4
73	214	4
77	209	4
84	212	4
90	214	4
94	209	4
99	206	4
104	204	4
108	200	4
116	204	4
122	202	4
126	199	4
131	196	3
141	202	4
150	204	4
154	200	4
47	55	1
45	50	1
45	48	1
45	45	1
45	43	1
45	42	1
45	40	1
45	38	1
45	35	1
45	34	1
45	33	1
46	32	1
47	31	1
49	30	1
51	30	1
56	31	1
61	33	1
62	31	1
65	31	1
68	31	1
168	67	1
166	62	1
165	57	1
161	52	1
162	48	1
159	43	1
159	39	1
-90	5	0
-86	7	0
-84	9	0
-84	11	0
-84	12	0
-83	14	0
-82	16	0
-82	18	0
-82	20	0
-82	22	0
-81	24	0
-81	26	0
-80	28	0
-80	30	0
-80	32	0
-79	34	0
-79	35	0
-78	37	0
-78	39	0
-78	42	0
-77	44	0
-77	46	0
-77	48	0
-76	50	0
-76	52	0
-75	55	0
-75	57	0
-74	59	0
-74	62	0
-73	64	0
-73	67	0
-73	70	0
-73	73	0
-72	76	0
-71	78	0
-71	81	0
-46	83	0
-43	92	0
-41	94	0
-38	93	0
-29	83	0
-27	84	0
-25	83	0
-23	84	0
-10	92	0
0	179	0
16	228	0
16	169	0
18	149	0
41	218	0
47	219	0
53	221	0
56	212	0
61	213	0
68	217	0
73	215	0
76	208	0
83	212	0
90	215	0
94	210	0
98	205	0
103	204	0
107	200	0
114	202	0
121	202	0
125	200	0
130	196	0
136	195	0
148	204	0
153	200	0
46	55	0
46	51	0
45	48	0
45	45	0
45	43	0
45	42	0
45	40	0
46	38	0
45	36	0
45	34	0
45	33	0
47	32	0
47	31	0
48	30	0
51	30	0
55	31	0
60	32	0
61	32	0
64	32	0
67	31	0
70	30	0
167	63	0
166	58	0
161	53	0
164	49	0
160	44	0
159	40	0
156	35	0
-90	5	0
-86	6	0
-85	8	0
-84	10	0
-84	12	0
-83	14	0
-83	16	0
-82	18	0
-82	20	0
-81	21	0
-81	23	0
-81	25	0
-80	27	0
-80	29	-1
-80	31	-1
-79	33	-1
-79	35	-1
-79	37	-1
-78	39	-1
-78	41	-1
-77	43	-1
-77	45	-1
-76	47	-1
-76	49	-1
-76	52	-1
-76	54	-1
-75	56	-1
-74	58	-1
-74	61	-1
-74	64	-1
-73	67	-1
-73	69	-1
-73	72	-1
-72	75	-1
-71	78	-1
-71	81	-1
-70	83	-1
-34	74	-1
-32	74	-1
-30	74	-1
-29	76	-1
-27	77	-1
-25	76	-1
-21	78	-1
-19	77	-1
-12	79	-1
-5	177	-3
16	169	-3
18	151	-3
19	132	-2
45	218	-4
52	220	-4
55	211	-4
60	213	-4
67	217	-4
72	215	-4
76	209	-4
81	209	-4
89	214	-4
93	210	-4
94	201	-4
99	198	-4
106	200	-4
111	198	-4
119	202	-4
124	200	-4
129	196	-3
134	194	-3
147	203	-4
153	201	-4
55	67	-1
46	53	-1
44	48	-1
45	46	-1
44	44	-1
45	43	-1
45	40	-1
46	39	-1
45	37	-1
45	34	-1
45	33	-1
46	32	-1
47	31	-1
48	31	-1
50	30	-1
55	32	-1
58	32	-1
61	32	-1
64	31	-1
66	31	-1
69	30	-1
166	64	-1
166	59	-1
161	53	-1
163	50	-1
160	44	-1
159	40	-1
157	36	-1
-92	3	0
-88	5	0
-85	7	0
-84	9	0
-84	11	0
-83	13	0
-83	15	-1
-83	17	-1
-82	18	-1
-82	20	-1
-81	22	-1
-81	24	-1
-81	26	-1
-80	28	-1
-80	30	-1
-80	32	-1
-79	34	-1
-79	36	-1
-78	38	-1
-78	40	-1
-78	42	-1
-77	44	-2
-77	46	-2
-76	48	-2
-76	50	-2
-76	53	-2
-75	55	-2
-75	57	-2
-74	60	-2
-74	62	-2
-74	65	-2
-73	67	-2
-73	70	-2
-72	73	-3
-72	75	-3
-71	78	-3
-71	82	-3
-33	73	-3
-31	73	-3
-28	71	-3
-27	72	-3
-26	75	-3
-14	71	-3
-7	177	-6
-3	177	-6
5	181	-6
17	229	-8
16	156	-6
18	145	-5
42	217	-8
48	220	-8
53	219	-8
57	211	-8
63	214	-8
69	216	-8
74	213	-8
77	207	-7
84	211	-8
91	212	-8
94	208	-7
98	204	-7
103	202	-7
107	198	-7
115	201	-7
121	201	-7
126	198	-7
130	194	-7
139	197	-7
149	202	-7
154	199	-7
46	54	-2
44	49	-2
45	47	-2
44	45	-2
45	43	-2
45	41	-1
45	39	-1
45	38	-1
45	36	-1
45	34	-1
46	33	-1
47	32	-1
48	31	-1
49	30	-1
53	31	-1
56	32	-1
60	32	-1
61	31	-1
64	31	-1
67	31	-1
167	62	-2
166	58	-2
161	52	-2
164	49	-2
159	43	-2
159	39	-1
159	35	-1
-89	5	0
-86	6	0
-85	8	0
-84	10	-1
-84	12	-1
-83	14	-1
-83	16	-1
-82	18	-1
-82	19	-1
-81	21	-1
-81	23	-1
-81	25	-1
-80	27	-1
-80	29	-2
-80	31	-2
-80	33	-2
-79	35	-2
-79	37	-2
-78	39	-2
-78	41	-2
-77	43	-2
-77	45	-2
-77	47	-3
-76	49	-3
-76	51	-3
-76	54	-3
-75	56	-3
-75	58	-3
-74	61	-3
-74	63	-3
-73	66	-4
-73	68	-4
-73	71	-4
-72	74	-4
-71	77	-4
-71	80	-4
-70	83	-4
-35	71	-4
-35	75	-4
-32	73	-4
-30	73	-4
-28	72	-4
-26	72	-4
-23	71	-4
-21	71	-4
-19	70	-4
-18	70	-4
-16	70	-4
-14	70	-4
-13	75	-4
-10	177	-10
-5	177	-9
-1	177	-9
15	168	-9
17	151	-8
18	131	-7
44	216	-12
50	219	-12
55	214	-11
59	210	-11
66	215	-12
71	215	-12
75	209	-11
80	207	-11
87	212	-11
93	211	-11
94	200	-11
99	199	-11
105	200	-11
110	197	-11
118	200	-11
123	199	-11
128	196	-11
132	193	-10
146	203	-11
151	201	-11
156	196	-11
46	53	-3
44	48	-3
45	46	-2
44	44	-2
45	43	-2
45	40	-2
45	39	-2
45	37	-2
45	35	-2
45	33	-2
46	32	-2
47	31	-2
48	31	-2
50	30	-2
54	31	-2
57	31	-2
60	31	-2
62	31	-2
65	31	-2
68	30	-2
166	64	-3
165	60	-3
162	54	-3
162	50	-3
161	46	-2
159	42	-2
158	37	-2
156	33	-2
-91	3	0
-88	5	0
-85	7	0
-84	9	-1
-84	11	-1
-84	12	-1
-83	14	-1
-82	16	-1
-82	18	-1
-82	20	-1
-81	21	-2
-81	24	-2
-81	25	-2
-80	27	-2
-80	29	-2
-80	31	-2
-79	33	-2
-79	35	-3
-78	37	-3
-78	39	-3
-78	41	-3
-77	43	-3
-77	45	-3
-77	47	-3
-76	49	-4
-76	52	-4
-75	54	-4
-75	56	-4
-74	58	-4
-74	61	-4
-74	63	-5
-73	66	-5
-73	69	-5
-72	71	-5
-72	74	-5
-71	77	-6
-70	80	-6
-71	83	-6
-17	70	-5
-15	69	-5
-13	178	-13
-9	177	-13
-5	176	-13
0	177	-13
8	179	-13
16	170	-12
18	147	-11
40	217	-16
46	216	-16
51	218	-16
55	210	-15
60	210	-15
67	215	-15
72	213	-15
76	208	-15
81	207	-15
88	211	-15
93	209	-15
95	200	-14
99	196	-14
105	198	-14
111	196	-14
119	200	-14
124	197	-14
128	194	-14
133	192	-14
147	201	-14
153	199	-14
54	65	-5
46	52	-4
44	47	-3
45	46	-3
44	43	-3
45	42	-3
45	39	-3
45	38	-3
45	36	-3
45	34	-2
45	33	-2
47	32	-2
47	31	-2
49	31	-2
52	31	-2
55	32	-2
59	32	-2
60	31	-2
63	31	-2
66	30	-2
69	30	-2
166	63	-5
165	59	-4
162	54	-4
162	49	-4
160	45	-3
159	41	-3
158	37	-3
158	33	-2
-91	3	0
-87	5	0
-85	7	-1
-84	9	-1
-84	10	-1
-84	12	-1
-83	14	-1
-82	16	-1
-82	18	-2
-82	20	-2
-82	21	-2
-81	23	-2
-81	25	-2
-80	27	-2
-80	29	-3
-80	31	-3
-79	33	-3
-79	35	-3
-79	37	-3
-78	39	-3
-78	41	-4
-77	43	-4
-77	45	-4
-77	47	-4
-76	49	-4
-76	51	-5
-76	54	-5
-75	56	-5
-74	58	-5
-74	61	-5
-74	63	-6
-73	65	-6
-73	68	-6
-72	71	-6
-72	74	-7
-71	76	-7
-71	79	-7
-70	83	-7
-13	177	-16
-9	176	-16
-5	175	-16
-1	176	-16
8	178	-16
15	225	-20
17	146	-13
40	215	-19
45	216	-20
51	217	-20
55	210	-19
60	208	-19
66	214	-19
71	212	-19
76	208	-19
81	206	-19
88	210	-19
93	208	-19
95	199	-18
99	197	-18
106	198	-18
110	195	-18
118	199	-18
123	197	-18
128	193	-17
133	191	-17
148	203	-18
152	199	-18
54	64	-6
46	52	-5
44	47	-4
45	45	-4
44	43	-4
45	42	-4
45	39	-4
45	38	-3
45	36	-3
45	34	-3
45	33	-3
46	32	-3
47	31	-3
49	31	-3
53	32	-3
56	32	-3
59	32	-3
60	31	-3
63	31	-3
65	30	-3
68	30	-3
166	64	-6
165	59	-5
162	54	-5
161	50	-4
160	45	-4
159	41	-4
158	37	-3
157	33	-3
-92	2	0
-88	4	0
-85	6	-1
-85	7	-1
-84	9	-1
-84	11	-1
-83	13	-1
-83	15	-2
-82	17	-2
-82	18	-2
-81	20	-2
-81	22	-2
-81	24	-3
-81	26	-3
-80	28	-3
-80	29	-3
-79	31	-3
-79	33	-4
-79	35	-4
-78	37	-4
-78	39	-4
-77	41	-4
-77	43	-5
-77	45	-5
-77	47	-5
-76	50	-5
-75	52	-6
-75	54	-6
-75	56	-6
-75	59	-6
-74	61	-7
-74	64	-7
-73	66	-7
-73	69	-7
-72	72	-8
-72	75	-8
-71	78	-8
-71	80	-9
-61	77	-8
-58	76	-8
-54	76	-8
-51	75	-8
-48	74	-8
-45	73	-8
-42	73	-8
-40	72	-8
-37	72	-8
-35	72	-8
-33	71	-8
-30	70	-8
-28	70	-8
-26	70	-8
-24	69	-8
-22	69	-8
-16	74	-8
-15	78	-8
-14	83	-9
-13	90	-10
-12	96	-10
-8	177	-19
-3	177	-19
11	224	-24
13	166	-18
15	149	-16
37	218	-24
42	217	-24
48	217	-24
53	216	-24
56	208	-23
62	210	-23
69	214	-23
73	209	-23
78	207	-23
85	210	-23
91	211	-23
94	204	-22
98	202	-22
104	201	-22
108	197	-21
113	195	-21
121	197	-21
127	197	-21
130	193	-21
136	192	-21
150	200	-22
154	197	-21
45	53	-6
43	48	-5
44	46	-5
44	44	-5
44	42	-5
44	40	-4
44	38	-4
45	37	-4
45	35	-4
45	34	-4
46	33	-4
47	32	-3
49	32	-3
52	32	-4
55	33	-4
57	32	-4
59	32	-3
61	31	-3
64	30	-3
66	30	-3
68	29	-3
167	62	-7
166	57	-6
162	52	-6
164	48	-5
160	43	-5
159	40	-4
158	35	-4
156	31	-3
-92	1	0
-88	3	0
-86	5	-1
-85	7	-1
-84	9	-1
-84	11	-1
-83	13	-2
-83	14	-2
-83	16	-2
-82	18	-2
-82	20	-3
-81	22	-3
-81	23	-3
-81	25	-3
-80	27	-3
-80	29	-4
-80	31	-4
-79	33	-4
-79	35	-4
-78	37	-5
-78	39	-5
-78	41	-5
-77	43	-5
-77	45	-6
-77	47	-6
-76	49	-6
-76	51	-7
-75	53	-7
-75	56	-7
-75	58	-7
-74	60	-8
-74	63	-8
-73	65	-8
-73	68	-9
-72	70	-9
-72	74	-9
-72	77	-10
-71	80	-10
-70	83	-11
-62	77	-10
-58	76	-10
-55	76	-10
-52	75	-10
-49	74	-9
-46	73	-9
-43	72	-9
-40	72	-9
-38	72	-9
-35	71	-9
-33	71	-9
-31	70	-9
-29	70	-9
-26	69	-9
-24	69	-9
-22	69	-9
-20	68	-9
-17	76	-10
-16	78	-10
-14	81	-10
-13	87	-11
-12	94	-12
-8	176	-22
-4	175	-22
12	165	-21
15	151	-19
16	131	-17
41	215	-27
47	216	-28
52	216	-27
55	207	-26
61	209	-27
68	213	-27
72	210	-27
77	206	-26
84	209	-27
90	210	-27
94	206	-26
96	198	-25
102	198	-25
107	196	-25
112	194	-25
120	197	-25
125	195	-25
129	192	-24
135	191	-24
149	200	-25
153	196	-25
46	53	-7
43	48	-6
44	46	-6
44	45	-6
44	42	-5
45	41	-5
44	39	-5
44	37	-5
45	35	-5
45	34	-4
46	33	-4
47	32	-4
48	31	-4
52	32	-4
55	32	-4
57	32	-4
59	32	-4
60	31	-4
63	30	-4
66	30	-4
68	29	-4
167	62	-8
166	58	-7
161	52	-7
163	49	-6
159	44	-6
160	40	-5
157	36	-5
157	32	-4
156	28	-4
-91	2	0
-87	4	-1
-85	6	-1
-85	8	-1
-84	10	-1
-84	11	-2
-83	13	-2
-83	15	-2
-82	17	-2
-82	19	-3
-81	20	-3
-81	22	-3
-81	24	-4
-81	26	-4
-80	28	-4
-80	30	-4
-79	32	-5
-79	34	-5
-79	35	-5
-78	37	-5
-78	39	-6
-78	41	-6
-77	44	-6
-76	45	-7
-76	48	-7
-76	50	-7
-76	52	-8
-75	54	-8
-75	56	-8
-74	59	-9
-74	61	-9
-73	64	-9
-73	66	-10
-73	69	-10
-72	72	-11
-72	75	-11
-71	77	-11
-70	81	-12
-64	78	-11
-60	76	-11
-57	75	-11
-53	75	-11
-50	74	-11
-47	73	-11
-44	73	-11
-42	72	-11
-39	72	-10
-36	71	-10
-34	71	-10
-32	70	-10
-29	69	-10
-27	69	-10
-25	69	-10
-23	68	-10
-21	68	-10
-18	69	-10
-16	76	-11
-15	78	-11
-14	85	-12
-13	93	-14
-11	97	-14
-10	175	-26
-6	175	-26
-1	173	-25
7	178	-26
14	224	-33
16	141	-21
35	216	-32
40	215	-31
45	214	-31
50	215	-31
55	209	-31
59	206	-30
66	211	-31
72	211	-31
75	206	-30
81	205	-30
88	209	-31
93	207	-30
95	198	-29
99	195	-28
105	196	-29
110	194	-28
118	196	-29
123	194	-28
129	193	-28
133	189	-28
147	200	-29
152	196	-29
46	54	-8
46	51	-7
43	46	-7
44	45	-7
44	43	-6
45	41	-6
44	38	-6
45	37	-5
45	35	-5
45	34	-5
46	33	-5
47	32	-5
49	32	-5
51	32	-5
54	32	-5
57	32	-5
58	32	-5
60	31	-4
62	30	-4
65	30	-4
68	29	-4
166	63	-9
165	58	-8
162	53	-8
161	49	-7
159	44	-6
159	40	-6
158	36	-5
157	32	-5
156	29	-4
-89	2	0
-86	4	-1
-85	6	-1
-84	8	-1
-84	10	-2
-84	11	-2
-83	13	-2
-82	15	-2
-82	17	-3
-82	19	-3
-81	20	-3
-81	22	-4
-81	24	-4
-80	26	-4
-80	28	-5
-80	30	-5
-80	32	-5
-79	33	-6
-79	35	-6
-78	37	-6
-78	39	-6
-78	41	-7
-77	43	-7
-76	45	-7
-76	47	-8
-76	49	-8
-76	52	-9
-75	54	-9
-75	56	-9
-74	59	-10
-74	61	-10
-73	64	-11
-73	66	-11
-73	69	-11
-72	71	-12
-72	74	-12
-71	77	-13
-70	80	-13
-60	76	-12
-57	75	-12
-54	75	-12
-50	74	-12
-47	73	-12
-44	72	-12
-41	72	-12
-39	71	-12
-36	71	-12
-34	70	-12
-32	70	-12
-29	69	-11
-27	69	-11
-25	69	-11
-23	68	-11
-21	68	-11
-17	71	-12
-16	75	-12
-15	78	-13
-14	85	-14
-10	175	-29
-6	174	-29
-1	172	-28
3	196	-32
7	178	-30
11	163	-27
14	153	-25
15	130	-21
40	214	-35
45	214	-35
50	214	-35
54	208	-34
59	205	-34
66	212	-35
72	210	-35
75	205	-34
81	205	-34
88	208	-34
93	205	-34
95	197	-33
99	194	-32
106	196	-32
110	193	-32
117	194	-32
123	193	-32
129	192	-32
133	188	-31
147	199	-33
152	196	-32
46	53	-9
46	51	-8
43	46	-8
44	44	-7
45	43	-7
44	40	-7
44	39	-6
45	37	-6
45	35	-6
45	34	-6
46	33	-5
47	32	-5
49	32	-5
52	32	-5
54	32	-5
57	32	-5
58	31	-5
60	30	-5
62	30	-5
65	30	-5
68	29	-5
166	63	-10
166	58	-10
162	53	-9
161	49	-8
160	45	-7
159	41	-7
158	36	-6
157	33	-5
156	29	-5
-90	1	0
-86	3	-1
-85	5	-1
-85	7	-1
-84	9	-2
-84	10	-2
-83	12	-2
-83	14	-3
-82	16	-3
-82	18	-3
-82	19	-4
-81	21	-4
-81	23	-4
-81	25	-5
-80	27	-5
-80	28	-5
-80	30	-6
-79	32	-6
-79	34	-6
-78	36	-7
-78	38	-7
-78	40	-7
-77	42	-8
-77	44	-8
-77	46	-9
-76	48	-9
-76	50	-9
-75	53	-10
-75	55	-10
-75	57	-11
-74	59	-11
-74	62	-11
-73	64	-12
-73	67	-12
-72	70	-13
-72	72	-13
-71	75	-14
-71	78	-14
-70	81	-15
-63	76	-14
-59	75	-14
-56	75	-14
-53	74	-14
-50	74	-14
-46	73	-14
-44	72	-13
-41	72	-13
-38	72	-13
-36	71	-13
-34	71	-13
-31	70	-13
-29	70	-13
-27	69	-13
-25	69	-13
-23	68	-13
-21	68	-13
-16	71	-13
-16	76	-14
-14	81	-15
-14	87	-16
-12	92	-17
-11	155	-29
-3	153	-28
9	176	-33
15	142	-26
32	217	-40
37	216	-40
42	214	-40
48	215	-40
52	212	-39
56	205	-38
62	208	-38
69	213	-39
73	207	-38
78	204	-38
85	209	-39
91	209	-39
93	201	-37
99	200	-37
104	197	-36
108	195	-36
113	192	-36
120	193	-36
126	193	-36
132	192	-36
138	192	-35
63	80	-15
47	56	-10
45	51	-9
43	46	-9
44	45	-8
45	44	-8
45	42	-8
44	40	-7
45	38	-7
45	37	-7
46	35	-7
47	34	-6
48	34	-6
49	33	-6
51	33	-6
54	33	-6
56	33	-6
57	32	-6
59	31	-6
61	30	-6
63	30	-5
66	29	-5
68	29	-5
167	61	-11
166	57	-10
162	51	-9
164	48	-9
160	43	-8
159	39	-7
158	35	-6
156	31	-6
156	27	-5
155	24	-4
-90	1	0
-87	2	0
-86	4	-1
-85	6	-1
-85	8	-2
-84	10	-2
-83	12	-2
-83	13	-3
-82	15	-3
-82	17	-3
-82	19	-4
-81	20	-4
-81	22	-5
-81	24	-5
-80	26	-5
-80	28	-6
-80	30	-6
-80	31	-6
-79	33	-7
-79	35	-7
-78	37	-8
-78	39	-8
-77	41	-8
-77	43	-9
-77	45	-9
-76	47	-10
-76	49	-10
-76	51	-10
-75	53	-11
-75	56	-11
-74	58	-12
-74	60	-12
-74	63	-13
-73	65	-13
-73	68	-14
-72	71	-14
-72	73	-15
-71	76	-16
-71	79	-16
-61	76	-16
-57	75	-15
-54	75	-15
-51	74	-15
-48	74	-15
-45	73	-15
-43	72	-15
-40	71	-15
-37	71	-14
-35	71	-14
-33	70	-14
-30	70	-14
-28	69	-14
-26	69	-14
-24	68	-14
-22	68	-14
-17	69	-14
-16	74	-15
-15	77	-16
-14	84	-17
-13	88	-18
-9	149	-30
-5	149	-31
-1	150	-31
2	151	-31
6	151	-31
10	162	-33
13	150	-31
34	216	-44
39	215	-44
44	213	-44
50	214	-44
55	211	-43
59	205	-42
66	211	-43
71	210	-43
75	205	-42
81	205	-42
88	209	-43
93	205	-42
94	196	-40
101	197	-40
106	196	-40
111	194	-40
115	190	-39
123	193	-40
128	191	-39
134	190	-39
62	78	-16
46	53	-11
45	50	-10
43	45	-9
44	44	-9
45	43	-9
46	42	-8
44	39	-8
45	38	-8
45	36	-7
46	35	-7
47	34	-7
48	33	-7
50	33	-7
52	33	-7
55	33	-7
56	32	-7
58	31	-6
59	30	-6
61	30	-6
64	29	-6
66	29	-6
167	64	-13
166	59	-12
166	55	-11
161	50	-10
164	47	-10
159	42	-9
158	38	-8
158	34	-7
157	30	-6
155	26	-5
-92	0	0
-88	2	0
-86	4	-1
-85	5	-1
-85	7	-2
-84	9	-2
-83	11	-2
-83	13	-3
-83	14	-3
-82	16	-4
-82	18	-4
-81	20	-4
-81	21	-5
-81	23	-5
-81	25	-6
-80	27	-6
-80	29	-6
-79	30	-7
-79	32	-7
-79	34	-8
-79	36	-8
-78	38	-9
-77	40	-9
-77	42	-9
-77	44	-10
-76	46	-10
-76	48	-11
-76	50	-11
-75	52	-12
-75	54	-12
-75	57	-13
-74	59	-13
-74	62	-14
-73	64	-14
-73	67	-15
-72	69	-16
-72	72	-16
-71	75	-17
-71	78	-17
-70	81	-18
-62	75	-17
-58	75	-17
-55	74	-17
-52	74	-16
-49	73	-16
-46	72	-16
-43	72	-16
-41	71	-16
-38	71	-16
-36	70	-16
-33	70	-16
-31	69	-16
-29	69	-15
-27	68	-15
-24	68	-15
-22	67	-15
-20	67	-15
-16	71	-16
-15	76	-17
-15	81	-18
-14	87	-19
-10	147	-33
-6	148	-33
-3	149	-33
1	149	-33
5	152	-34
13	153	-34
14	129	-29
32	214	-48
38	213	-48
43	212	-47
49	212	-48
53	210	-47
57	203	-46
63	205	-46
70	210	-47
74	204	-46
79	202	-45
87	208	-47
92	206	-46
94	197	-44
100	198	-44
104	195	-44
110	194	-43
114	191	-43
121	191	-43
128	192	-43
133	189	-42
143	195	-44
62	78	-17
47	55	-12
45	51	-11
43	45	-10
43	44	-10
44	43	-10
45	42	-9
45	39	-9
45	38	-8
46	36	-8
46	35	-8
47	34	-8
48	33	-7
50	33	-7
52	33	-7
55	33	-7
56	32	-7
58	31	-7
59	30	-7
61	30	-7
63	29	-7
66	29	-6
68	28	-6
167	60	-13
167	56	-13
161	50	-11
164	47	-11
159	42	-9
159	38	-9
158	34	-8
156	30	-7
155	27	-6
154	23	-5
-92	-1	0
-89	1	0
-86	3	-1
-85	5	-1
-84	7	-2
-84	8	-2
-83	10	-2
-83	12	-3
-82	13	-3
-82	15	-4
-82	17	-4
-81	19	-5
-81	21	-5
-80	22	-5
-81	24	-6
-80	26	-6
-80	28	-7
-80	30	-7
-79	31	-8
-79	33	-8
-79	35	-9
-78	37	-9
-78	39	-10
-77	41	-10
-77	43	-10
-77	45	-11
-76	47	-11
-76	49	-12
-76	51	-12
-75	53	-13
-75	55	-14
-74	58	-14
-74	60	-15
-74	63	-15
-73	65	-16
-73	68	-17
-72	70	-17
-72	73	-18
-71	76	-19
-70	79	-19
-61	75	-18
-57	74	-18
-54	74	-18
-51	73	-18
-48	72	-18
-45	72	-18
-42	71	-17
-39	71	-17
-37	70	-17
-34	69	-17
-32	69	-17
-30	69	-17
-28	68	-17
-26	68	-17
-24	68	-17
-22	67	-16
-17	70	-17
-16	73	-18
-15	76	-19
-14	82	-20
-12	142	-35
-8	142	-35
-4	143	-35
-1	143	-35
3	144	-35
6	146	-36
10	149	-36
13	144	-35
35	212	-52
40	210	-51
45	211	-52
51	211	-52
55	205	-50
59	202	-49
67	209	-51
72	207	-50
76	201	-49
82	203	-49
89	205	-50
93	202	-49
96	194	-48
100	191	-47
107	194	-47
111	190	-46
117	189	-46
124	191	-47
130	189	-46
134	187	-46
148	196	-48
63	77	-19
45	52	-13
45	49	-12
43	44	-11
44	43	-11
45	42	-10
45	41	-10
44	38	-9
45	37	-9
46	35	-9
47	35	-8
47	33	-8
49	33	-8
51	33	-8
53	32	-8
55	32	-8
56	31	-8
58	31	-7
59	30	-7
61	29	-7
64	29	-7
66	28	-7
166	62	-15
165	58	-14
163	53	-13
161	48	-12
163	45	-11
159	41	-10
158	37	-9
158	33	-8
157	29	-7
155	26	-6
-89	1	0
-86	2	-1
-85	4	-1
-85	6	-2
-84	8	-2
-83	9	-3
-83	11	-3
-83	13	-3
-82	15	-4
-82	17	-4
-82	18	-5
-81	20	-5
-81	22	-6
-81	23	-6
-80	25	-7
-80	27	-7
-80	29	-8
-79	30	-8
-79	33	-9
-79	34	-9
-78	36	-10
-78	38	-10
-78	40	-11
-77	42	-11
-77	44	-12
-76	46	-12
-76	48	-13
-76	50	-13
-75	53	-14
-75	55	-14
-74	57	-15
-74	59	-16
-74	61	-16
-73	64	-17
-73	67	-18
-72	69	-18
-72	72	-19
-71	75	-20
-71	78	-21
-61	75	-20
-57	73	-19
-54	73	-19
-51	72	-19
-48	72	-19
-46	72	-19
-43	71	-19
-40	70	-19
-37	70	-18
-35	69	-18
-32	69	-18
-30	69	-18
-28	68	-18
-26	67	-18
-24	67	-18
-22	67	-18
-16	73	-19
-15	75	-20
-14	82	-22
-11	135	-36
-8	135	-36
-5	136	-36
-1	136	-36
2	136	-36
6	138	-37
9	139	-37
13	143	-38
34	212	-56
39	211	-56
44	209	-55
50	211	-56
54	205	-54
59	202	-53
66	208	-55
71	205	-54
75	200	-53
81	201	-53
88	205	-54
93	203	-54
96	195	-52
100	193	-51
107	193	-51
111	191	-51
116	188	-50
123	189	-50
129	188	-50
134	186	-49
58	74	-20
59	72	-19
45	52	-14
45	49	-13
43	44	-12
44	43	-11
45	42	-11
46	41	-11
45	38	-10
45	37	-10
46	35	-9
47	34	-9
48	34	-9
49	33	-9
51	33	-9
53	33	-9
55	32	-9
56	31	-8
58	31	-8
59	30	-8
61	29	-8
63	29	-8
66	28	-7
166	62	-16
166	58	-15
164	53	-14
161	48	-13
163	45	-12
159	41	-11
158	37	-10
158	33	-9
157	29	-8
155	26	-7
-93	-1	0
-88	1	0
-86	3	-1
-86	4	-1
-85	6	-2
-85	8	-2
-84	10	-3
-84	11	-3
-83	13	-4
-83	15	-4
-82	16	-5
-82	18	-5
-81	20	-6
-81	22	-6
-81	23	-7
-81	25	-7
-80	27	-8
-80	29	-8
-80	31	-9
-79	32	-9
-79	34	-10
-78	36	-10
-78	38	-11
-78	40	-11
-77	42	-12
-77	44	-13
-76	46	-13
-76	48	-14
-76	50	-14
-75	52	-15
-75	54	-15
-74	56	-16
-74	59	-17
-74	61	-17
-73	64	-18
-73	66	-19
-72	69	-20
-72	71	-20
-71	74	-21
-71	77	-22
-70	80	-23
-61	74	-21
-58	74	-21
-55	73	-21
-52	73	-21
-48	72	-20
-45	71	-20
-43	71	-20
-40	70	-20
-38	70	-20
-35	69	-20
-33	69	-20
-31	68	-20
-28	68	-19
-26	67	-19
-24	67	-19
-22	67	-19
-16	66	-19
-16	73	-21
-15	75	-21
-7	128	-37
-4	128	-37
-1	128	-37
3	130	-37
6	130	-37
9	131	-37
13	130	-37
30	211	-60
35	212	-60
40	210	-60
46	210	-60
51	209	-60
55	202	-58
60	201	-57
67	207	-59
72	205	-58
77	201	-57
84	203	-58
90	205	-59
94	200	-57
97	194	-55
103	194	-55
108	192	-55
113	189	-54
117	187	-53
125	188	-54
130	187	-53
135	185	-53
55	69	-20
58	69	-20
46	51	-15
46	49	-14
43	44	-13
44	43	-12
45	42	-12
46	41	-12
46	38	-11
46	37	-10
46	35	-10
47	34	-10
48	34	-10
51	34	-10
53	33	-10
55	33	-9
56	32	-9
57	31	-9
58	30	-9
60	29	-8
62	29	-8
65	28	-8
67	28	-8
166	61	-17
165	56	-16
162	51	-15
161	47	-14
160	43	-12
159	39	-11
158	35	-10
157	32	-9
156	28	-8
155	25	-7
-92	-3	1
-89	-1	0
-86	1	0
-86	3	-1
-85	5	-2
-85	7	-2
-84	8	-3
-84	10	-3
-83	12	-4
-83	14	-4
-82	15	-5
-82	17	-5
-82	19	-6
-81	20	-6
-81	22	-7
-81	24	-7
-80	26	-8
-80	27	-8
-80	29	-9
-79	31	-10
-79	33	-10
-78	35	-11
-78	37	-11
-78	39	-12
-77	40	-12
-77	42	-13
-76	44	-14
-76	46	-14
-76	49	-15
-76	51	-16
-75	53	-16
-75	55	-17
-74	57	-18
-74	60	-18
-73	62	-19
-73	64	-20
-72	67	-21
-72	70	-21
-71	73	-22
-71	75	-23
-70	78	-24
-60	74	-23
-57	73	-23
-54	73	-22
-50	72	-22
-47	72	-22
-45	71	-22
-42	71	-22
-39	70	-22
-37	70	-21
-34	69	-21
-32	69	-21
-29	68	-21
-27	68	-21
-25	67	-21
-23	67	-21
-21	66	-20
-17	71	-22
-12	90	-28
-11	100	-31
-8	123	-38
-5	123	-38
-2	123	-38
1	123	-38
4	124	-38
8	125	-38
11	127	-39
33	211	-65
38	211	-65
43	210	-64
49	209	-64
54	205	-63
58	200	-61
65	206	-63
71	205	-63
75	202	-62
80	200	-61
88	205	-63
93	203	-62
95	194	-60
100	192	-59
106	192	-59
112	191	-59
117	189	-58
123	189	-58
129	188	-58
134	185	-57
54	68	-21
53	64	-20
52	60	-18
47	49	-15
45	44	-13
45	42	-13
46	41	-13
47	40	-12
46	37	-11
47	36	-11
48	36	-11
49	34	-10
51	34	-10
53	34	-10
54	33	-10
55	32	-10
57	31	-10
58	31	-9
59	30	-9
61	29	-9
64	29	-9
66	28	-9
167	62	-19
166	57	-18
164	53	-16
161	48	-15
165	46	-14
160	40	-12
158	37	-11
157	33	-10
156	29	-9
155	26	-8
155	22	-7
-92	-3	1
-89	-1	0
-87	1	0
-86	2	-1
-85	4	-1
-85	6	-2
-85	8	-2
-84	9	-3
-84	11	-4
-83	13	-4
-83	14	-5
-82	16	-5
-82	18	-6
-81	20	-6
-81	21	-7
-81	23	-8
-81	25	-8
-80	26	-9
-80	28	-9
-79	30	-10
-79	32	-10
-79	34	-11
-78	35	-12
-78	37	-12
-78	39	-13
-77	41	-13
-77	43	-14
-76	45	-15
-76	47	-15
-76	49	-16
-75	51	-17
-75	53	-17
-74	55	-18
-74	58	-19
-74	60	-20
-73	63	-21
-73	65	-21
-72	68	-22
-72	70	-23
-71	73	-24
-71	76	-25
-70	79	-26
-60	74	-24
-57	74	-24
-54	74	-24
-50	73	-24
-47	72	-24
-44	71	-23
-41	71	-23
-39	71	-23
-36	70	-23
-34	69	-23
-31	69	-23
-29	69	-22
-27	68	-22
-25	68	-22
-23	67	-22
-21	67	-22
-15	81	-26
-12	91	-30
-11	100	-33
-7	172	-56
-2	171	-56
2	129	-42
12	128	-42
36	220	-72
41	218	-71
47	217	-71
53	216	-71
58	215	-70
64	214	-70
69	213	-70
75	212	-70
81	211	-69
86	209	-69
92	209	-69
97	206	-68
104	207	-68
104	196	-64
110	194	-64
114	191	-63
120	190	-62
127	190	-62
131	186	-61
43	55	-18
46	56	-19
47	55	-18
49	55	-18
48	44	-15
47	41	-14
48	40	-13
47	38	-12
48	36	-12
49	35	-12
50	35	-11
53	35	-11
54	34	-11
55	33	-11
56	32	-11
57	31	-10
58	30	-10
60	29	-10
62	29	-9
64	28	-9
66	28	-9
167	61	-20
165	56	-19
162	52	-17
161	48	-16
162	44	-14
160	40	-13
159	36	-12
157	32	-11
156	29	-9
155	25	-8
-92	-3	1
-89	-1	0
-87	1	0
-86	2	-1
-85	4	-1
-85	6	-2
-85	8	-3
-84	9	-3
-84	11	-4
-83	13	-4
-83	14	-5
-82	16	-6
-82	18	-6
-82	19	-7
-81	21	-7
-81	23	-8
-81	24	-9
-80	26	-9
-80	28	-10
-80	30	-10
-79	31	-11
-79	33	-12
-78	35	-12
-78	37	-13
-78	39	-14
-77	41	-14
-77	43	-15
-77	45	-16
-76	47	-16
-76	49	-17
-75	51	-18
-75	53	-19
-75	55	-19
-74	57	-20
-74	60	-21
-73	62	-22
-73	65	-23
-72	67	-23
-72	70	-24
-71	73	-25
-71	75	-26
-70	78	-27
-60	73	-26
-56	73	-26
-53	73	-25
-50	72	-25
-47	72	-25
-44	71	-25
-41	70	-25
-38	70	-24
-36	69	-24
-34	69	-24
-31	68	-24
-29	68	-24
-27	67	-24
-25	67	-23
-22	67	-23
-20	66	-23
-15	81	-28
-11	170	-60
-6	170	-60
-2	170	-59
11	161	-56
31	218	-76
36	218	-76
42	216	-75
48	216	-76
53	214	-75
59	212	-74
64	212	-74
70	210	-74
76	209	-73
81	208	-73
87	208	-73
93	207	-72
99	206	-72
104	204	-71
105	193	-68
110	192	-67
115	189	-66
120	188	-66
126	186	-65
131	184	-65
43	55	-19
46	56	-20
47	55	-19
50	55	-19
45	45	-16
48	44	-15
47	41	-14
48	39	-14
47	37	-13
48	36	-13
49	35	-12
50	34	-12
53	34	-12
54	34	-12
55	33	-11
56	32	-11
57	31	-11
59	30	-11
60	29	-10
62	28	-10
65	28	-10
67	27	-10
166	60	-21
166	55	-19
162	50	-18
162	47	-16
160	43	-15
160	39	-14
158	35	-12
158	31	-11
156	28	-10
155	24	-9
-91	-3	1
-87	-1	0
-86	1	0
-86	3	-1
-85	5	-2
-85	6	-2
-84	8	-3
-84	10	-4
-83	11	-4
-83	13	-5
-83	15	-5
-82	16	-6
-82	18	-7
-82	20	-7
-81	21	-8
-81	23	-9
-80	25	-9
-80	26	-10
-80	28	-10
-80	30	-11
-79	32	-12
-79	33	-12
-79	35	-13
-78	37	-14
-77	39	-14
-77	41	-15
-77	43	-16
-76	45	-17
-76	47	-17
-76	49	-18
-75	51	-19
-75	53	-20
-74	55	-21
-74	58	-21
-74	60	-22
-73	62	-23
-73	65	-24
-72	67	-25
-72	70	-26
-71	73	-27
-71	75	-28
-70	79	-29
-59	73	-27
-56	73	-27
-53	72	-27
-50	72	-27
-47	71	-26
-44	71	-26
-41	70	-26
-38	70	-26
-36	69	-26
-33	68	-25
-31	68	-25
-29	67	-25
-26	67	-25
-24	67	-25
-22	66	-25
-20	66	-25
-17	69	-26
-15	75	-28
-14	81	-30
-13	87	-32
-10	170	-63
-5	169	-63
-1	168	-63
4	184	-69
7	127	-47
31	208	-77
36	207	-77
42	210	-78
48	208	-77
54	209	-78
59	208	-77
65	208	-77
71	208	-78
77	207	-77
83	208	-78
89	207	-77
95	207	-77
100	205	-76
106	203	-76
112	202	-75
118	201	-75
117	189	-70
122	186	-69
39	51	-19
40	50	-19
43	51	-19
46	51	-19
48	51	-19
45	46	-17
59	53	-20
50	42	-16
49	40	-15
48	37	-14
49	36	-13
50	35	-13
52	35	-13
54	34	-13
54	33	-12
56	32	-12
57	31	-12
58	30	-11
59	29	-11
61	29	-11
63	28	-10
65	28	-10
67	27	-10
167	58	-22
167	54	-20
162	49	-18
164	46	-17
159	41	-15
159	38	-14
158	34	-13
156	30	-11
156	27	-10
155	23	-9
-90	-3	1
-87	-1	0
-86	1	0
-86	3	-1
-85	5	-2
-85	6	-2
-84	8	-3
-84	10	-4
-83	11	-4
-83	13	-5
-83	15	-6
-82	16	-6
-82	18	-7
-81	20	-8
-81	21	-8
-81	23	-9
-81	25	-10
-80	26	-10
-80	28	-11
-79	30	-12
-79	31	-12
-79	33	-13
-78	35	-14
-78	37	-15
-78	39	-15
-77	41	-16
-77	42	-17
-77	45	-18
-76	47	-18
-76	48	-19
-75	51	-20
-75	53	-21
-74	55	-22
-74	57	-23
-74	59	-23
-73	62	-24
-73	64	-25
-72	67	-26
-72	70	-27
-71	73	-29
-71	75	-30
-70	78	-31
-59	73	-29
-56	73	-29
-53	72	-28
-50	72	-28
-47	71	-28
-44	70	-28
-41	70	-28
-39	70	-27
-36	69	-27
-33	68	-27
-31	68	-27
-29	67	-27
-26	67	-26
-24	66	-26
-22	66	-26
-16	71	-28
-15	76	-30
-14	81	-32
-13	88	-35
-12	97	-38
-9	170	-67
-4	169	-67
5	188	-74
26	194	-77
31	194	-77
36	194	-77
41	193	-76
47	195	-77
52	195	-77
58	195	-77
63	194	-77
69	194	-77
75	194	-77
80	194	-77
86	194	-77
92	194	-77
99	195	-77
104	194	-77
110	193	-76
117	194	-77
124	194	-77
130	194	-77
137	194	-76
39	50	-20
40	48	-19
43	49	-19
44	48	-19
45	47	-19
46	46	-18
49	47	-19
52	48	-19
56	49	-19
61	49	-19
49	37	-15
50	36	-14
52	36	-14
54	35	-14
55	34	-13
56	33	-13
57	32	-13
58	31	-12
59	30	-12
60	29	-12
62	28	-11
64	28	-11
66	27	-11
166	60	-24
166	56	-22
162	51	-20
162	47	-19
163	44	-17
159	39	-15
159	36	-14
158	32	-13
156	28	-11
155	25	-10
154	22	-9
-93	-5	2
-89	-3	1
-87	-1	0
-86	1	-1
-86	3	-1
-86	4	-2
-85	6	-3
-84	8	-3
-84	9	-4
-84	11	-5
-83	13	-5
-83	14	-6
-82	16	-7
-82	17	-7
-81	19	-8
-81	21	-9
-81	23	-9
-81	24	-10
-80	26	-11
-80	28	-12
-80	29	-12
-79	31	-13
-79	33	-14
-78	35	-14
-78	37	-15
-77	38	-16
-77	40	-17
-77	42	-18
-77	44	-18
-76	46	-19
-76	48	-20
-76	50	-21
-75	52	-22
-75	54	-23
-74	57	-24
-74	59	-25
-73	61	-26
-73	64	-27
-72	66	-28
-72	69	-29
-71	72	-30
-71	74	-31
-70	78	-32
-60	73	-31
-57	73	-30
-53	72	-30
-50	71	-30
-47	71	-30
-44	70	-29
-42	70	-29
-39	69	-29
-36	68	-29
-34	68	-29
-31	68	-28
-29	67	-28
-27	67	-28
-25	66	-28
-22	66	-28
-20	66	-27
-16	70	-29
-15	75	-32
-14	80	-33
-13	86	-36
-10	170	-71
-5	169	-71
0	167	-70
4	188	-78
9	187	-78
10	126	-53
29	185	-78
34	187	-78
39	186	-78
45	187	-78
50	187	-78
55	186	-78
60	187	-78
65	185	-77
71	186	-78
77	187	-78
82	186	-78
88	186	-78
94	187	-78
100	186	-78
106	186	-78
113	188	-78
119	187	-78
125	186	-78
131	186	-78
38	49	-20
40	48	-20
41	47	-20
42	46	-19
45	47	-20
46	46	-19
49	47	-20
51	47	-20
52	46	-19
57	48	-20
58	47	-20
54	39	-16
53	36	-15
53	35	-15
55	34	-14
56	33	-14
56	32	-13
58	31	-13
59	30	-13
60	29	-12
62	28	-12
64	28	-12
65	27	-11
166	60	-25
166	57	-24
165	52	-22
161	48	-20
164	45	-19
159	40	-17
158	36	-15
157	33	-14
156	29	-12
156	26	-11
155	23	-9
-92	-4	2
-88	-2	1
-87	0	0
-86	1	-1
-86	3	-1
-85	5	-2
-85	6	-3
-84	8	-4
-84	10	-4
-83	11	-5
-83	13	-6
-82	14	-6
-82	16	-7
-82	18	-8
-81	19	-9
-81	21	-9
-81	23	-10
-81	25	-11
-80	26	-11
-80	28	-12
-79	30	-13
-79	31	-14
-79	33	-15
-79	35	-15
-78	36	-16
-78	38	-17
-77	40	-18
-77	42	-19
-76	44	-19
-76	46	-20
-76	48	-21
-75	50	-22
-75	52	-23
-75	54	-24
-74	56	-25
-74	59	-26
-73	61	-27
-73	64	-28
-72	66	-29
-72	69	-30
-72	72	-32
-71	74	-33
-70	77	-34
-60	73	-32
-56	72	-32
-53	72	-32
-50	71	-31
-47	71	-31
-44	70	-31
-41	69	-31
-38	69	-30
-36	68	-30
-33	68	-30
-31	67	-30
-29	67	-30
-26	67	-29
-24	66	-29
-22	65	-29
-16	70	-31
-15	76	-33
-14	82	-36
-13	87	-38
-11	95	-42
-9	177	-78
-4	176	-78
6	177	-78
10	172	-76
12	125	-55
25	177	-78
29	176	-78
34	177	-78
39	176	-78
44	176	-78
49	178	-78
54	177	-78
60	177	-78
65	177	-78
70	178	-78
76	178	-79
81	177	-78
86	177	-78
93	178	-78
98	177	-78
104	178	-78
110	178	-78
116	177	-78
123	178	-79
130	178	-79
39	47	-21
39	46	-20
41	46	-20
46	49	-22
44	44	-20
46	45	-20
47	44	-19
50	44	-20
52	44	-20
54	44	-19
59	46	-20
56	38	-17
55	35	-15
55	34	-15
57	33	-14
58	32	-14
59	31	-14
60	30	-13
61	29	-13
62	28	-12
64	27	-12
67	26	-12
164	57	-25
166	54	-24
162	49	-22
162	46	-20
160	42	-18
158	38	-17
158	34	-15
158	31	-14
156	27	-12
155	24	-11
-92	-5	2
-88	-3	1
-87	-1	1
-86	1	0
-86	2	-1
-86	4	-2
-85	6	-3
-85	7	-3
-84	9	-4
-84	10	-5
-84	12	-6
-83	14	-6
-82	15	-7
-82	17	-8
-82	18	-9
-82	20	-9
-81	22	-10
-81	23	-11
-80	25	-12
-80	27	-12
-80	28	-13
-79	30	-14
-79	32	-15
-79	34	-16
-78	35	-16
-78	37	-17
-77	39	-18
-77	41	-19
-77	43	-20
-77	45	-21
-76	46	-22
-76	48	-23
-75	51	-24
-75	53	-25
-75	55	-26
-74	57	-27
-73	59	-28
-73	62	-29
-73	64	-30
-72	67	-31
-72	70	-32
-71	72	-34
-71	75	-35
-70	78	-36
-62	73	-34
-59	73	-34
-55	72	-33
-52	71	-33
-49	71	-33
-46	70	-33
-43	70	-32
-40	69	-32
-38	68	-32
-35	68	-32
-33	68	-31
-30	67	-31
-28	66	-31
-26	66	-31
-23	66	-31
-21	65	-30
-17	69	-32
-15	70	-33
-15	77	-36
-13	83	-39
-12	87	-40
-11	95	-44
-7	169	-79
-2	171	-80
3	168	-78
7	169	-79
11	158	-74
26	169	-79
31	169	-79
35	169	-79
40	168	-78
45	169	-79
50	168	-78
54	167	-78
59	167	-78
64	167	-78
70	168	-78
75	169	-79
80	169	-79
86	169	-79
92	170	-79
97	169	-79
102	169	-79
109	169	-79
115	169	-79
121	169	-79
39	48	-23
39	47	-22
40	46	-21
41	44	-20
46	43	-20
47	42	-20
49	42	-20
51	42	-19
55	43	-20
57	43	-20
62	44	-21
57	37	-17
58	36	-17
56	33	-15
57	32	-15
58	31	-15
60	30	-14
61	29	-14
62	28	-13
63	27	-13
65	27	-12
164	59	-28
164	55	-26
165	52	-24
162	48	-22
162	44	-20
159	40	-19
158	36	-17
158	33	-15
157	29	-14
157	26	-12
155	23	-11
-91	-4	2
-87	-3	1
-87	-1	0
-86	1	0
-86	3	-1
-85	4	-2
-85	6	-3
-84	7	-4
-84	9	-4
-84	11	-5
-83	12	-6
-83	14	-7
-82	15	-8
-82	17	-8
-82	18	-9
-81	20	-10
-81	22	-11
-81	23	-12
-80	25	-12
-80	27	-13
-80	28	-14
-79	30	-15
-79	32	-16
-79	33	-16
-78	35	-17
-78	37	-18
-78	39	-19
-77	41	-20
-77	43	-21
-76	44	-22
-76	46	-23
-76	48	-24
-75	50	-25
-75	52	-26
-74	55	-27
-74	57	-28
-74	59	-29
-73	62	-30
-73	64	-31
-72	67	-33
-72	69	-34
-71	72	-35
-71	75	-37
-70	78	-38
-63	73	-36
-58	72	-35
-55	72	-35
-52	71	-35
-49	71	-35
-46	70	-34
-43	70	-34
-40	69	-34
-37	68	-33
-35	67	-33
-32	67	-33
-30	67	-33
-28	66	-32
-25	66	-32
-23	66	-32
-21	65	-32
-16	68	-33
-15	73	-36
-15	81	-40
-13	84	-41
-12	92	-45
-9	162	-79
-4	161	-79
0	161	-79
5	161	-79
9	161	-79
13	159	-78
27	160	-79
31	162	-79
36	161	-79
40	161	-79
45	161	-79
50	160	-79
54	161	-79
59	160	-79
65	161	-79
69	160	-79
74	160	-79
79	159	-78
84	159	-78
90	160	-78
96	162	-79
101	161	-79
108	162	-80
113	161	-79
119	160	-79
38	47	-23
40	46	-23
41	45	-22
43	45	-22
43	43	-21
44	41	-20
49	44	-22
48	42	-20
48	40	-20
51	40	-20
52	40	-20
56	41	-20
58	40	-20
58	33	-16
58	32	-15
59	31	-15
61	30	-15
62	29	-14
63	28	-14
65	27	-13
67	26	-13
164	57	-28
164	53	-26
162	49	-24
163	46	-22
160	41	-20
159	38	-19
159	35	-17
158	31	-15
156	27	-13
156	24	-12
-92	-5	3
-88	-3	2
-87	-2	1
-86	0	0
-86	2	-1
-86	3	-2
-85	5	-3
-85	7	-3
-84	8	-4
-84	10	-5
-83	11	-6
-83	13	-7
-83	14	-7
-82	16	-8
-82	18	-9
-81	19	-10
-81	21	-11
-81	22	-12
-81	24	-12
-80	25	-13
-80	27	-14
-80	29	-15
-79	31	-16
-79	32	-17
-79	34	-18
-78	36	-18
-78	38	-19
-77	39	-20
-77	41	-21
-77	43	-22
-76	45	-23
-76	47	-24
-76	49	-25
-75	51	-26
-75	53	-27
-74	55	-29
-74	57	-30
-73	60	-31
-73	62	-32
-72	65	-33
-72	67	-35
-72	70	-36
-71	73	-38
-70	76	-39
-60	72	-37
-57	72	-37
-54	71	-37
-50	70	-36
-48	70	-36
-45	69	-36
-42	69	-35
-39	68	-35
-36	68	-35
-34	67	-35
-31	67	-34
-29	66	-34
-27	66	-34
-24	65	-34
-22	65	-33
-20	63	-33
-16	69	-36
-15	75	-39
-14	81	-42
-12	84	-44
-7	157	-81
-3	156	-80
2	156	-80
6	156	-80
11	156	-80
15	155	-80
23	155	-80
28	156	-80
32	155	-80
37	156	-80
41	155	-80
46	155	-80
51	155	-80
55	156	-80
60	156	-80
65	155	-80
70	156	-80
75	156	-81
80	155	-80
84	154	-80
90	154	-80
96	155	-80
102	156	-81
107	156	-81
113	156	-80
38	48	-25
39	46	-24
40	45	-23
41	44	-23
44	45	-23
44	42	-22
49	41	-21
49	40	-21
51	39	-20
53	39	-20
55	39	-20
59	40	-20
61	39	-20
72	41	-21
59	31	-16
59	30	-15
61	29	-15
62	28	-15
64	27	-14
65	26	-14
165	59	-30
164	55	-28
163	51	-26
162	47	-24
164	44	-23
161	40	-21
160	36	-19
158	33	-17
156	29	-15
155	26	-13
155	23	-12
-94	-7	4
-90	-5	3
-87	-3	2
-87	-1	1
-86	0	0
-86	2	-1
-86	3	-2
-85	5	-3
-85	7	-4
-84	8	-4
-84	10	-5
-83	11	-6
-83	13	-7
-83	14	-8
-82	16	-9
-82	18	-9
-82	19	-10
-81	21	-11
-81	22	-12
-81	24	-13
-80	25	-14
-80	27	-15
-80	29	-16
-79	31	-17
-79	32	-17
-78	34	-18
-78	35	-19
-78	37	-20
-77	39	-21
-77	41	-22
-77	43	-23
-76	45	-24
-76	47	-25
-76	49	-26
-75	51	-27
-75	53	-29
-74	55	-30
-74	57	-31
-74	59	-32
-73	62	-34
-73	64	-35
-72	67	-36
-72	70	-38
-71	72	-39
-71	75	-41
-70	78	-42
-62	73	-39
-58	72	-39
-54	71	-39
-51	71	-38
-48	70	-38
-45	69	-38
-42	69	-38
-39	68	-37
-37	68	-37
-34	67	-37
-31	67	-36
-29	66	-36
-27	66	-36
-25	65	-35
-22	65	-35
-20	65	-35
-16	69	-38
-15	76	-41
-14	81	-44
-11	93	-50
-6	146	-79
-2	146	-79
2	148	-80
6	146	-79
11	146	-79
15	146	-79
23	147	-79
27	147	-79
32	146	-79
36	146	-79
40	146	-79
44	146	-79
49	146	-79
53	145	-79
57	145	-78
62	144	-78
66	144	-78
71	145	-78
77	145	-79
81	145	-78
86	145	-79
91	145	-79
97	146	-79
102	145	-79
107	145	-78
38	47	-25
41	47	-26
41	45	-24
42	44	-24
43	43	-24
44	42	-23
45	41	-22
46	40	-21
47	39	-21
52	38	-21
53	37	-20
55	36	-20
56	36	-19
62	38	-20
63	36	-20
68	38	-20
71	37	-20
61	30	-16
61	29	-16
63	28	-15
64	27	-14
65	26	-14
167	58	-32
163	54	-29
162	50	-27
162	46	-25
165	44	-24
159	39	-21
160	36	-19
158	32	-17
157	29	-16
156	26	-14
155	22	-12
-92	-6	3
-88	-4	2
-87	-3	1
-87	-1	1
-86	1	0
-86	2	-1
-85	4	-2
-85	5	-3
-84	7	-4
-84	8	-5
-84	10	-6
-83	12	-7
-83	13	-7
-83	15	-8
-82	16	-9
-82	18	-10
-82	19	-11
-81	21	-12
-81	22	-13
-81	24	-14
-80	25	-14
-80	27	-15
-80	29	-16
-79	30	-17
-79	32	-18
-78	34	-19
-78	35	-20
-78	37	-21
-77	39	-22
-77	41	-23
-77	43	-24
-76	44	-25
-76	46	-26
-76	48	-28
-75	51	-29
-75	52	-30
-75	55	-31
-74	57	-32
-74	59	-34
-73	61	-35
-73	64	-36
-72	67	-38
-72	69	-39
-71	72	-41
-71	75	-43
-70	78	-44
-62	73	-41
-58	72	-41
-55	71	-41
-51	71	-40
-48	70	-40
-45	70	-40
-42	69	-39
-39	69	-39
-37	68	-39
-34	67	-38
-32	67	-38
-29	66	-38
-27	66	-37
-24	65	-37
-22	65	-37
-20	65	-37
-15	70	-40
-15	75	-43
-14	81	-46
-13	89	-51
-10	93	-53
-9	139	-79
-5	139	-79
-1	139	-79
3	138	-79
7	139	-79
11	138	-78
15	136	-77
19	137	-78
23	139	-79
27	138	-79
31	139	-79
35	138	-79
39	138	-79
44	139	-79
48	139	-79
52	139	-79
57	139	-79
61	138	-78
65	138	-79
70	138	-79
74	137	-78
79	138	-78
84	137	-78
89	138	-78
94	138	-78
99	138	-79
38	48	-27
39	46	-26
40	46	-26
41	44	-25
42	43	-25
44	43	-24
45	42	-24
45	40	-23
47	40	-23
48	39	-22
48	37	-21
50	37	-21
54	38	-22
54	37	-21
55	36	-20
56	35	-20
59	35	-20
62	35	-20
65	35	-20
69	36	-20
73	36	-20
63	28	-16
65	27	-15
165	60	-34
166	57	-32
163	52	-30
163	49	-28
162	45	-26
160	41	-23
159	38	-21
158	34	-20
158	31	-18
156	28	-16
155	24	-14
155	21	-12
-94	-7	4
-89	-5	3
-87	-4	2
-87	-2	1
-86	0	0
-86	1	-1
-86	3	-2
-85	4	-3
-85	6	-3
-85	7	-4
-84	9	-5
-83	10	-6
-83	12	-7
-83	13	-8
-82	15	-9
-82	17	-10
-81	18	-11
-81	20	-12
-81	21	-13
-81	23	-13
-81	24	-14
-80	26	-15
-80	27	-16
-80	29	-17
-79	31	-18
-79	32	-19
-78	34	-20
-78	36	-21
-78	37	-22
-77	39	-23
-77	41	-24
-77	43	-25
-76	45	-27
-76	47	-28
-76	49	-29
-75	51	-30
-75	53	-31
-74	55	-33
-74	57	-34
-74	59	-35
-73	62	-37
-72	64	-38
-72	67	-40
-72	70	-41
-71	72	-43
-70	75	-45
-61	72	-43
-57	71	-42
-54	70	-42
-51	70	-42
-47	69	-41
-45	69	-41
-42	68	-41
-39	68	-40
-36	67	-40
-33	67	-40
-31	66	-39
-29	66	-39
-26	65	-39
-24	65	-39
-22	64	-38
-17	68	-40
-14	77	-46
-12	88	-53
-8	134	-80
-4	135	-80
0	134	-80
4	134	-80
8	134	-80
12	134	-80
14	119	-71
20	135	-80
24	134	-80
28	134	-80
32	134	-80
36	134	-80
40	134	-80
44	134	-80
48	135	-80
53	135	-80
57	135	-81
61	135	-80
66	134	-80
70	135	-80
75	134	-80
79	133	-79
84	134	-80
89	133	-79
94	133	-80
100	135	-80
39	47	-28
40	46	-27
41	45	-27
42	44	-26
43	43	-25
44	42	-25
45	41	-24
46	40	-24
47	39	-23
48	38	-23
49	37	-22
50	36	-22
53	36	-22
55	37	-22
55	35	-21
57	34	-20
59	34	-20
62	34	-20
65	34	-20
69	34	-20
74	35	-21
71	30	-18
169	63	-38
166	59	-35
165	55	-33
163	51	-30
162	47	-28
165	44	-26
160	40	-24
159	36	-22
158	33	-20
157	30	-18
156	27	-16
155	24	-14
154	20	-12
-92	-7	4
-88	-5	3
-87	-3	2
-86	-2	1
-86	0	0
-86	1	-1
-86	3	-2
-85	4	-3
-85	6	-4
-84	7	-5
-84	9	-5
-84	10	-6
-83	12	-7
-83	13	-8
-82	15	-9
-82	16	-10
-82	18	-11
-82	19	-12
-81	21	-13
-81	22	-14
-80	24	-15
-80	25	-16
-80	27	-17
-79	29	-18
-79	30	-19
-79	32	-20
-78	33	-21
-78	35	-22
-78	37	-23
-77	39	-24
-77	40	-25
-77	42	-26
-76	44	-28
-76	46	-29
-75	48	-30
-75	50	-31
-75	52	-32
-74	54	-34
-74	56	-35
-74	59	-37
-73	61	-38
-73	63	-40
-72	66	-41
-72	69	-43
-71	71	-45
-71	74	-46
-70	77	-48
-62	72	-45
-58	71	-44
-55	71	-44
-51	70	-44
-48	69	-43
-45	68	-43
-42	68	-43
-40	68	-43
-37	67	-42
-34	67	-42
-31	66	-41
-29	65	-41
-26	65	-41
-24	65	-40
-22	64	-40
-16	65	-41
-16	71	-45
-14	76	-47
-13	82	-51
-12	87	-55
-7	128	-80
-3	129	-80
1	128	-80
5	128	-80
8	128	-80
12	128	-80
15	119	-74
19	128	-80
23	128	-80
27	128	-80
31	128	-80
35	129	-80
39	128	-80
43	128	-80
47	128	-80
51	128	-80
55	128	-80
59	128	-80
64	128	-80
68	129	-80
73	129	-81
77	129	-80
82	128	-80
86	128	-80
91	128	-80
96	128	-80
39	46	-29
40	46	-28
41	45	-28
42	44	-27
43	42	-26
44	42	-26
45	41	-26
48	41	-26
48	39	-24
49	38	-24
50	37	-23
51	36	-22
52	35	-22
53	34	-21
56	35	-22
57	34	-21
58	33	-20
61	33	-21
62	32	-20
67	33	-20
72	34	-21
66	29	-18
168	62	-39
165	57	-36
164	53	-33
165	50	-31
162	46	-29
165	43	-27
160	39	-24
159	36	-22
158	32	-20
158	29	-18
156	26	-16
156	23	-14
154	20	-12
-92	-8	5
-88	-6	4
-87	-4	3
-87	-3	2
-86	-1	1
-86	1	0
-86	2	-1
-85	4	-2
-85	5	-3
-85	6	-4
-84	8	-5
-84	10	-6
-83	11	-7
-83	12	-8
-83	14	-9
-82	15	-10
-82	17	-11
-82	18	-12
-81	20	-13
-81	21	-14
-81	23	-15
-80	24	-16
-80	26	-17
-80	27	-18
-79	29	-19
-79	31	-20
-79	32	-21
-78	34	-22
-78	36	-23
-77	37	-24
-77	39	-25
-77	41	-27
-77	43	-28
-76	44	-29
-76	46	-30
-76	48	-32
-75	50	-33
-75	52	-34
-75	55	-36
-74	57	-37
-73	59	-38
-73	61	-40
-73	64	-42
-72	66	-43
-72	69	-45
-71	72	-47
-71	75	-49
-70	78	-51
-61	72	-47
-58	71	-47
-54	71	-46
-51	70	-46
-47	69	-45
-44	69	-45
-42	68	-44
-39	68	-44
-36	67	-44
-34	67	-43
-31	66	-43
-28	66	-43
-26	65	-42
-24	65	-42
-21	64	-42
-16	73	-48
-14	78	-51
-13	85	-55
-11	90	-59
-5	121	-79
-2	121	-79
2	121	-79
6	121	-79
9	121	-79
13	121	-79
16	117	-77
20	121	-79
24	121	-79
28	121	-79
32	122	-79
35	121	-79
39	121	-79
43	121	-79
47	121	-79
51	122	-79
55	121	-79
59	121	-79
63	122	-79
67	121	-79
72	122	-80
76	122	-79
81	121	-79
86	122	-80
91	123	-80
38	47	-31
40	46	-30
41	45	-30
42	44	-28
43	43	-28
44	42	-27
45	41	-27
46	40	-26
47	39	-25
48	38	-25
49	37	-24
51	37	-24
52	36	-23
53	35	-23
54	34	-22
55	33	-21
59	34	-22
60	33	-21
60	31	-20
62	31	-20
65	31	-20
167	59	-39
166	55	-36
164	51	-33
166	49	-32
164	45	-29
160	41	-26
159	37	-24
159	34	-22
158	31	-20
157	28	-18
156	25	-16
155	21	-14
-93	-8	6
-89	-6	4
-88	-5	3
-87	-3	2
-87	-2	1
-86	0	0
-86	1	-1
-86	3	-2
-85	4	-3
-85	6	-4
-84	7	-5
-84	9	-6
-84	10	-7
-83	12	-8
-83	13	-9
-82	14	-10
-82	16	-11
-82	17	-12
-82	19	-13
-81	20	-14
-81	22	-15
-81	23	-16
-80	25	-17
-80	26	-18
-80	28	-19
-79	30	-20
-79	31	-21
-79	33	-22
-79	34	-24
-78	36	-25
-77	38	-26
-77	40	-27
-77	41	-28
-77	43	-30
-76	45	-31
-76	47	-32
-76	49	-33
-75	51	-35
-75	53	-36
-74	55	-38
-74	58	-39
-74	60	-41
-73	62	-42
-73	65	-44
-72	68	-46
-71	70	-48
-71	73	-50
-70	76	-52
-60	72	-49
-56	71	-48
-53	70	-48
-50	70	-48
-46	69	-47
-43	68	-47
-40	68	-46
-38	67	-46
-35	67	-46
-32	67	-46
-30	66	-45
-27	66	-45
-25	65	-44
-22	65	-44
-20	64	-44
-14	74	-51
-14	83	-57
-12	87	-59
-10	96	-65
-10	116	-79
-6	116	-79
-2	116	-79
1	116	-79
5	116	-79
8	116	-79
12	116	-79
15	116	-79
19	116	-79
22	115	-79
26	116	-79
29	115	-79
33	115	-79
37	115	-79
40	115	-78
44	115	-78
48	115	-79
52	115	-79
56	116	-79
60	115	-79
64	116	-79
68	115	-79
72	115	-79
77	115	-79
82	116	-79
86	116	-79
39	47	-32
39	45	-31
41	46	-31
42	44	-30
43	43	-29
44	42	-29
45	41	-28
47	40	-28
48	39	-27
48	38	-26
50	38	-26
51	37	-25
52	36	-24
53	35	-24
55	34	-23
56	33	-23
56	32	-22
58	31	-21
62	32	-22
62	30	-21
63	29	-20
65	29	-20
166	59	-40
167	56	-38
163	51	-35
164	48	-33
164	44	-30
160	40	-28
158	37	-25
159	34	-23
158	31	-21
157	27	-19
156	25	-17
155	22	-15
163	20	-14
-93	-9	6
-89	-7	5
-87	-5	3
-87	-3	2
-87	-2	1
-86	0	0
-86	1	-1
-86	3	-2
-85	4	-3
-85	6	-4
-84	7	-5
-84	8	-6
-84	10	-7
-83	11	-8
-83	13	-9
-83	14	-10
-82	15	-11
-82	17	-12
-82	18	-13
-81	20	-14
-81	21	-15
-81	23	-16
-81	24	-17
-80	26	-18
-80	27	-19
-79	29	-21
-79	30	-22
-79	32	-23
-78	34	-24
-78	35	-25
-77	37	-26
-78	39	-28
-77	40	-29
-77	42	-30
-76	44	-31
-76	46	-33
-76	48	-34
-75	50	-36
-75	52	-37
-74	54	-38
-74	56	-40
-74	58	-42
-73	61	-43
-73	63	-45
-72	66	-47
-72	68	-49
-71	71	-51
-70	74	-53
-69	76	-54
-61	71	-51
-58	71	-51
-54	70	-50
-51	69	-49
-47	68	-49
-44	68	-49
-41	67	-48
-39	67	-48
-36	66	-47
-33	66	-47
-31	66	-47
-28	65	-47
-26	65	-46
-23	64	-46
-21	64	-45
-15	74	-52
-14	81	-58
-12	84	-60
-11	93	-66
-7	113	-80
-3	113	-80
0	113	-81
4	113	-80
7	113	-80
11	113	-80
14	113	-80
18	112	-80
21	112	-80
25	112	-80
28	112	-80
32	112	-80
35	112	-80
39	111	-79
43	112	-80
47	112	-80
50	111	-79
54	112	-80
59	112	-80
62	112	-80
66	112	-80
70	112	-80
75	112	-80
79	112	-80
84	113	-81
38	47	-33
39	45	-32
40	44	-32
42	44	-31
43	42	-30
44	41	-30
45	40	-29
46	40	-28
47	39	-28
48	38	-27
49	37	-26
51	36	-26
52	35	-25
53	34	-24
54	34	-24
56	34	-24
57	32	-23
57	31	-22
59	30	-22
61	30	-21
62	29	-21
63	28	-20
166	59	-42
165	55	-39
166	52	-37
163	48	-34
165	45	-32
163	41	-29
160	37	-27
159	34	-24
157	31	-22
156	28	-20
156	25	-18
155	22	-16
155	19	-14
-90	-8	6
-88	-6	4
-88	-4	3
-87	-3	2
-87	-2	1
-86	0	0
-86	2	-1
-86	3	-2
-85	4	-3
-85	6	-4
-84	7	-5
-84	9	-6
-83	10	-7
-83	11	-8
-83	13	-10
-83	14	-11
-82	16	-12
-82	17	-13
-81	19	-14
-81	20	-15
-81	21	-16
-81	23	-17
-81	24	-18
-80	26	-19
-80	27	-20
-79	29	-21
-79	30	-23
-79	32	-24
-78	34	-25
-78	35	-26
-78	37	-28
-78	39	-29
-77	40	-30
-77	42	-31
-76	44	-33
-76	46	-34
-75	48	-35
-75	50	-37
-75	52	-39
-74	54	-40
-74	56	-42
-74	58	-44
-73	61	-45
-73	63	-47
-72	66	-49
-72	68	-51
-71	71	-53
-70	74	-55
-67	74	-55
-61	71	-53
-57	71	-53
-54	70	-52
-50	69	-51
-47	69	-51
-44	68	-50
-40	67	-50
-38	67	-50
-35	66	-50
-33	66	-49
-30	66	-49
-27	65	-48
-25	65	-48
-23	64	-48
-20	64	-48
-16	71	-53
-14	74	-55
-13	81	-61
-12	86	-64
-8	108	-80
-5	108	-80
-1	108	-80
2	108	-80
5	108	-80
9	108	-80
12	108	-80
15	108	-80
19	108	-80
22	108	-80
26	108	-80
29	107	-80
33	108	-80
36	107	-80
40	107	-80
43	107	-80
47	108	-80
51	107	-80
54	107	-80
58	107	-80
62	107	-80
65	106	-79
70	107	-80
74	107	-80
79	107	-80
83	107	-80
39	46	-34
40	44	-33
42	44	-33
42	43	-32
44	42	-31
44	41	-30
46	40	-30
47	39	-29
48	38	-28
50	38	-28
50	36	-27
52	36	-26
53	35	-26
53	34	-25
55	33	-25
56	32	-24
58	32	-23
59	31	-23
59	29	-22
61	29	-21
64	29	-21
64	27	-20
68	28	-20
165	56	-42
164	52	-39
164	49	-36
162	45	-34
164	43	-32
160	38	-29
159	35	-26
158	32	-24
157	29	-22
156	26	-19
155	23	-17
155	20	-15
-90	-8	6
-88	-6	5
-88	-5	4
-87	-3	3
-87	-2	2
-86	0	0
-86	1	-1
-86	3	-2
-85	4	-3
-85	5	-4
-84	7	-5
-84	8	-6
-84	9	-7
-84	11	-8
-83	12	-10
-83	14	-11
-82	15	-12
-82	16	-13
-82	18	-14
-81	19	-15
-81	21	-16
-81	22	-17
-81	24	-18
-80	25	-20
-80	27	-21
-80	28	-22
-79	30	-23
-79	31	-24
-79	33	-25
-78	34	-27
-78	36	-28
-78	38	-29
-77	39	-31
-77	41	-32
-77	43	-33
-76	45	-35
-76	47	-36
-75	49	-38
-75	51	-39
-75	53	-41
-74	55	-43
-74	57	-44
-73	59	-46
-73	62	-48
-73	65	-50
-72	67	-52
-71	70	-54
-71	72	-56
-68	73	-57
-59	70	-55
-56	70	-54
-52	70	-54
-49	69	-54
-46	68	-53
-42	68	-53
-39	67	-52
-36	66	-52
-34	66	-51
-31	66	-51
-29	65	-51
-26	65	-50
-24	64	-50
-21	64	-50
-16	69	-53
-15	73	-56
-14	79	-62
-12	85	-66
-9	103	-80
-5	103	-80
-2	103	-80
1	103	-80
5	103	-80
8	102	-80
11	102	-80
15	102	-80
18	103	-80
21	102	-80
24	103	-80
28	102	-80
31	103	-80
35	103	-80
38	103	-80
42	103	-80
45	103	-80
49	103	-80
53	103	-80
56	102	-80
60	102	-79
64	102	-79
68	102	-79
72	102	-79
76	102	-79
38	47	-36
39	45	-35
41	45	-35
42	43	-34
43	43	-33
44	42	-32
45	40	-31
46	40	-31
47	39	-30
48	38	-29
50	37	-29
51	36	-28
52	35	-27
54	35	-27
54	34	-26
55	33	-25
57	32	-25
57	31	-24
59	30	-24
61	30	-23
61	28	-22
62	28	-21
65	27	-21
66	26	-21
166	59	-46
165	55	-43
164	51	-40
165	49	-38
162	45	-35
160	41	-32
160	38	-29
159	35	-27
158	32	-25
157	29	-22
156	26	-20
155	23	-18
155	20	-16
