0	0	0
-187	37	20
-190	41	22
-193	47	25
-199	53	28
-209	60	32
-219	68	36
-229	76	41
-231	83	44
-227	87	46
-223	91	48
-220	95	51
-216	100	53
-213	104	55
-210	108	57
-206	112	60
-204	117	62
-199	120	64
-197	124	66
-192	128	68
-189	132	70
-186	136	73
-183	140	75
-181	145	77
-176	148	79
-173	152	81
-170	157	83
-167	161	86
-163	165	88
-160	169	90
-156	173	92
-154	179	95
-117	173	92
-113	177	94
-111	182	97
-116	200	107
-113	207	110
-109	211	112
-105	216	115
-101	221	117
-95	222	118
-86	214	114
-77	206	110
-69	200	106
-62	193	103
-45	169	90
-25	157	84
-22	162	86
-18	157	83
-13	152	81
-9	150	80
-5	146	78
-2	143	76
2	141	75
5	138	73
8	135	72
11	133	71
14	130	69
17	128	68
20	125	67
23	123	65
25	121	64
28	119	63
31	117	62
33	114	61
35	112	60
38	111	59
40	108	58
42	107	57
44	105	56
47	103	55
49	101	54
51	100	53
53	98	52
55	96	51
57	95	50
59	93	49
61	91	49
63	90	48
65	88	47
67	86	46
69	85	45
71	83	44
79	80	43
80	78	41
82	76	41
84	75	40
86	73	39
88	71	38
91	70	37
89	65	35
101	61	33
103	59	32
105	58	31
108	56	30
110	54	29
-188	36	16
-186	40	17
-189	44	19
-197	51	22
-205	58	25
-214	65	29
-223	73	32
-233	82	36
-230	87	38
-224	90	39
-221	95	41
-218	99	43
-215	104	45
-212	108	47
-209	112	49
-205	117	51
-201	121	53
-197	124	54
-194	128	56
-191	132	58
-188	137	60
-184	141	62
-181	145	63
-177	148	65
-174	152	67
-172	158	69
-169	162	71
-165	166	72
-161	169	74
-159	174	76
-154	178	78
-152	183	80
-148	187	82
-144	191	83
-142	197	86
-139	202	89
-95	203	89
-98	222	97
-92	222	97
-83	214	94
-75	208	91
-67	201	88
-59	195	85
-48	174	76
-40	158	69
-35	156	68
-31	156	68
-28	157	69
-24	156	68
-21	162	71
-17	159	69
-13	155	68
-9	151	66
-5	148	65
-1	146	64
2	143	62
5	140	61
9	137	60
12	134	59
14	132	58
17	130	57
20	127	56
23	125	55
25	123	54
28	121	53
30	119	52
33	116	51
35	115	50
37	112	49
40	111	49
42	109	48
44	107	47
46	105	46
49	104	45
50	101	44
53	100	44
55	98	43
57	96	42
59	95	41
61	93	41
63	91	40
65	90	39
67	88	39
69	86	38
71	85	37
50	54	24
81	78	34
83	76	33
85	75	33
87	73	32
89	71	31
90	69	30
91	66	29
98	65	28
86	54	24
-185	34	12
-183	38	13
-188	43	15
-194	49	17
-201	56	19
-213	64	22
-222	72	25
-233	81	28
-228	86	30
-225	90	31
-221	95	33
-219	100	35
-215	104	36
-213	109	38
-208	112	39
-205	117	41
-202	121	42
-197	125	43
-195	129	45
-191	134	46
-188	138	48
-185	142	49
-181	146	51
-178	150	52
-175	154	54
-171	159	55
-168	162	56
-165	167	58
-160	170	59
-158	175	61
-155	180	63
-151	184	64
-147	188	65
-145	194	67
-141	198	69
-137	203	70
-134	208	72
-129	212	74
-126	217	75
-122	223	77
-117	226	78
-113	230	80
-108	234	81
-100	230	80
-90	222	77
-81	214	74
-73	208	72
-65	200	69
-59	195	68
-49	177	61
-39	159	55
-36	159	55
-31	157	54
-27	157	55
-23	155	54
-20	156	54
-16	158	55
-12	155	54
-8	151	53
-5	149	52
-1	146	51
2	143	50
5	141	49
9	138	48
12	135	47
14	133	46
17	130	45
20	128	44
23	126	44
25	123	43
28	121	42
30	119	41
33	117	41
35	115	40
37	113	39
39	111	39
42	109	38
44	108	37
46	106	37
48	104	36
50	102	36
52	100	35
54	99	34
56	97	34
59	95	33
61	94	33
62	92	32
64	90	31
66	89	31
68	87	30
70	85	30
50	55	19
81	78	27
83	76	27
85	75	26
87	73	25
89	72	25
91	70	24
90	66	23
83	55	19
-179	29	8
-179	33	9
-182	38	10
-189	44	11
-189	49	13
-180	51	13
-190	58	15
-195	65	17
-156	56	15
-220	96	25
-218	101	26
-213	105	27
-209	109	28
-206	113	29
-202	117	30
-200	122	32
-197	127	33
-193	130	34
-190	135	35
-187	139	36
-183	143	37
-180	147	38
-177	151	39
-173	156	40
-170	160	41
-167	164	43
-163	168	44
-160	172	45
-156	176	46
-153	181	47
-150	185	48
-146	189	49
-142	194	50
-140	199	52
-134	202	52
-113	179	47
-108	180	47
-101	178	46
-93	173	45
-93	183	47
-90	186	48
-86	189	49
-96	224	58
-87	217	56
-79	210	55
-71	203	53
-63	197	51
-57	192	50
-51	187	49
-45	183	48
-33	167	43
-29	170	44
-25	166	43
-20	162	42
-16	156	41
-12	153	40
-8	150	39
-4	147	38
-1	145	38
2	142	37
5	139	36
8	136	35
12	134	35
14	130	34
17	127	33
20	124	32
22	124	32
25	121	31
28	122	32
30	120	31
33	117	30
35	116	30
37	114	30
39	111	29
42	110	29
44	108	28
46	106	28
48	104	27
50	103	27
52	101	26
54	99	26
56	98	25
58	96	25
60	94	24
62	92	24
64	91	24
66	89	23
68	88	23
70	86	22
17	15	4
17	14	4
17	14	4
17	14	4
18	13	3
84	74	19
85	72	19
93	63	16
-174	28	5
-175	32	6
-160	33	6
-154	36	6
-158	41	7
-166	47	8
-161	49	9
-151	50	9
-148	53	9
-143	55	10
-142	58	10
-213	104	18
-209	108	19
-207	113	20
-203	117	20
-200	122	21
-197	126	22
-193	130	23
-190	135	23
-187	139	24
-182	142	25
-179	146	25
-177	151	26
-174	156	27
-170	159	28
-166	163	28
-163	168	29
-159	172	30
-155	176	30
-152	180	31
-131	163	28
-127	165	29
-123	168	29
-117	169	29
-110	166	29
-106	168	29
-94	157	27
-96	169	29
-91	171	30
-87	173	30
-83	174	30
-78	174	30
-76	181	31
-74	185	32
-77	208	36
-69	201	35
-62	194	34
-56	191	33
-49	185	32
-44	180	31
-38	176	31
-33	172	30
-29	168	29
-24	164	29
-20	160	28
-15	157	27
-11	154	27
-8	151	26
-4	148	26
-1	145	25
3	142	25
6	139	24
9	137	24
12	135	23
15	132	23
17	130	23
20	127	22
23	125	22
25	123	21
28	121	21
30	119	21
33	117	20
35	115	20
37	113	20
40	111	19
42	109	19
13	21	4
12	21	4
13	20	4
13	20	3
14	19	3
14	19	3
14	18	3
15	17	3
15	17	3
15	17	3
15	16	3
16	16	3
16	15	3
16	15	3
17	14	2
17	14	2
17	13	2
18	13	2
83	52	9
-169	20	2
-169	24	2
-171	28	2
-157	30	3
-153	33	3
-149	36	3
-148	39	3
-155	45	4
-148	46	4
-146	49	4
-142	52	5
-141	55	5
-139	58	5
-138	61	5
-209	109	10
-206	113	10
-202	118	10
-200	122	11
-196	126	11
-193	130	11
-190	135	12
-186	139	12
-182	142	12
-178	146	13
-175	151	13
-172	155	14
-170	160	14
-166	163	14
-163	168	15
-158	171	15
-132	149	13
-121	144	13
-117	146	13
-108	142	12
-104	143	13
-99	143	12
-95	144	13
-95	152	13
-93	156	14
-87	154	13
-82	154	13
-79	156	14
-76	158	14
-72	161	14
-69	164	14
-67	170	15
-65	188	16
-58	182	16
-52	179	16
-48	177	16
-41	170	15
-38	174	15
-33	169	15
-28	166	15
-24	163	14
-19	158	14
-15	155	14
-12	153	13
-8	149	13
-4	146	13
-1	144	13
3	140	12
6	138	12
9	135	12
12	133	12
15	131	11
17	128	11
20	126	11
22	123	11
25	122	11
27	119	10
30	118	10
32	116	10
34	113	10
37	112	10
39	110	10
41	108	9
12	22	2
12	22	2
12	21	2
13	20	2
13	20	2
14	19	2
14	19	2
14	19	2
14	18	2
14	17	2
15	17	1
15	16	1
16	16	1
16	15	1
16	15	1
16	15	1
16	14	1
17	14	1
17	13	1
17	13	1
18	13	1
98	65	6
98	62	5
-163	17	0
-163	21	0
-167	25	0
-168	29	0
-153	30	0
-150	33	0
-146	36	0
-140	38	0
-153	45	0
-150	48	0
-146	50	0
-143	53	0
-141	56	0
-141	59	0
-141	63	0
-208	109	0
-204	114	0
-201	118	0
-197	122	0
-195	126	0
-192	131	0
-188	135	0
-184	138	0
-181	142	0
-178	146	0
-174	150	0
-171	154	0
-168	159	0
-165	163	0
-161	167	0
-157	171	0
-126	144	0
-118	141	0
-111	140	0
-106	140	0
-101	140	0
-98	142	0
-91	146	0
-86	146	0
-82	147	0
-81	153	0
-77	153	0
-73	155	0
-71	160	0
-71	169	0
-69	177	0
-69	189	0
-62	183	0
-56	179	0
-50	175	0
-45	173	0
-40	167	0
-34	161	0
-31	167	0
-27	163	0
-22	159	0
-18	156	0
-14	152	0
-10	149	0
-6	147	0
-3	144	0
0	141	0
4	138	0
7	136	0
10	133	0
13	130	0
15	128	0
18	126	0
21	124	0
23	122	0
26	119	0
28	118	0
31	115	0
33	114	0
35	112	0
38	110	0
40	108	0
42	106	0
12	22	0
12	21	0
12	21	0
13	20	0
13	20	0
13	19	0
13	19	0
14	18	0
14	17	0
15	17	0
15	17	0
15	16	0
16	15	0
16	15	0
16	15	0
16	14	0
17	14	0
17	13	0
17	13	0
17	12	0
18	12	0
98	64	0
98	61	0
130	38	0
-159	14	-1
-157	17	-2
-163	21	-2
-168	26	-2
-156	28	-2
-152	30	-3
-148	33	-3
-146	36	-3
-142	39	-3
-149	44	-4
-149	48	-4
-143	49	-4
-143	53	-5
-143	56	-5
-143	60	-5
-144	64	-6
-152	72	-6
-175	87	-8
-170	90	-8
-157	87	-8
-153	89	-8
-136	84	-8
-131	85	-8
-124	85	-8
-120	86	-8
-116	87	-8
-111	88	-8
-108	90	-8
-105	91	-8
-101	92	-8
-96	91	-8
-94	94	-8
-93	97	-9
-90	98	-9
-87	100	-9
-85	101	-9
-82	103	-9
-79	104	-9
-77	106	-10
-75	108	-10
-72	110	-10
-70	112	-10
-67	114	-10
-65	117	-11
-63	119	-11
-61	122	-11
-59	124	-11
-56	127	-11
-54	129	-12
-52	132	-12
-49	135	-12
-47	138	-12
-44	141	-13
-41	144	-13
-38	147	-13
-36	152	-14
-34	158	-14
-31	164	-15
-26	161	-15
-22	156	-14
-18	154	-14
-14	150	-14
-10	147	-13
-6	145	-13
-3	142	-13
1	139	-13
4	136	-12
7	133	-12
10	131	-12
13	129	-12
16	127	-11
18	124	-11
21	122	-11
24	119	-11
26	117	-11
29	115	-10
31	114	-10
33	112	-10
36	110	-10
38	108	-10
40	106	-10
42	104	-9
12	21	-2
12	20	-2
12	20	-2
13	20	-2
13	19	-2
13	19	-2
14	18	-2
14	17	-2
14	17	-2
14	17	-2
15	16	-1
15	16	-1
16	15	-1
16	15	-1
16	14	-1
17	13	-1
17	13	-1
17	13	-1
17	12	-1
18	12	-1
101	64	-6
98	60	-5
82	46	-4
83	45	-4
129	37	-3
132	35	-3
-159	8	-1
-153	11	-2
-153	14	-3
-158	18	-3
-163	22	-4
-169	26	-5
-159	28	-5
-156	31	-6
-150	34	-6
-147	36	-7
-144	39	-7
-144	42	-8
-146	46	-9
-138	47	-9
-135	49	-9
-133	52	-10
-130	54	-10
-125	56	-10
-121	57	-11
-118	59	-11
-114	60	-11
-112	62	-11
-109	64	-12
-107	66	-12
-105	68	-13
-104	71	-13
-102	72	-13
-99	74	-14
-97	76	-14
-95	78	-14
-93	80	-15
-92	82	-15
-90	84	-16
-88	87	-16
-87	90	-17
-85	91	-17
-83	94	-17
-81	96	-18
-79	98	-18
-77	101	-19
-75	103	-19
-73	105	-19
-72	108	-20
-69	110	-20
-67	112	-21
-65	114	-21
-62	117	-22
-61	119	-22
-58	122	-23
-56	125	-23
-54	128	-24
-51	131	-24
-49	134	-25
-46	136	-25
-43	137	-25
-40	140	-26
-38	148	-27
-35	150	-28
-32	151	-28
-28	152	-28
-25	158	-29
-21	154	-29
-17	151	-28
-13	148	-27
-9	145	-27
-5	142	-26
-2	140	-26
2	136	-25
5	133	-25
8	131	-24
11	129	-24
14	126	-23
17	124	-23
20	122	-23
22	120	-22
25	118	-22
27	115	-21
30	113	-21
32	112	-21
35	110	-20
37	108	-20
39	106	-20
41	104	-19
12	20	-4
12	20	-4
13	19	-4
13	19	-3
13	18	-3
13	18	-3
14	18	-3
14	17	-3
15	16	-3
15	16	-3
15	16	-3
15	15	-3
16	15	-3
16	14	-3
16	13	-2
17	13	-2
17	13	-2
17	12	-2
17	12	-2
57	32	-6
59	31	-6
67	32	-6
73	28	-5
133	33	-6
136	31	-6
-162	4	-1
-153	7	-2
-149	10	-3
-152	13	-4
-157	17	-5
-162	21	-6
-168	25	-7
-160	27	-8
-154	30	-8
-151	32	-9
-147	35	-10
-142	37	-11
-141	39	-11
-138	42	-12
-130	43	-12
-126	44	-13
-124	47	-13
-122	49	-14
-119	51	-15
-118	53	-15
-115	55	-16
-113	57	-16
-111	59	-17
-109	62	-18
-108	64	-18
-106	66	-19
-104	68	-19
-102	70	-20
-99	71	-20
-98	74	-21
-96	76	-22
-94	78	-22
-92	80	-23
-90	81	-23
-89	84	-24
-87	86	-25
-87	90	-26
-84	91	-26
-82	94	-27
-80	96	-27
-78	98	-28
-77	100	-29
-75	102	-29
-72	105	-30
-70	107	-31
-69	110	-31
-66	112	-32
-64	114	-33
-62	117	-33
-59	119	-34
-57	122	-35
-55	125	-36
-52	128	-36
-50	130	-37
-47	132	-38
-44	133	-38
-40	133	-38
-40	146	-42
-37	149	-43
-33	150	-43
-29	150	-43
-26	151	-43
-22	154	-44
-18	150	-43
-14	147	-42
-10	144	-41
-6	140	-40
-2	138	-39
1	135	-39
5	133	-38
8	130	-37
11	128	-37
14	125	-36
17	123	-35
20	120	-34
22	119	-34
25	116	-33
28	114	-33
30	112	-32
32	110	-31
35	108	-31
37	106	-30
39	104	-30
42	103	-29
12	20	-6
13	19	-6
13	19	-5
13	19	-5
13	18	-5
14	17	-5
14	17	-5
14	17	-5
15	16	-5
15	15	-4
15	15	-4
16	14	-4
16	14	-4
16	13	-4
16	13	-4
17	13	-4
17	12	-3
17	12	-3
17	12	-3
52	23	-6
62	20	-6
78	20	-6
142	26	-7
