-208	40	21
-188	41	22
-193	51	27
-189	55	29
-195	61	32
-193	65	35
-196	71	38
-193	75	40
-194	80	42
-194	85	45
-194	90	48
-478	245	130
-473	256	136
-265	153	81
-251	152	81
-236	151	80
-189	127	68
-190	134	71
-188	140	74
-188	147	78
-175	143	76
-168	144	76
-160	144	76
-151	142	76
-143	141	75
-136	141	75
-130	141	75
-123	140	75
-117	140	75
-110	138	73
-104	137	73
-99	137	73
-93	137	73
-93	143	76
-92	149	79
-92	156	83
-9	20	11
-7	19	10
-40	240	128
-33	229	122
-27	228	121
-21	229	122
-15	228	121
-9	225	120
-4	225	119
2	224	119
7	223	119
13	226	120
18	223	119
23	222	118
29	221	118
34	221	117
40	219	116
45	219	117
51	220	117
56	218	116
63	223	119
68	219	117
74	220	117
80	219	116
87	220	117
93	220	117
98	218	116
104	218	116
110	216	115
109	201	107
108	189	101
108	178	95
88	137	73
88	129	68
90	126	67
92	122	65
93	118	63
95	115	61
98	113	60
101	110	59
101	105	56
100	100	53
100	95	50
99	90	48
99	86	46
99	81	43
98	77	41
98	73	39
95	68	36
95	64	34
95	61	32
94	57	30
98	57	30
97	53	28
97	50	27
96	47	25
96	45	24
96	42	22
-209	41	18
-186	41	18
-186	45	20
-195	52	23
-190	55	24
-196	62	27
-196	72	31
-194	81	36
-194	87	38
-194	92	40
-474	247	108
-475	262	115
-264	155	68
-251	155	68
-235	153	67
-189	130	57
-188	136	59
-188	142	62
-188	149	65
-176	147	64
-168	147	64
-159	146	64
-150	144	63
-143	143	63
-137	144	63
-130	143	63
-124	143	63
-117	143	62
-110	140	61
-104	139	61
-99	140	61
-94	139	61
-93	144	63
-92	151	66
-5	22	10
-28	230	100
-22	229	100
-17	230	101
-11	229	100
-6	229	100
0	229	100
5	228	100
11	231	101
16	228	100
30	209	91
35	209	92
41	210	92
45	207	91
54	222	97
60	222	97
65	220	96
66	207	91
72	206	90
77	206	90
82	205	89
87	203	89
92	202	88
99	204	89
104	202	89
109	199	87
108	187	82
107	175	77
106	164	72
90	131	57
91	126	55
91	120	53
95	119	52
96	116	51
100	115	50
101	110	48
100	104	46
100	99	43
100	94	41
99	89	39
99	85	37
98	81	35
98	77	34
96	71	31
93	66	29
98	66	29
98	63	27
98	60	26
97	56	25
97	53	23
96	50	22
96	47	21
96	44	19
96	42	18
-180	40	14
-197	48	17
-192	52	18
-189	56	19
-196	62	22
-194	67	23
-196	73	25
-194	77	27
-194	82	29
-194	88	30
-194	93	32
-455	241	84
-276	155	54
-262	156	54
-245	153	53
-231	152	53
-190	132	46
-189	138	48
-187	144	50
-184	148	51
-175	148	51
-165	146	51
-157	146	51
-148	144	50
-142	145	50
-134	143	50
-126	142	49
-121	143	50
-115	143	50
-108	140	49
-101	139	48
-96	138	48
-10	19	7
-7	18	6
-7	19	6
-4	23	8
-17	244	85
-11	244	85
-5	243	84
0	241	84
6	242	84
12	240	83
18	241	84
23	241	84
28	239	83
34	240	83
40	239	83
46	239	83
52	240	83
57	237	82
63	237	82
69	236	82
75	236	82
81	236	82
87	236	82
93	235	81
99	234	81
105	234	81
112	233	81
110	216	75
109	203	70
108	188	65
107	177	61
107	168	58
94	140	48
98	131	46
99	126	44
103	126	44
103	119	41
101	112	39
101	106	37
100	100	35
101	96	33
100	87	30
100	83	29
99	78	27
99	75	26
98	71	24
98	67	23
98	63	22
98	60	21
98	57	20
97	54	19
97	50	17
96	47	16
96	45	15
96	42	14
96	39	14
-145	24	6
-185	43	11
-195	50	13
-191	54	14
-189	58	15
-196	65	17
-195	70	18
-188	72	19
-194	80	21
-195	86	22
-193	90	23
-433	236	61
-265	154	40
-250	153	40
-235	152	40
-190	130	34
-188	135	35
-187	141	37
-186	147	38
-178	147	38
-168	146	38
-158	144	37
-150	143	37
-143	144	37
-137	144	37
-128	142	37
-122	141	37
-117	142	37
-110	140	36
-104	139	36
-98	138	36
-10	19	5
-9	18	5
-8	18	5
-6	17	5
-6	17	4
-6	17	5
-5	17	5
-15	242	63
-10	241	63
-4	240	62
2	241	63
8	241	63
13	240	62
19	239	62
24	238	62
30	238	62
35	237	62
41	237	62
47	238	62
52	237	62
58	237	62
64	236	61
69	235	61
65	203	53
69	200	52
68	182	47
76	189	49
80	187	49
85	186	48
90	185	48
109	214	56
109	201	52
109	189	49
107	177	46
107	167	43
106	157	41
106	149	39
105	140	36
104	133	35
104	126	33
103	119	31
103	113	29
102	107	28
102	102	27
101	97	25
100	92	24
101	87	23
100	83	22
100	79	20
99	74	19
99	71	18
98	67	17
98	63	16
98	60	16
97	57	15
97	53	14
96	50	13
96	47	12
96	44	11
95	41	11
96	39	10
95	36	9
-146	21	4
-141	23	4
-185	43	8
-198	51	9
-190	54	9
-189	58	10
-196	66	11
-193	70	12
-188	73	13
-194	80	14
-193	85	15
-193	91	16
-191	95	17
-420	231	40
-265	155	27
-248	153	26
-234	152	26
-190	130	23
-189	136	24
-189	143	25
-184	146	25
-176	146	25
-166	145	25
-156	143	25
-149	143	25
-142	143	25
-134	142	25
-128	142	25
-122	141	25
-116	141	25
-109	139	24
-103	138	24
-97	138	24
-9	18	3
-9	18	3
-6	17	3
-6	17	3
-5	17	3
-5	17	3
-5	17	3
-14	240	42
-9	241	42
-3	240	42
2	241	42
8	240	42
14	239	42
19	238	41
24	239	41
30	238	41
35	238	41
41	237	41
41	208	36
46	206	36
50	204	35
54	198	34
57	192	33
56	174	30
62	177	31
68	181	32
70	175	30
73	171	30
77	168	29
81	166	29
86	166	29
93	171	30
103	179	31
100	165	29
101	158	27
102	151	26
100	142	25
105	141	24
104	133	23
104	126	22
103	119	21
103	114	20
102	108	19
102	102	18
101	97	17
101	92	16
101	88	15
100	83	14
100	79	14
99	75	13
99	71	12
98	67	12
98	63	11
98	60	10
97	57	10
97	53	9
97	50	9
97	47	8
96	44	8
96	41	7
96	39	7
95	36	6
96	33	6
-149	17	1
-143	19	2
-139	22	2
-134	25	2
-140	29	3
-190	53	5
-189	57	5
-196	64	6
-195	69	6
-187	71	6
-194	79	7
-194	84	7
-193	89	8
-402	218	19
-263	152	13
-251	153	13
-234	150	13
-191	129	11
-189	134	12
-189	141	12
-187	146	13
-177	145	13
-167	144	13
-159	144	13
-149	142	12
-142	142	12
-136	142	12
-129	141	12
-122	140	12
-117	140	12
-109	138	12
-103	137	12
-98	137	12
-9	18	2
-8	18	2
-8	18	2
-6	17	1
-6	17	1
-6	17	2
-5	17	1
-5	17	2
-23	250	22
-16	239	21
-10	239	21
-5	239	21
1	238	21
6	238	21
12	236	21
18	239	21
23	236	21
28	237	21
34	237	21
33	194	17
36	187	16
39	179	16
42	173	15
46	170	15
50	169	15
55	174	15
59	172	15
62	166	14
65	163	14
69	163	14
72	160	14
76	158	14
81	159	14
87	160	14
99	173	15
102	169	15
102	160	14
101	151	13
100	143	12
97	130	11
104	134	12
104	128	11
103	120	11
103	114	10
102	109	10
102	103	9
101	98	9
101	93	8
101	89	8
100	84	7
99	79	7
100	76	7
99	72	6
99	68	6
98	64	6
98	61	5
98	58	5
97	54	5
97	51	4
96	48	4
96	45	4
96	42	4
96	39	3
95	37	3
95	34	3
95	32	3
-146	15	0
-140	18	0
-139	21	0
-132	23	0
-133	26	0
-139	31	0
-143	35	0
-196	61	0
-195	66	0
-193	71	0
-195	76	0
-194	81	0
-193	86	0
-194	92	0
-320	168	0
-275	153	0
-257	151	0
-245	152	0
-183	120	0
-189	130	0
-188	136	0
-188	143	0
-181	144	0
-172	144	0
-164	144	0
-153	141	0
-146	141	0
-139	140	0
-132	140	0
-126	140	0
-120	139	0
-113	138	0
-106	136	0
-101	136	0
-95	135	0
-9	18	0
-8	18	0
-8	18	0
-7	17	0
-7	17	0
-6	17	0
-6	17	0
-5	17	0
-5	17	0
-5	18	0
-11	155	0
-8	156	0
-4	156	0
0	156	0
3	156	0
7	150	0
11	157	0
15	165	0
19	166	0
23	164	0
25	149	0
28	149	0
34	162	0
38	161	0
42	161	0
46	161	0
50	160	0
54	160	0
58	159	0
63	161	0
67	161	0
72	161	0
76	160	0
82	163	0
88	165	0
101	171	0
101	161	0
101	154	0
102	147	0
99	137	0
98	128	0
104	130	0
104	123	0
103	116	0
102	111	0
102	105	0
102	100	0
101	95	0
101	90	0
101	86	0
100	81	0
100	77	0
99	73	0
99	69	0
98	65	0
98	62	0
98	59	0
97	55	0
97	52	0
96	49	0
96	46	0
96	43	0
96	41	0
96	38	0
95	35	0
95	33	0
94	30	0
94	27	0
-147	12	-1
-142	14	-1
-140	17	-2
-139	20	-2
-129	22	-2
-131	26	-2
-133	29	-3
-143	34	-3
-127	34	-3
-196	65	-6
-190	68	-6
-195	75	-7
-193	79	-7
-194	85	-8
-130	61	-6
-127	63	-6
-189	121	-11
-189	128	-12
-188	133	-12
-188	140	-13
-183	143	-13
-174	142	-13
-165	142	-13
-155	139	-13
-147	139	-13
-141	140	-13
-132	137	-12
-127	138	-12
-120	137	-12
-115	137	-12
-107	135	-12
-101	134	-12
-96	134	-12
-9	17	-2
-8	18	-2
-7	17	-2
-6	16	-1
-6	17	-2
-5	17	-2
-5	17	-2
-5	17	-2
-13	132	-12
-9	132	-12
-6	131	-12
-3	131	-12
0	130	-12
3	130	-12
6	129	-12
10	130	-12
12	130	-12
16	129	-12
19	129	-12
22	129	-12
25	129	-12
28	129	-12
31	128	-12
34	128	-12
38	128	-12
41	127	-11
44	127	-11
47	127	-11
51	126	-11
54	126	-11
58	126	-11
61	125	-11
64	125	-11
68	125	-11
72	125	-11
76	124	-11
80	124	-11
84	124	-11
88	123	-11
93	125	-11
98	126	-11
104	127	-11
103	120	-11
103	114	-10
103	108	-10
102	103	-9
102	98	-9
101	93	-8
101	88	-8
101	84	-8
100	80	-7
99	75	-7
99	71	-6
99	68	-6
99	64	-6
98	61	-5
98	57	-5
97	54	-5
97	51	-5
97	48	-4
96	45	-4
96	42	-4
96	40	-4
96	37	-3
95	34	-3
95	32	-3
94	29	-3
94	27	-2
94	25	-2
95	22	-2
-144	9	-2
-140	12	-2
-140	15	-3
-140	18	-3
-139	21	-4
-127	22	-4
-128	26	-5
-131	29	-5
-135	33	-6
-136	36	-7
-108	40	-7
-122	54	-10
-119	56	-10
-192	105	-19
-191	110	-20
-191	116	-21
-191	121	-22
-189	126	-23
-188	132	-24
-187	138	-26
-184	142	-26
-174	141	-26
-165	140	-26
-157	140	-26
-148	138	-26
-141	138	-26
-134	137	-25
-127	137	-25
-120	136	-25
-115	136	-25
-107	133	-25
-102	133	-25
-97	133	-25
-9	17	-3
-8	17	-3
-7	17	-3
-6	17	-3
-6	16	-3
-5	16	-3
-5	17	-3
-5	17	-3
-4	18	-3
-11	129	-24
-8	130	-24
-5	129	-24
-2	129	-24
1	128	-24
5	128	-24
8	128	-24
11	128	-24
14	128	-24
17	128	-24
20	127	-24
24	127	-23
27	127	-23
30	127	-23
33	126	-23
36	126	-23
39	125	-23
43	125	-23
46	125	-23
49	125	-23
53	124	-23
56	124	-23
60	124	-23
63	123	-23
67	123	-23
71	122	-23
74	122	-23
78	121	-22
82	121	-22
87	122	-23
91	121	-22
94	119	-22
103	126	-23
103	120	-22
103	114	-21
102	108	-20
102	103	-19
101	97	-18
101	92	-17
101	88	-16
101	84	-15
100	79	-15
100	75	-14
99	71	-13
99	68	-13
98	64	-12
98	61	-11
98	57	-11
98	54	-10
97	51	-9
97	48	-9
96	45	-8
96	42	-8
96	40	-7
96	37	-7
95	35	-6
95	32	-6
95	30	-6
94	27	-5
94	25	-5
94	23	-4
94	21	-4
94	19	-3
-146	5	-1
-141	8	-2
-140	11	-3
-140	14	-4
-139	17	-5
-139	20	-6
-126	21	-6
-123	23	-7
-123	26	-7
-124	28	-8
-128	32	-9
-127	35	-10
-111	33	-10
-108	35	-10
-107	37	-11
-106	40	-11
-106	42	-12
-109	49	-14
-120	57	-16
-114	57	-16
-108	57	-16
-100	62	-18
-188	132	-38
-187	138	-39
-183	141	-40
-172	139	-40
-163	139	-40
-155	138	-39
-146	136	-39
-139	136	-39
-132	135	-39
-125	135	-39
-119	134	-38
-113	134	-38
-106	132	-38
-101	132	-38
-9	17	-5
-8	16	-5
-7	16	-5
-7	16	-5
-6	16	-5
-6	16	-5
-5	16	-5
-5	16	-5
-5	16	-5
-4	17	-5
-9	127	-36
-6	127	-36
-3	127	-36
1	126	-36
4	125	-36
7	127	-36
10	127	-36
13	126	-36
17	127	-36
20	126	-36
23	126	-36
27	126	-36
30	126	-36
33	125	-36
36	125	-36
40	125	-36
43	124	-35
46	123	-35
50	123	-35
53	123	-35
57	123	-35
60	122	-35
64	122	-35
67	121	-35
70	120	-34
74	119	-34
77	118	-34
81	118	-34
88	122	-35
91	120	-34
95	119	-34
96	114	-33
103	118	-34
103	111	-32
102	106	-30
102	101	-29
101	95	-27
101	91	-26
101	86	-25
100	82	-23
100	78	-22
100	74	-21
99	70	-20
99	66	-19
99	63	-18
98	60	-17
98	56	-16
98	53	-15
97	50	-14
97	47	-14
96	45	-13
96	42	-12
96	39	-11
96	37	-11
95	34	-10
95	32	-9
95	29	-8
95	27	-8
94	25	-7
94	23	-6
94	21	-6
94	18	-5
93	16	-5
94	14	-4
