0	0	0
-171	37	28
-167	40	30
-168	44	32
-170	48	36
-174	52	39
-179	58	43
-183	63	47
-126	52	39
-122	53	40
-119	55	41
-168	85	63
-164	87	65
-164	92	68
-166	97	72
-100	62	46
-77	51	38
-75	52	38
-73	53	39
-72	55	40
-72	57	42
-77	63	47
-74	63	47
-71	64	47
-68	64	48
-66	64	48
-63	65	48
-61	65	48
-59	66	49
-57	67	49
-56	69	51
-53	68	51
-50	68	51
-49	69	51
-48	71	53
-48	75	56
-112	178	132
-105	177	131
-102	180	133
-98	184	136
-94	186	138
-90	190	141
-90	201	149
-82	197	146
-78	201	149
-77	213	158
-72	216	161
-68	219	163
-62	220	163
-56	221	164
-51	222	165
-45	222	165
-39	222	165
-34	222	165
-28	223	165
-22	223	166
-17	223	166
-11	224	166
-6	225	167
0	224	166
6	224	166
11	216	160
16	203	151
20	193	144
24	186	138
28	182	135
32	176	131
35	173	128
39	168	125
43	167	124
47	164	122
50	160	119
53	156	116
56	153	114
59	150	111
61	144	107
63	140	104
66	137	101
69	136	101
76	141	104
84	147	109
93	154	114
103	162	121
115	173	128
118	169	126
122	166	123
125	163	121
127	158	117
131	155	115
133	151	112
136	147	109
139	144	107
142	141	104
145	138	102
147	133	99
150	130	97
153	127	94
155	124	92
158	120	89
161	117	87
164	114	85
166	111	82
168	107	80
173	105	78
413	232	173
450	242	179
456	233	173
-168	37	23
-165	40	25
-167	44	28
-171	48	31
-175	53	34
-179	58	37
-183	64	40
-188	70	44
-190	75	47
-122	55	35
-121	57	36
-121	60	38
-163	89	56
-165	94	60
-98	60	38
-97	62	39
-94	63	40
-90	63	40
-74	55	35
-72	55	35
-70	57	36
-69	58	37
-68	60	38
-68	62	39
-67	64	41
-64	65	41
-62	65	41
-60	66	42
-58	67	42
-57	68	43
-56	70	44
-52	69	44
-49	68	43
-47	69	44
-45	70	44
-44	71	45
-44	74	47
-108	185	117
-101	182	115
-98	187	118
-94	190	120
-90	193	122
-86	197	125
-81	197	124
-78	203	129
-74	206	130
-69	209	132
-65	213	135
-62	220	139
-59	230	146
-54	235	149
-48	231	146
-44	244	154
-39	249	158
-33	252	159
-27	253	160
-21	254	161
-15	252	159
-2	220	139
3	212	134
8	209	132
13	202	128
17	200	127
21	194	123
26	191	121
29	185	117
33	177	112
37	175	111
40	170	108
44	168	107
46	162	103
49	158	100
53	156	99
56	154	97
58	148	94
61	146	92
64	144	91
65	138	87
69	137	86
75	140	89
82	146	92
88	149	94
102	164	104
115	176	111
101	147	93
127	161	102
130	157	99
133	154	97
135	150	95
138	146	93
141	142	90
144	139	88
146	136	86
150	133	84
152	130	82
151	123	78
155	121	76
157	117	74
159	113	72
165	112	71
167	109	69
170	106	67
453	236	149
457	226	143
-166	37	20
-165	40	21
-167	44	24
-171	49	26
-175	54	29
-180	59	32
-184	65	35
-189	71	38
-194	78	41
-200	85	45
-187	84	45
-176	84	45
-167	84	45
-160	85	45
-161	90	48
-102	61	32
-98	61	33
-95	62	33
-93	64	34
-90	65	34
-83	62	33
-77	61	32
-71	59	31
-69	60	32
-67	60	32
-64	61	32
-62	62	33
-60	62	33
-59	63	34
-57	64	34
-55	65	35
-54	66	35
-52	67	36
-50	68	36
-49	69	37
-46	69	37
-45	71	38
-44	73	39
-44	76	40
-97	190	101
-93	192	102
-88	194	103
-86	200	107
-80	198	105
-77	205	109
-73	207	110
-69	214	114
-65	218	116
-61	220	117
-58	229	122
-53	233	124
-48	236	125
-43	240	128
-38	242	129
-33	248	132
-28	255	135
-21	247	132
-15	239	127
-9	234	124
-3	224	119
2	217	115
7	214	114
12	210	112
16	206	109
20	200	106
24	193	103
28	189	101
32	185	98
35	176	94
39	175	93
42	172	92
45	167	89
48	163	87
50	155	82
52	151	80
56	149	80
58	146	78
61	144	77
64	141	75
67	139	74
69	136	72
78	144	77
86	153	82
76	127	67
78	124	66
81	122	65
83	119	63
85	116	62
122	154	82
131	158	84
133	153	82
136	150	80
139	147	78
142	144	77
144	140	74
148	137	73
143	126	67
149	126	67
153	124	66
148	115	61
158	117	62
161	115	61
165	112	60
168	109	58
173	107	57
462	239	127
456	224	119
-163	30	13
-162	33	14
-161	36	16
-165	41	18
-169	46	20
-172	50	22
-159	50	22
-182	61	27
-187	67	30
-192	74	32
-198	81	35
-204	93	41
-203	98	43
-198	101	44
-102	56	25
-99	57	25
-96	59	26
-95	61	27
-95	64	28
-95	67	29
-97	71	31
-81	62	27
-78	63	28
-73	61	27
-69	61	27
-66	61	27
-64	62	27
-63	63	28
-61	64	28
-60	66	29
-59	68	30
-55	67	29
-54	67	29
-52	68	30
-50	69	30
-48	70	30
-46	70	31
-45	71	31
-44	73	32
-97	182	79
-95	187	82
-90	187	82
-88	195	85
-81	190	83
-78	196	86
-75	201	88
-71	205	90
-69	214	94
-65	216	95
-59	215	94
-56	222	97
-51	224	98
-47	231	101
-42	233	102
-38	241	105
-33	245	107
-27	244	107
-22	243	106
-16	236	103
-10	229	100
-5	225	98
0	218	95
5	211	92
10	211	92
14	200	87
18	193	84
22	187	82
25	183	80
29	177	78
32	172	75
35	165	72
38	162	71
42	163	71
45	159	70
47	156	68
50	153	67
53	150	66
56	148	65
59	145	64
62	142	62
64	139	61
66	135	59
69	135	59
71	130	57
73	128	56
76	125	55
78	122	54
80	120	52
82	117	51
84	114	50
125	158	69
128	154	68
132	152	66
135	149	65
137	145	63
140	142	62
142	137	60
138	128	56
143	127	55
144	123	54
143	116	51
144	112	49
148	110	48
159	113	50
164	112	49
167	108	47
169	105	46
424	230	101
454	234	102
457	224	98
467	216	95
-161	28	10
-159	31	11
-159	34	12
-164	39	14
-168	43	15
-172	49	17
-157	48	17
-157	52	18
-155	59	20
-156	63	22
-159	68	24
-206	93	32
-104	51	18
-101	52	18
-99	54	19
-98	56	19
-97	58	20
-98	62	21
-166	118	41
-80	61	21
-74	59	21
-71	60	21
-68	60	21
-65	60	21
-63	61	21
-61	61	21
-60	63	22
-58	63	22
-57	65	23
-56	67	23
-55	69	24
-54	71	25
-53	72	25
-52	74	26
-51	76	26
-52	81	28
-100	176	61
-97	179	62
-94	183	64
-90	186	64
-89	193	67
-81	188	65
-78	192	67
-74	194	67
-72	202	70
-70	210	73
-67	216	75
-60	213	74
-56	216	75
-52	221	77
-49	226	78
-44	229	80
-40	234	81
-35	240	83
-30	240	83
-25	244	85
-19	241	84
-14	236	82
-8	231	80
-3	226	79
2	219	76
7	209	73
11	202	70
15	202	70
19	191	66
22	185	64
26	181	63
29	176	61
32	168	58
35	163	57
38	160	56
42	161	56
44	157	55
47	153	53
50	151	52
53	148	51
56	147	51
58	143	50
61	140	49
64	138	48
65	134	47
68	132	46
71	130	45
73	127	44
75	125	43
77	122	42
79	119	41
81	117	40
83	114	40
122	147	51
125	144	50
128	141	49
129	137	48
141	137	48
137	128	44
140	124	43
143	122	42
144	117	41
147	115	40
150	112	39
155	110	38
160	109	38
167	109	38
169	105	37
171	102	35
452	222	77
461	214	74
268	116	40
-156	27	7
-157	31	8
-162	35	9
-164	40	10
-169	44	12
-171	49	13
-157	49	13
-157	53	14
-158	56	15
-153	58	15
-154	63	16
-103	48	12
-100	50	13
-99	52	13
-98	54	14
-99	58	15
-174	119	31
-165	118	31
-78	60	16
-72	59	15
-69	59	15
-66	59	15
-64	59	15
-62	60	16
-60	61	16
-58	62	16
-57	63	16
-56	65	17
-55	66	17
-53	67	17
-52	69	18
-51	71	18
-50	73	19
-50	75	19
-50	78	20
-49	82	21
-40	77	20
-38	78	20
-37	81	21
-77	191	50
-73	192	50
-71	200	52
-69	208	54
-65	213	55
-59	208	54
-55	213	55
-52	218	57
-49	226	59
-44	227	59
-39	231	60
-35	238	62
-30	237	62
-25	242	63
-19	238	62
-14	236	61
-9	229	60
-3	224	58
1	217	56
6	206	54
10	201	52
15	200	52
18	191	50
22	186	48
25	181	47
28	177	46
31	167	43
34	164	43
36	159	41
40	159	41
43	156	41
46	153	40
49	151	39
52	149	39
54	145	38
57	143	37
60	142	37
62	139	36
64	135	35
66	132	34
70	132	34
71	128	33
73	124	32
75	122	32
77	120	31
79	117	30
81	115	30
83	112	29
86	110	29
131	149	39
129	141	37
130	135	35
132	132	34
143	137	36
142	130	34
143	125	32
151	127	33
153	123	32
156	120	31
162	114	30
164	110	29
167	107	28
170	104	27
173	100	26
453	217	56
463	210	55
266	113	29
-154	27	5
-157	31	5
-161	35	6
-164	39	7
-169	44	8
-164	47	8
-157	49	8
-156	52	9
-157	56	10
-151	58	10
-152	62	11
-103	46	8
-100	47	8
-99	49	9
-99	52	9
-140	93	16
-170	117	20
-164	119	21
-73	59	10
-69	59	10
-66	59	10
-64	60	10
-62	60	10
-60	61	11
-58	62	11
-56	63	11
-55	64	11
-53	65	11
-53	67	12
-52	69	12
-50	70	12
-50	72	13
-49	75	13
-44	71	12
-42	71	12
-41	73	13
-89	187	33
-86	190	33
-80	188	33
-76	190	33
-71	191	33
-70	198	34
-68	209	36
-64	211	37
-58	207	36
-55	214	37
-51	218	38
-47	225	39
-42	226	39
-38	231	40
-34	236	41
-29	234	41
-24	240	42
-19	238	41
-13	233	40
-8	226	39
-3	224	39
2	215	37
7	204	35
11	200	35
15	199	35
18	188	33
22	183	32
26	179	31
29	174	30
31	164	29
34	162	28
37	158	27
40	157	27
43	154	27
46	152	26
49	150	26
52	147	26
54	144	25
57	142	25
60	141	24
63	138	24
64	134	23
66	131	23
70	131	23
71	126	22
73	124	21
75	121	21
77	118	21
79	116	20
82	114	20
84	111	19
128	151	26
131	148	26
130	141	24
132	136	24
143	136	24
142	129	22
143	124	21
150	125	22
154	122	21
157	120	21
163	113	20
165	110	19
168	106	18
170	103	18
169	97	17
440	220	38
458	217	38
464	207	36
268	112	19
189	73	13
195	71	12
-152	24	2
-154	28	2
-159	32	3
-163	37	3
-167	41	4
-172	47	4
-159	47	4
-157	50	4
-157	54	5
-154	56	5
-151	59	5
-102	43	4
-100	45	4
-99	47	4
-166	116	10
-165	120	11
-76	60	5
-72	59	5
-68	59	5
-64	58	5
-63	59	5
-61	60	5
-60	61	5
-58	62	5
-56	63	6
-55	64	6
-53	65	6
-51	66	6
-51	69	6
-49	69	6
-46	68	6
-44	68	6
-42	69	6
-42	71	6
-94	179	16
-90	181	16
-88	186	16
-82	183	16
-79	187	16
-74	188	16
-70	191	17
-68	197	17
-67	208	18
-61	205	18
-55	203	18
-53	212	19
-50	218	19
-46	224	20
-41	225	20
-37	230	20
-33	235	21
-27	230	20
-23	245	21
-17	235	21
-12	230	20
-6	223	19
-1	217	19
3	209	18
8	203	18
12	198	17
16	195	17
19	185	16
23	180	16
26	176	15
28	162	14
32	161	14
35	158	14
37	155	14
41	155	14
44	152	13
46	149	13
50	148	13
52	145	13
55	142	12
58	140	12
60	138	12
63	136	12
64	132	12
67	129	11
70	129	11
71	125	11
73	121	11
76	119	10
78	117	10
80	114	10
81	112	10
83	109	10
122	141	12
130	145	13
135	143	13
129	131	11
142	133	12
142	126	11
143	122	11
151	123	11
154	120	11
158	118	10
162	111	10
164	107	9
168	104	9
170	101	9
434	225	20
455	223	20
462	214	19
455	199	17
269	110	10
192	73	6
195	69	6
200	66	6
