0	0	0
-201	48	35
-201	52	38
-211	59	44
-221	66	49
-231	74	55
-246	84	62
-259	94	70
-263	114	85
-244	124	92
-241	129	96
-241	149	111
-230	150	111
-220	150	111
-209	149	111
-197	147	109
-174	149	110
-190	170	126
-185	173	128
-188	184	137
-208	212	157
-206	219	163
-196	219	163
-187	219	163
-179	220	163
-170	219	162
-162	220	163
-155	220	163
-146	219	163
-139	219	163
-131	218	162
-125	219	163
-118	219	163
-111	220	163
-105	221	164
-97	219	162
-91	219	162
-85	219	163
-78	219	162
-70	212	158
-62	206	153
-55	201	149
-48	196	145
-42	191	142
-36	187	139
-30	181	135
-25	178	132
-20	175	130
-15	172	127
-10	168	124
-5	163	121
-1	161	119
3	157	117
7	154	114
11	151	112
25	120	89
28	120	89
32	93	69
35	93	69
33	82	61
36	82	61
38	81	60
45	92	68
59	108	80
64	105	78
66	102	76
69	100	74
71	99	74
65	71	52
68	70	52
71	70	52
74	70	52
77	70	52
81	71	52
85	71	52
89	70	52
93	71	53
97	70	52
82	54	40
120	70	52
123	68	50
125	66	49
128	64	48
131	62	46
-197	44	28
-198	48	31
-200	53	34
-211	61	38
-221	68	43
-235	78	49
-245	87	55
-259	97	62
-243	103	65
-261	117	74
-261	124	78
-237	119	75
-245	129	82
-243	135	85
-246	158	100
-237	159	101
-230	162	103
-220	162	103
-206	160	101
-202	163	103
-193	164	104
-169	164	104
-193	195	124
-207	219	138
-204	226	143
-200	232	147
-197	239	151
-164	241	152
-156	242	153
-148	241	153
-141	243	154
-134	243	154
-126	243	154
-118	242	153
-112	244	154
-90	211	133
-93	232	147
-84	224	142
-75	218	138
-67	212	134
-60	206	130
-53	202	128
-47	198	125
-40	191	121
-35	187	118
-29	183	116
-24	178	112
-19	175	111
-14	172	109
-10	169	107
-6	165	104
-2	162	103
3	158	100
6	156	99
10	153	97
16	109	69
18	106	67
21	104	66
24	105	67
25	103	65
29	105	67
27	88	56
31	87	55
35	92	58
37	90	57
40	90	57
41	86	55
42	85	54
50	80	51
53	80	51
57	78	50
61	81	51
64	80	51
67	81	51
71	81	51
74	81	51
77	81	51
81	81	51
85	81	51
89	82	52
93	81	52
94	79	50
105	81	51
108	80	50
110	77	49
113	76	48
116	74	47
118	72	46
120	70	44
123	68	43
125	66	42
128	64	41
131	62	39
-194	41	22
-189	44	24
-196	50	27
-204	57	30
-214	64	34
-223	72	38
-239	83	44
-250	93	49
-266	105	56
-272	114	61
-232	122	65
-248	137	73
-238	139	74
-238	146	77
-232	149	79
-229	154	82
-230	162	86
-230	170	90
-233	180	96
-227	183	98
-220	186	99
-214	189	101
-205	190	101
-196	190	101
-187	189	101
-179	190	101
-172	190	101
-150	191	101
-146	195	104
-144	202	107
-145	213	113
-171	277	147
-166	282	150
-156	280	149
-141	269	143
-127	257	137
-117	251	134
-94	215	114
-87	212	113
-79	221	118
-71	215	114
-63	209	111
-57	204	108
-50	199	106
-44	193	103
-38	188	100
-33	185	99
-27	180	96
-22	177	94
-18	175	93
-13	171	91
-9	167	89
-5	163	87
-1	160	85
3	157	84
6	154	82
10	151	80
13	148	79
18	105	56
20	104	55
22	100	53
32	93	50
37	93	50
39	93	49
42	93	50
45	93	50
47	93	50
50	94	50
53	94	50
56	94	50
59	94	50
62	94	50
65	94	50
72	94	50
79	94	50
81	93	49
86	94	50
89	93	49
91	91	48
93	89	47
96	87	46
98	85	45
100	83	44
103	82	43
105	80	43
107	78	41
110	76	41
112	74	39
114	73	39
117	71	38
119	68	36
122	67	35
125	65	34
128	63	33
109	50	27
-200	37	16
-190	39	17
-191	44	19
-199	50	22
-209	57	25
-219	65	28
-232	74	33
-248	85	37
-260	96	42
-273	107	47
-270	113	49
-268	119	52
-262	124	54
-258	128	56
-257	135	59
-253	140	61
-249	145	64
-220	135	59
-215	138	60
-205	159	70
-214	174	76
-209	177	78
-209	186	81
-202	188	82
-198	193	85
-195	198	87
-191	203	89
-187	208	91
-194	226	99
-190	231	101
-187	238	104
-176	236	103
-176	247	108
-168	248	108
-159	246	108
-151	246	108
-144	247	108
-136	247	108
-129	246	108
-110	236	103
-88	203	89
-76	200	87
-75	211	92
-67	203	89
-60	198	86
-54	193	84
-48	189	82
-43	185	81
-37	181	79
-32	178	78
-27	174	76
-22	170	74
-18	167	73
-14	164	72
-10	160	70
-6	158	69
-2	155	68
1	152	66
5	149	65
8	147	64
11	145	63
21	139	61
27	121	53
30	120	53
32	119	52
46	125	55
48	120	52
50	118	52
52	116	51
55	114	50
57	112	49
59	110	48
62	109	48
64	107	47
67	106	46
69	104	46
71	102	45
73	101	44
76	99	43
78	97	42
79	94	41
81	93	41
85	92	40
87	90	40
89	89	39
91	87	38
93	85	37
96	84	37
98	82	36
101	80	35
103	78	34
106	77	34
108	75	33
110	73	32
113	71	31
115	69	30
118	68	30
111	60	26
110	56	25
111	54	24
106	48	21
108	46	20
-196	36	12
-186	38	13
-191	43	15
-199	50	17
-209	57	20
-220	65	23
-233	74	26
-247	85	30
-262	96	33
-274	108	37
-269	113	39
-266	118	41
-261	123	43
-262	131	45
-255	134	47
-250	139	48
-248	145	50
-221	136	47
-239	154	54
-238	161	56
-235	166	58
-231	171	60
-189	177	61
-188	183	64
-183	186	65
-192	204	71
-187	208	72
-186	216	75
-179	218	76
-176	224	78
-174	232	80
-179	249	87
-167	245	85
-172	265	92
-168	271	94
-161	274	95
-148	265	92
-134	253	88
-124	248	86
-112	237	82
-93	210	73
-85	203	71
-78	201	70
-76	209	73
-71	209	72
-62	199	69
-56	194	67
-50	191	66
-45	187	65
-39	183	64
-34	180	62
-29	175	61
-25	173	60
-20	169	59
-16	166	58
-12	162	56
-8	160	55
-5	157	54
-1	154	53
3	151	53
6	149	52
9	147	51
12	144	50
27	133	46
33	131	46
35	129	45
38	127	44
40	126	44
42	123	43
46	122	42
48	121	42
52	115	40
54	113	39
56	111	38
59	111	39
62	110	38
64	107	37
66	106	37
69	104	36
71	103	36
73	101	35
75	99	34
77	96	33
79	95	33
82	94	33
84	92	32
87	91	32
89	89	31
91	88	30
94	86	30
96	84	29
98	82	29
101	81	28
103	79	28
105	77	27
108	76	26
110	74	26
113	72	25
116	70	24
118	68	24
110	60	21
109	56	20
110	54	19
105	49	17
106	46	16
95	39	13
-196	32	8
-189	36	9
-195	41	11
-204	48	12
-214	55	14
-227	64	17
-242	74	19
-256	84	22
-273	96	25
-271	102	26
-268	108	28
-265	114	30
-262	119	31
-259	125	32
-253	129	34
-252	136	35
-248	141	37
-245	146	38
-240	151	39
-237	156	41
-233	162	42
-230	167	43
-228	173	45
-224	178	46
-220	183	48
-216	188	49
-212	194	50
-208	199	52
-205	205	53
-202	211	55
-199	217	56
-195	222	58
-191	228	59
-188	235	61
-183	239	62
-179	245	64
-175	251	65
-142	249	65
-130	240	62
-119	233	61
-96	199	52
-88	195	51
-82	192	50
-77	191	50
-72	192	50
-68	196	51
-62	192	50
-56	187	49
-50	183	48
-45	180	47
-40	176	46
-35	172	45
-30	169	44
-26	166	43
-21	163	42
-17	160	41
-13	157	41
-10	155	40
-6	153	40
-2	150	39
1	147	38
4	145	38
7	143	37
10	141	37
25	130	34
30	129	33
33	127	33
35	125	33
38	123	32
40	121	32
43	120	31
45	118	31
51	110	29
54	111	29
57	110	28
59	108	28
61	106	28
63	105	27
66	103	27
68	102	26
70	100	26
72	98	26
75	97	25
77	95	25
79	94	24
81	92	24
84	91	24
86	89	23
88	87	23
91	86	22
93	84	22
95	83	21
98	81	21
100	79	21
103	78	20
105	76	20
108	74	19
111	73	19
113	71	18
116	69	18
108	61	16
107	57	15
108	55	14
106	51	13
102	46	12
98	41	11
95	38	10
-198	30	5
-188	33	6
-185	37	6
-196	44	8
-204	50	9
-216	58	10
-228	66	12
-242	77	13
-257	87	15
-273	100	17
-271	106	18
-266	111	19
-262	116	20
-260	122	21
-256	128	22
-253	133	23
-248	138	24
-247	144	25
-241	148	26
-240	155	27
-235	159	28
-230	164	28
-225	168	29
-224	175	30
-220	180	31
-218	186	32
-213	191	33
-209	196	34
-206	201	35
-201	206	36
-199	213	37
-195	218	38
-191	223	39
-187	229	40
-183	235	41
-181	242	42
-175	246	43
-145	214	37
-160	248	43
-160	260	45
-149	254	44
-136	246	43
-124	236	41
-114	230	40
-95	204	35
-85	194	34
-79	192	33
-75	194	34
-70	195	34
-65	193	34
-59	190	33
-53	187	32
-48	182	32
-42	178	31
-37	175	30
-33	172	30
-28	169	29
-24	165	29
-19	162	28
-15	159	28
-12	156	27
-8	153	27
-5	151	26
-1	145	25
2	143	25
5	141	25
9	142	25
11	137	24
27	123	21
31	128	22
34	125	22
36	124	21
39	122	21
43	125	22
43	118	21
46	117	20
48	115	20
49	111	19
51	102	18
84	90	16
86	88	15
89	87	15
91	85	15
93	83	14
95	81	14
98	80	14
101	78	14
103	76	13
105	75	13
108	73	13
110	71	12
113	69	12
116	68	12
115	64	11
108	57	10
108	54	9
110	52	9
102	45	8
99	41	7
96	37	6
95	34	6
-201	27	2
-191	30	3
-187	34	3
-185	37	3
-194	44	4
-203	50	4
-215	58	5
-201	59	5
-194	62	5
-202	69	6
-202	75	7
-193	76	7
-188	80	7
-184	82	7
-187	89	8
-256	128	11
-251	132	12
-248	138	12
-245	143	13
-241	148	13
-235	152	13
-232	158	14
-230	164	14
-225	168	15
-221	173	15
-219	179	16
-215	184	16
-212	190	17
-208	195	17
-203	199	17
-200	205	18
-190	204	18
-174	195	17
-169	199	17
-164	202	18
-156	201	18
-141	191	17
-145	205	18
-141	209	18
-133	208	18
-131	214	19
-127	219	19
-134	243	21
-122	234	20
-112	228	20
-103	221	19
-94	214	19
-86	209	18
-79	204	18
-71	198	17
-64	194	17
-59	190	17
-53	186	16
-47	182	16
-42	179	16
-37	174	15
-32	171	15
-27	168	15
-23	165	14
-19	162	14
-15	159	14
-11	155	14
-7	153	13
-4	151	13
0	149	13
3	146	13
6	144	13
9	141	12
12	140	12
21	133	12
24	133	12
24	116	10
31	126	11
34	124	11
36	122	11
39	121	11
41	119	10
43	117	10
46	115	10
48	114	10
50	110	10
86	87	8
89	85	7
91	84	7
93	82	7
95	80	7
98	79	7
101	77	7
103	76	7
105	74	6
107	72	6
110	70	6
113	68	6
116	67	6
119	65	6
86	44	4
107	46	4
100	41	4
97	37	3
95	33	3
93	30	3
-199	24	0
-191	28	0
-188	32	0
-185	35	0
-191	41	0
-200	47	0
-212	55	0
-195	55	0
-191	59	0
-186	62	0
-190	68	0
-188	72	0
-185	75	0
-182	79	0
-181	83	0
-180	88	0
-250	128	0
-249	134	0
-247	140	0
-241	144	0
-237	149	0
-232	153	0
-230	159	0
-226	164	0
-224	170	0
-220	175	0
-216	180	0
-212	185	0
-210	191	0
-206	196	0
-176	176	0
-173	181	0
-166	181	0
-158	180	0
-149	178	0
-141	176	0
-142	186	0
-135	186	0
-130	188	0
-126	191	0
-121	193	0
-117	196	0
-116	205	0
-118	219	0
-110	216	0
-101	210	0
-92	203	0
-84	198	0
-81	202	0
-73	196	0
-66	191	0
-60	188	0
-55	184	0
-49	180	0
-43	175	0
-38	172	0
-34	170	0
-29	166	0
-25	163	0
-21	160	0
-17	157	0
-13	154	0
-9	151	0
-5	149	0
-2	147	0
1	145	0
5	142	0
8	140	0
11	138	0
14	137	0
25	129	0
28	127	0
33	123	0
18	58	0
38	119	0
40	118	0
42	115	0
45	114	0
47	113	0
49	111	0
52	111	0
87	85	0
89	83	0
92	82	0
94	80	0
82	66	0
81	62	0
81	59	0
81	57	0
88	59	0
88	56	0
89	54	0
91	50	0
86	42	0
87	40	0
99	38	0
97	35	0
94	31	0
92	28	0
94	27	0
-209	18	-2
-196	22	-2
-191	25	-2
-188	29	-3
-186	33	-3
-190	38	-3
-199	44	-4
-210	51	-5
-194	52	-5
-190	55	-5
-187	59	-5
-182	62	-6
-191	69	-6
-186	72	-6
-184	76	-7
-181	80	-7
-183	85	-8
-187	92	-8
-251	129	-12
-245	133	-12
-243	139	-13
-238	143	-13
-236	149	-13
-233	154	-14
-228	159	-14
-226	164	-15
-222	169	-15
-216	173	-16
-214	179	-16
-212	185	-17
-206	188	-17
-175	167	-15
-163	163	-15
-155	162	-15
-149	164	-15
-144	166	-15
-139	168	-15
-134	169	-15
-130	172	-16
-126	175	-16
-124	180	-16
-120	183	-17
-118	189	-17
-117	198	-18
-114	213	-19
-95	199	-18
-87	194	-17
-81	194	-17
-76	193	-17
-69	187	-17
-63	184	-17
-57	180	-16
-51	176	-16
-46	174	-16
-40	168	-15
-36	166	-15
-31	162	-15
-26	159	-14
-22	157	-14
-18	154	-14
-14	151	-14
-11	148	-13
-7	146	-13
-4	144	-13
1	71	-6
3	70	-6
4	69	-6
6	68	-6
7	67	-6
9	66	-6
10	65	-6
12	64	-6
13	63	-6
14	62	-6
16	61	-6
17	60	-5
18	61	-5
20	59	-5
21	58	-5
22	57	-5
46	42	-4
99	74	-7
91	64	-6
85	55	-5
76	38	-3
83	39	-4
83	37	-3
87	36	-3
89	35	-3
98	36	-3
96	33	-3
93	30	-3
92	27	-2
94	26	-2
89	22	-2
-206	14	-3
-199	18	-3
-194	21	-4
-191	25	-5
-188	29	-5
-185	33	-6
-192	38	-7
-201	44	-8
-213	51	-9
-195	51	-9
-191	55	-10
-187	58	-11
-182	61	-11
-181	65	-12
-188	71	-13
-173	70	-13
-169	73	-13
-166	76	-14
-161	78	-14
-159	81	-15
-157	84	-16
-153	87	-16
-151	90	-17
-149	93	-17
-146	96	-18
-144	99	-18
-141	102	-19
-139	105	-19
-137	108	-20
-134	111	-20
-131	113	-21
-130	118	-22
-128	121	-22
-126	124	-23
-13	30	-6
-13	36	-7
-12	36	-7
-7	143	-26
-3	141	-26
3	71	-13
5	71	-13
14	65	-12
15	64	-12
18	63	-12
20	62	-11
21	61	-11
22	60	-11
23	59	-11
25	58	-11
26	57	-11
27	57	-10
28	55	-10
30	55	-10
31	54	-10
32	53	-10
33	52	-10
35	52	-10
36	51	-9
38	52	-10
39	51	-9
41	51	-9
42	50	-9
43	49	-9
44	48	-9
45	47	-9
86	81	-15
86	77	-14
86	74	-14
87	72	-13
89	70	-13
91	68	-13
-208	9	-3
-201	13	-4
-198	17	-5
-195	21	-6
-191	24	-7
-189	28	-8
-185	32	-9
-190	36	-10
-200	42	-12
-210	49	-14
-219	56	-16
-191	53	-15
-183	55	-16
-179	58	-16
-174	60	-17
-172	63	-18
-167	66	-19
-165	69	-20
-162	72	-21
-160	75	-21
-157	77	-22
-155	81	-23
-66	37	-11
-65	39	-11
-65	41	-12
-18	36	-10
-16	34	-10
-10	31	-9
-10	31	-9
-4	27	-8
-2	31	-9
5	73	-21
7	68	-20
8	67	-19
10	66	-19
11	65	-19
13	64	-18
14	63	-18
12	44	-13
21	58	-16
22	57	-16
24	57	-16
25	56	-16
26	56	-16
27	54	-16
29	54	-15
30	53	-15
31	52	-15
32	52	-15
33	51	-15
35	50	-14
38	50	-14
40	50	-14
40	49	-14
42	48	-14
80	83	-24
82	82	-23
84	80	-23
87	79	-23
89	77	-22
91	76	-22
94	74	-21
96	73	-21
98	71	-20
100	70	-20
103	68	-19
106	66	-19
108	65	-19
111	63	-18
113	62	-18
