0	0	0
-261	69	51
-201	62	46
-203	67	50
-204	72	54
-205	77	57
-199	79	59
-188	80	59
-182	81	60
-176	84	62
-169	84	63
-163	86	63
-157	87	64
-150	88	65
-145	88	66
-139	89	66
-135	91	67
-130	91	68
-123	91	68
-119	92	68
-114	92	68
-110	93	69
-111	98	73
-112	104	77
-114	110	82
-115	116	86
-117	123	91
-118	129	96
-119	137	102
-121	145	108
-123	155	115
-121	161	119
-118	164	122
-113	165	122
-107	164	122
-101	164	121
-96	164	122
-90	164	122
-84	162	120
-80	164	122
-4	164	122
1	165	123
5	166	123
9	167	124
14	168	125
18	169	125
22	170	126
27	174	129
32	178	132
38	180	133
42	176	131
46	177	131
53	185	137
66	211	157
68	197	147
70	189	140
72	179	133
74	171	127
66	143	106
67	136	101
72	128	95
75	127	95
82	132	98
83	126	94
83	120	89
83	115	85
85	110	82
86	106	79
87	102	76
87	99	73
88	95	70
88	91	67
89	88	65
90	85	63
90	81	60
91	78	58
91	75	56
92	72	53
93	69	51
93	66	49
93	64	47
94	61	45
94	59	44
95	56	42
95	54	40
96	51	38
96	49	36
97	47	35
-297	68	43
-277	69	44
-256	70	44
-198	59	37
-203	65	41
-203	69	44
-205	75	47
-206	80	51
-193	80	51
-185	81	52
-179	83	53
-173	85	54
-165	86	54
-159	87	55
-154	88	56
-148	89	56
-143	91	57
-137	91	58
-132	92	58
-126	92	58
-121	92	59
-117	94	59
-112	94	60
-111	97	62
-112	102	65
-113	108	68
-114	114	72
-116	121	77
-117	128	81
-119	136	86
-120	144	91
-121	152	96
-124	163	103
-124	171	108
-121	174	110
-117	177	112
-119	190	120
-113	190	120
-106	189	120
-101	190	120
-95	191	121
-88	188	119
-84	191	121
-79	191	121
-73	191	121
-69	193	122
-63	192	122
-58	193	122
-52	187	119
-48	193	122
-43	192	122
-38	193	122
-33	193	122
-28	192	122
-24	193	122
-19	193	122
-14	193	122
-9	194	123
-4	193	122
0	194	123
5	195	123
10	191	121
15	195	124
20	195	124
25	197	124
29	196	124
34	196	124
40	197	125
45	198	125
50	197	125
55	198	125
60	197	125
66	199	126
70	194	123
73	177	112
67	142	90
70	138	87
71	134	85
73	129	82
77	129	82
82	131	83
82	124	78
83	119	75
84	115	73
85	111	70
86	106	67
87	102	64
87	98	62
89	95	60
89	91	58
89	88	56
90	84	53
91	81	51
91	78	49
92	75	47
92	72	46
93	69	44
93	66	42
94	64	40
95	61	39
95	58	37
95	56	35
95	53	34
96	51	32
96	48	31
98	47	30
-286	67	36
-268	69	37
-256	72	38
-200	61	33
-203	67	35
-203	71	38
-203	77	41
-200	80	43
-189	81	43
-183	83	44
-176	85	45
-168	85	45
-162	87	46
-156	88	47
-150	89	47
-145	90	48
-140	92	49
-134	92	49
-127	92	49
-121	91	49
-117	93	49
-113	94	50
-110	96	51
-111	101	54
-112	106	56
-114	113	60
-115	119	63
-116	125	67
-118	133	71
-119	141	75
-121	150	80
-122	157	84
-124	169	90
-123	175	93
-117	175	93
-118	185	98
-111	194	103
-109	200	107
-96	188	100
-86	190	101
-86	201	107
-81	202	107
-79	212	113
-75	216	115
-70	217	116
-65	218	116
-59	220	117
-54	220	117
-49	221	118
-43	222	118
-38	223	119
-33	224	119
-27	225	120
-22	225	120
-16	212	113
10	232	123
16	230	122
21	232	123
27	233	124
32	233	124
38	235	125
44	237	126
50	236	126
56	236	126
61	232	124
65	225	120
67	213	114
69	203	108
71	193	103
73	184	98
74	176	94
69	152	81
69	142	76
71	130	69
74	129	68
77	127	67
83	130	69
83	124	66
84	119	63
85	115	61
85	110	58
86	106	56
87	102	54
88	98	52
89	95	51
89	91	48
89	87	47
90	84	45
91	81	43
91	78	41
92	75	40
92	72	38
93	69	37
94	66	35
94	64	34
94	61	32
95	58	31
95	55	29
96	53	28
97	51	27
98	49	26
98	46	25
-518	106	47
-270	69	30
-253	71	31
-200	61	27
-202	67	29
-203	72	31
-203	77	34
-199	80	35
-189	81	36
-181	82	36
-174	84	37
-167	85	37
-162	87	38
-157	89	39
-149	90	39
-143	90	39
-137	91	40
-132	91	40
-125	91	40
-119	91	40
-115	92	40
-112	94	41
-110	97	42
-111	102	45
-112	107	47
-114	114	50
-115	120	53
-117	127	56
-118	135	59
-120	143	63
-121	151	66
-122	160	70
-124	170	74
-127	182	80
-113	179	78
-103	182	79
-73	183	80
-68	184	80
-63	184	80
-59	185	81
-55	186	81
-51	189	83
-46	189	83
-42	190	83
-38	191	84
-33	191	83
-28	191	84
-26	209	92
-21	207	91
-15	196	86
-11	198	86
3	209	91
8	217	95
13	217	95
18	217	95
23	220	96
28	222	97
34	221	97
39	223	98
45	224	98
50	225	98
56	227	99
61	223	97
66	221	96
68	211	92
70	199	87
71	190	83
73	182	80
75	174	76
65	141	62
66	135	59
69	134	58
72	131	57
74	128	56
76	125	55
79	123	54
83	123	54
84	119	52
85	114	50
86	110	48
86	106	46
87	102	45
88	98	43
89	95	41
89	90	40
90	87	38
90	84	37
89	79	35
90	76	33
90	73	32
91	70	31
91	67	29
95	67	29
95	64	28
95	61	27
96	58	26
96	56	24
97	53	23
97	51	22
98	48	21
98	46	20
99	44	19
-539	100	35
-292	62	22
-279	66	23
-264	69	24
-201	63	22
-202	68	24
-203	73	25
-203	78	27
-193	79	28
-186	82	28
-178	83	29
-170	84	29
-164	86	30
-158	87	30
-152	88	31
-146	89	31
-132	85	30
-134	90	31
-128	91	32
-123	91	32
-118	92	32
-114	93	32
-110	94	33
-111	99	34
-112	104	36
-112	110	38
-115	117	41
-116	123	43
-117	130	45
-119	138	48
-120	146	51
-122	156	54
-123	164	57
-126	176	61
-128	187	65
-130	200	69
-126	204	71
-120	204	71
-115	205	71
-110	207	72
-104	207	72
-99	209	73
-94	210	73
-88	212	73
-83	212	74
-77	209	73
-73	214	74
-68	215	75
-63	216	75
-58	217	75
-53	218	76
-48	219	76
-43	220	76
-38	222	77
-33	222	77
-28	223	78
-23	224	78
-18	225	78
-13	225	78
-8	227	79
-3	227	79
3	229	80
8	230	80
13	231	80
18	231	80
24	233	81
29	232	81
35	235	82
40	235	82
46	237	82
52	239	83
58	239	83
63	236	82
65	224	78
67	212	74
69	203	70
71	193	67
73	185	64
74	177	61
76	170	59
68	143	50
70	139	48
76	135	47
78	131	45
82	131	46
84	127	44
84	121	42
84	116	40
85	112	39
86	108	37
87	104	36
91	94	33
91	90	31
91	86	30
92	83	29
92	80	28
93	77	27
93	74	26
94	71	25
94	68	24
95	65	23
95	62	22
96	60	21
96	57	20
97	54	19
97	52	18
98	49	17
98	47	16
98	44	15
99	42	15
-528	97	25
-292	61	16
-277	65	17
-266	69	18
-200	57	15
-200	62	16
-203	68	18
-203	73	19
-202	78	20
-194	80	21
-187	82	21
-178	83	21
-170	84	22
-164	85	22
-159	87	23
-152	88	23
-144	88	23
-139	90	23
-134	91	24
-127	90	23
-122	91	24
-118	92	24
-113	93	24
-110	94	24
-110	99	26
-112	104	27
-112	110	28
-114	116	30
-115	123	32
-117	130	34
-118	138	36
-119	145	38
-121	155	40
-122	163	42
-125	175	45
-128	187	49
-129	198	52
-126	203	53
-121	205	53
-115	206	53
-110	207	54
-104	208	54
-100	210	54
-94	211	55
-89	211	55
-84	212	55
-79	213	55
-73	214	56
-68	216	56
-63	216	56
-58	217	56
-53	218	57
-48	220	57
-44	221	57
-39	222	58
-33	222	58
-29	223	58
-24	224	58
-19	225	58
-13	225	59
-8	227	59
-3	227	59
2	227	59
7	228	59
12	231	60
17	231	60
22	232	60
28	234	61
33	235	61
33	197	51
35	182	47
41	190	49
46	194	50
50	192	50
64	228	59
67	218	57
69	207	54
70	196	51
72	188	49
74	180	47
76	173	45
77	165	43
78	158	41
80	152	40
81	146	38
82	140	36
82	134	35
83	129	33
84	125	32
85	120	31
86	116	30
87	111	29
88	107	28
88	103	27
89	99	26
90	96	25
90	92	24
91	88	23
91	85	22
92	82	21
93	78	20
93	75	20
94	72	19
94	69	18
95	67	17
95	64	17
96	61	16
96	58	15
96	56	14
97	53	14
97	50	13
97	48	12
98	45	12
98	43	11
99	40	10
100	38	10
-284	62	11
-269	65	11
-200	59	10
-201	64	11
-203	70	12
-203	75	13
-198	78	14
-189	80	14
-181	81	14
-173	83	14
-166	84	15
-161	86	15
-154	86	15
-147	87	15
-141	88	15
-136	89	16
-130	90	16
-124	90	16
-120	91	16
-115	91	16
-111	92	16
-110	96	17
-111	101	18
-112	106	18
-113	112	20
-115	119	21
-116	126	22
-117	133	23
-119	141	24
-120	149	26
-122	158	27
-123	167	29
-126	178	31
-128	191	33
-129	201	35
-123	202	35
-118	203	35
-113	205	36
-107	206	36
-102	207	36
-97	208	36
-91	209	36
-87	210	36
-81	211	37
-76	212	37
-71	212	37
-66	212	37
-62	215	37
-56	215	37
-52	216	37
-47	219	38
-42	218	38
-37	219	38
-32	220	38
-27	221	38
-22	222	39
-17	222	39
-12	223	39
-8	225	39
-3	226	39
3	199	34
7	197	34
11	196	34
15	193	33
19	186	32
23	185	32
25	168	29
30	177	31
34	178	31
37	173	30
41	172	30
45	169	29
48	166	29
52	167	29
58	172	30
67	185	32
69	179	31
71	172	30
73	167	29
73	158	27
74	150	26
75	145	25
80	145	25
81	140	24
82	134	23
83	129	22
85	125	22
85	120	21
86	115	20
87	111	19
88	107	19
89	103	18
89	99	17
90	95	17
90	92	16
91	88	15
91	85	15
92	82	14
93	79	14
93	76	13
94	72	13
94	70	12
95	67	12
95	64	11
95	61	11
96	58	10
96	55	10
97	53	9
97	51	9
97	48	8
98	45	8
98	43	7
99	41	7
99	38	7
100	36	6
-461	82	7
-290	59	5
-280	64	6
-264	67	6
-200	56	5
-201	61	5
-202	66	6
-203	71	6
-203	76	7
-193	78	7
-185	80	7
-177	81	7
-170	83	7
-163	84	7
-157	85	7
-150	86	8
-145	87	8
-138	88	8
-133	89	8
-126	89	8
-122	89	8
-117	91	8
-112	91	8
-110	93	8
-111	98	9
-111	103	9
-112	108	9
-114	115	10
-115	122	11
-116	128	11
-117	135	12
-100	121	11
-100	127	11
-101	134	12
-92	129	11
-85	125	11
-82	126	11
-76	123	11
-73	124	11
-99	194	17
-99	205	18
-94	207	18
-89	208	18
-84	209	18
-79	211	18
-73	211	18
-68	212	19
-64	214	19
-58	213	19
-53	215	19
-48	214	19
-44	216	19
-39	216	19
-34	218	19
-29	219	19
-24	221	19
-19	219	19
-14	221	19
-9	223	20
-3	184	16
1	184	16
5	183	16
9	181	16
13	165	14
16	161	14
19	161	14
24	167	15
28	169	15
31	164	14
34	160	14
38	160	14
41	160	14
45	159	14
48	158	14
53	159	14
59	165	14
68	179	16
70	173	15
72	167	15
75	163	14
74	151	13
75	144	13
76	139	12
81	141	12
82	136	12
83	130	11
84	126	11
85	121	11
86	116	10
87	112	10
87	108	9
88	104	9
89	100	9
90	96	8
90	93	8
91	89	8
91	85	7
92	83	7
93	79	7
93	76	7
93	73	6
94	70	6
94	67	6
95	64	6
95	61	5
96	59	5
96	56	5
96	53	5
97	51	4
98	48	4
98	46	4
98	43	4
99	41	4
99	39	3
100	36	3
100	34	3
-204	23	0
-434	86	0
-281	63	0
-267	66	0
-202	55	0
-201	60	0
-201	65	0
-203	70	0
-204	76	0
-193	77	0
-187	79	0
-177	80	0
-170	82	0
-164	83	0
-157	84	0
-150	85	0
-145	86	0
-139	87	0
-133	88	0
-127	88	0
-122	88	0
-117	90	0
-112	90	0
-110	92	0
-110	96	0
-111	102	0
-112	107	0
-113	113	0
-114	119	0
-101	110	0
-96	110	0
-92	110	0
-86	107	0
-90	119	0
-88	122	0
-84	121	0
-79	120	0
-76	122	0
-72	121	0
-71	125	0
-69	129	0
-69	135	0
-94	204	0
-89	205	0
-84	207	0
-79	209	0
-74	208	0
-69	209	0
-64	209	0
-59	210	0
-53	210	0
-49	211	0
-44	212	0
-39	215	0
-34	215	0
-30	216	0
-25	216	0
-20	217	0
-15	219	0
-10	221	0
-3	178	0
1	170	0
4	165	0
8	162	0
12	159	0
15	158	0
18	156	0
22	154	0
25	152	0
28	152	0
32	150	0
35	151	0
39	151	0
43	153	0
47	154	0
52	158	0
58	164	0
68	178	0
70	172	0
72	167	0
74	162	0
74	151	0
74	144	0
76	138	0
77	134	0
82	135	0
83	130	0
84	125	0
85	120	0
86	116	0
87	112	0
87	107	0
88	103	0
89	99	0
90	96	0
90	92	0
91	89	0
91	85	0
92	82	0
92	79	0
93	76	0
93	73	0
94	70	0
94	67	0
95	64	0
96	61	0
96	59	0
96	56	0
97	53	0
97	51	0
97	48	0
98	46	0
98	43	0
98	41	0
99	39	0
100	36	0
100	34	0
100	31	0
101	29	0
-202	18	-2
-196	22	-2
-441	76	-7
-441	85	-8
-280	62	-6
-269	65	-6
-253	68	-6
-199	58	-5
-200	63	-6
-202	69	-6
-203	74	-7
-194	76	-7
-187	78	-7
-179	79	-7
-172	81	-7
-165	82	-7
-159	83	-7
-153	85	-8
-146	85	-8
-140	86	-8
-134	86	-8
-129	87	-8
-123	88	-8
-118	88	-8
-114	89	-8
-110	89	-8
-110	94	-8
-111	99	-9
-112	104	-9
-113	110	-10
-114	116	-10
-116	123	-11
-105	117	-11
-94	110	-10
-89	109	-10
-84	108	-10
-82	111	-10
-81	114	-10
-73	109	-10
-70	109	-10
-67	109	-10
-64	110	-10
-60	110	-10
-57	110	-10
-53	109	-10
-50	109	-10
-48	110	-10
-44	109	-10
-42	110	-10
-39	110	-10
-36	110	-10
-33	110	-10
-30	110	-10
-28	111	-10
-25	111	-10
-23	112	-10
-20	112	-10
-18	113	-10
-15	113	-10
-12	113	-10
-10	114	-10
-7	115	-10
-5	115	-10
-2	116	-10
1	115	-10
3	116	-10
6	116	-10
9	116	-10
11	116	-10
14	117	-11
17	117	-11
20	118	-11
22	118	-11
26	119	-11
28	119	-11
32	120	-11
35	121	-11
38	121	-11
41	122	-11
44	122	-11
48	123	-11
51	123	-11
55	124	-11
58	125	-11
62	126	-11
67	127	-11
71	129	-12
77	132	-12
82	134	-12
83	128	-12
84	124	-11
85	120	-11
86	115	-10
87	111	-10
88	107	-10
88	103	-9
89	99	-9
90	95	-9
91	92	-8
91	88	-8
91	85	-8
92	81	-7
93	78	-7
93	75	-7
94	72	-7
94	69	-6
95	67	-6
95	64	-6
95	61	-5
96	58	-5
96	56	-5
97	53	-5
97	50	-5
98	48	-4
98	46	-4
98	43	-4
99	41	-4
99	39	-3
99	36	-3
100	34	-3
100	31	-3
100	29	-3
101	27	-2
103	25	-2
-203	12	-2
-196	16	-3
-196	20	-4
-197	24	-4
-287	59	-11
-277	63	-12
-262	66	-12
-201	60	-11
-202	65	-12
-203	70	-13
-201	74	-14
-191	76	-14
-183	77	-14
-176	79	-15
-170	80	-15
-162	81	-15
-157	83	-15
-149	83	-15
-143	84	-16
-138	85	-16
-132	85	-16
-126	86	-16
-122	87	-16
-117	88	-16
-113	88	-16
-109	89	-16
-110	94	-17
-110	99	-18
-104	97	-18
-100	98	-18
-96	98	-18
-92	99	-18
-89	100	-18
-85	100	-18
-82	101	-19
-78	101	-19
-75	101	-19
-70	99	-18
-67	100	-19
-64	100	-19
-61	101	-19
-58	102	-19
-55	102	-19
-53	103	-19
-50	103	-19
-47	104	-19
-44	105	-19
-42	105	-19
-39	106	-20
-37	106	-20
-34	106	-20
-31	106	-20
-29	107	-20
-26	108	-20
-23	108	-20
-21	108	-20
-18	109	-20
-16	109	-20
-13	109	-20
-10	108	-20
-8	112	-21
-5	112	-21
-3	112	-21
0	113	-21
3	113	-21
5	113	-21
8	114	-21
11	114	-21
13	115	-21
16	115	-21
19	116	-21
22	115	-21
25	116	-21
28	117	-22
30	117	-22
34	118	-22
37	119	-22
40	119	-22
43	120	-22
47	120	-22
50	120	-22
53	121	-22
57	122	-22
61	122	-22
65	124	-23
70	125	-23
73	125	-23
76	123	-23
84	129	-24
84	123	-23
86	119	-22
86	115	-21
87	110	-20
88	106	-20
89	102	-19
89	98	-18
89	94	-17
91	91	-17
91	87	-16
91	84	-16
92	81	-15
92	78	-14
93	75	-14
94	72	-13
94	69	-13
94	66	-12
95	63	-12
95	60	-11
96	58	-11
96	55	-10
97	53	-10
97	50	-9
97	48	-9
98	46	-8
98	43	-8
98	41	-8
99	39	-7
99	36	-7
100	34	-6
100	32	-6
100	30	-5
101	27	-5
101	25	-5
101	23	-4
103	21	-4
-198	6	-2
-197	10	-3
-194	14	-4
-195	18	-5
-195	22	-6
-362	61	-17
-335	63	-18
-285	60	-17
-200	56	-16
-200	61	-17
-201	65	-19
-202	70	-20
-199	74	-21
-190	75	-21
-182	77	-22
-175	78	-22
-167	79	-23
-162	81	-23
-156	82	-23
-149	83	-24
-144	84	-24
-138	84	-24
-132	85	-24
-126	85	-24
-121	86	-24
-117	87	-25
-113	88	-25
-109	88	-25
-110	93	-27
-110	98	-28
-108	100	-28
-100	97	-28
-96	97	-28
-92	98	-28
-88	98	-28
-85	99	-28
-81	99	-28
-78	100	-29
-75	101	-29
-69	97	-28
-65	97	-28
-62	97	-28
-60	99	-28
-58	100	-29
-54	100	-28
-52	101	-29
-49	102	-29
-46	102	-29
-44	103	-29
-41	103	-30
-38	104	-30
-36	104	-30
-33	105	-30
-30	105	-30
-28	105	-30
-25	106	-30
-22	107	-30
-20	107	-31
-17	107	-31
-14	108	-31
-11	104	-30
-9	109	-31
-7	110	-31
-4	110	-32
-1	111	-32
2	111	-32
4	112	-32
7	112	-32
10	113	-32
12	113	-32
15	114	-33
18	115	-33
21	115	-33
24	115	-33
27	116	-33
30	117	-33
33	116	-33
37	117	-33
40	118	-34
43	118	-34
47	119	-34
50	119	-34
53	118	-34
56	118	-34
60	118	-34
66	124	-35
70	123	-35
74	123	-35
76	121	-34
79	119	-34
84	121	-35
85	116	-33
87	112	-32
87	108	-31
88	104	-30
89	100	-29
89	96	-28
90	93	-26
91	89	-26
91	86	-25
92	83	-24
92	79	-23
93	76	-22
93	73	-21
94	70	-20
94	67	-19
95	65	-18
95	62	-18
96	60	-17
96	57	-16
96	54	-15
97	52	-15
97	49	-14
98	47	-13
98	45	-13
99	43	-12
99	40	-11
99	38	-11
99	36	-10
99	33	-10
100	31	-9
101	29	-8
101	27	-8
101	25	-7
101	23	-6
102	21	-6
102	19	-5
104	17	-5
