0	0	0
-144	23	44
-141	25	46
-140	26	49
-140	28	53
-140	30	56
-140	31	59
-140	33	62
-140	35	66
-140	37	70
-141	39	73
-141	41	78
-141	43	81
-142	45	85
-143	48	90
-110	53	99
-109	55	103
-110	58	109
-117	64	120
-122	72	136
-118	73	137
-113	73	138
-109	74	138
-103	73	138
-99	73	138
-118	96	180
-112	96	180
-106	95	179
-101	95	179
-96	95	179
-91	96	180
-86	96	180
-81	95	179
-76	95	179
-71	95	179
-66	95	179
-62	96	180
-58	96	180
-53	96	180
-48	96	180
-44	96	180
-40	96	181
-36	96	181
-31	96	180
-27	96	180
-23	96	180
-19	96	180
-15	96	181
-11	96	181
-6	96	181
-2	96	181
2	96	181
6	96	181
10	97	182
14	97	182
18	96	181
23	96	181
27	97	182
31	97	182
35	97	182
40	97	182
44	97	182
49	97	183
53	97	182
57	97	182
62	97	182
67	97	182
71	97	183
76	98	183
81	98	184
86	97	183
91	98	184
94	95	178
88	84	159
90	81	153
90	78	146
93	76	144
93	73	137
90	67	126
94	64	120
99	64	121
104	64	121
109	64	121
114	65	122
119	65	122
126	66	124
130	65	123
135	65	122
142	65	123
114	50	94
115	48	91
121	48	91
125	48	90
131	48	90
137	48	91
-145	28	38
-141	30	40
-140	32	43
-140	34	45
-140	36	49
-139	38	52
-139	40	55
-140	43	58
-141	45	61
-140	48	65
-141	50	68
-141	53	72
-141	56	75
-144	60	80
-136	59	80
-128	59	79
-126	60	81
-112	67	90
-110	72	96
-114	77	104
-115	81	109
-118	87	117
-119	92	123
-119	95	128
-116	97	131
-112	98	132
-107	98	132
-103	99	133
-98	99	133
-109	120	162
-109	126	170
-105	128	173
-99	128	172
-94	128	172
-89	128	173
-84	128	172
-79	128	173
-74	128	173
-69	128	172
-64	128	173
-59	128	172
-55	128	172
-50	128	172
-46	128	172
-41	128	172
-36	127	172
-32	128	172
-28	128	173
-24	128	173
-19	129	173
-15	129	173
-11	129	173
-6	129	174
-2	129	174
2	129	174
7	129	174
11	129	174
15	129	174
19	129	174
24	129	173
28	128	173
32	128	173
37	129	174
41	129	174
46	129	174
51	130	175
56	130	175
60	130	175
65	131	176
70	130	176
75	130	176
80	131	176
85	131	177
91	132	177
96	132	178
89	115	155
89	109	146
91	106	142
93	102	138
93	98	132
93	93	125
93	89	120
90	82	110
92	80	108
94	78	105
99	78	105
104	79	106
108	79	106
114	79	107
119	80	107
91	58	78
91	56	75
96	56	75
99	55	75
104	55	75
109	56	75
114	56	76
119	56	76
125	56	76
130	56	75
136	56	75
-143	30	30
-140	32	32
-140	34	34
-140	37	37
-140	40	40
-140	42	42
-140	45	45
-140	48	48
-140	50	50
-140	53	53
-140	56	56
-141	60	60
-143	63	63
-135	63	63
-128	63	63
-125	64	64
-119	64	64
-116	65	65
-110	71	71
-129	90	90
-124	90	90
-117	90	90
-113	90	90
-113	98	98
-120	108	108
-120	113	113
-122	121	121
-126	131	131
-121	130	130
-117	132	132
-110	131	131
-105	131	131
-100	132	132
-120	173	173
-114	173	173
-108	173	173
-101	172	172
-95	172	172
-89	171	171
-84	172	172
-79	172	172
-73	172	172
-68	172	172
-63	172	172
-58	173	173
-53	172	172
-47	173	173
-42	172	172
-37	172	172
-32	172	172
-28	173	173
-22	173	173
-18	173	173
-13	173	173
-8	173	173
-3	173	173
2	174	174
7	173	173
12	174	174
17	173	173
21	173	173
26	173	173
31	173	173
36	173	173
41	174	174
46	174	174
52	175	175
56	174	174
62	174	174
67	174	174
73	175	175
78	174	174
83	174	174
90	176	176
95	175	175
89	153	153
88	143	143
89	137	137
89	130	130
91	126	126
92	121	121
93	116	116
91	108	108
90	103	103
91	98	98
91	94	94
91	90	90
92	86	86
94	85	85
92	79	79
91	75	75
92	72	72
92	69	69
92	66	66
92	63	63
92	60	60
125	77	77
130	76	76
138	77	77
145	77	77
150	77	77
145	71	71
141	66	66
145	64	64
-145	28	21
-142	30	23
-140	33	24
-137	35	26
-140	38	28
-140	41	31
-140	44	33
-140	47	35
-140	50	37
-140	53	40
-140	57	42
-140	60	44
-142	64	47
-142	67	50
-132	70	52
-125	69	51
-121	70	52
-108	75	56
-112	93	69
-116	100	75
-123	126	93
-118	126	94
-114	127	94
-95	112	83
-114	146	108
-117	157	117
-114	161	119
-124	183	136
-119	185	137
-114	186	138
-108	186	138
-102	185	138
-113	229	170
-107	232	172
-100	232	172
-94	232	172
-88	233	173
-81	233	173
-75	232	172
-69	234	173
-63	233	173
-56	234	173
-50	234	174
-44	235	174
-38	234	174
-32	233	173
-26	233	173
-20	234	173
-14	234	174
-9	234	174
-3	236	175
3	234	174
9	236	175
15	236	175
21	237	176
27	237	176
33	237	176
39	237	176
45	237	176
51	237	176
57	238	176
64	239	177
70	238	177
76	238	177
82	237	176
90	239	178
87	216	160
87	201	149
87	188	140
88	179	133
91	174	129
91	164	121
89	152	113
90	145	108
91	139	103
90	132	98
90	125	93
90	119	88
93	116	86
93	111	83
93	107	79
93	102	76
93	97	72
91	91	68
91	87	65
93	85	63
92	80	60
92	77	57
92	73	54
92	70	52
92	67	50
92	64	48
92	61	45
145	82	61
146	78	58
136	66	49
134	62	46
130	57	42
-148	25	13
-143	27	14
-140	30	16
-140	33	17
-140	36	19
-141	39	21
-140	42	22
-138	44	24
-140	48	26
-140	51	27
-140	55	29
-140	58	31
-140	62	33
-142	66	35
-141	69	37
-143	86	46
-144	95	50
-129	93	49
-124	94	50
-118	94	50
-139	130	69
-139	136	72
-140	142	76
-139	148	79
-140	156	83
-140	163	87
-133	169	90
-125	167	89
-121	169	90
-116	169	90
-115	185	99
-111	197	105
-105	198	105
-101	201	107
-95	201	107
-103	229	122
-97	231	123
-92	233	124
-85	230	122
-79	231	123
-74	233	124
-68	233	124
-62	233	124
-57	236	125
-50	230	122
-46	236	126
-40	235	125
-34	235	125
-29	236	125
-23	236	126
-18	236	125
-12	235	125
-7	230	122
-2	232	124
4	236	125
9	239	127
15	237	126
20	238	127
26	235	125
31	238	126
37	237	126
42	237	126
48	236	126
54	238	126
60	237	126
65	237	126
71	238	127
77	235	125
83	236	126
87	231	123
90	222	118
88	203	108
89	194	103
90	185	99
90	173	92
91	166	88
92	160	85
93	153	81
91	141	75
91	135	72
92	130	69
93	125	67
92	118	63
93	114	61
94	110	58
94	105	56
94	100	53
92	94	50
91	90	48
94	88	47
92	82	44
92	79	42
92	75	40
92	72	38
92	69	37
92	66	35
92	63	33
92	60	32
106	66	35
109	65	35
116	66	35
123	67	36
129	67	36
134	66	35
142	67	35
151	67	36
152	64	34
-149	21	7
-144	23	8
-140	26	9
-140	29	10
-140	32	11
-140	35	12
-140	38	13
-141	42	14
-140	45	16
-141	49	17
-141	52	18
-141	55	19
-141	59	20
-136	61	21
-141	94	33
-144	100	35
-143	105	36
-143	110	38
-144	115	40
-145	121	42
-144	126	44
-145	132	46
-131	136	47
-127	137	48
-122	138	48
-117	139	48
-112	151	53
-120	186	65
-114	205	71
-112	211	73
-109	217	75
-111	234	81
-105	235	82
-99	235	82
-93	234	81
-84	228	79
-81	234	81
-75	234	81
-69	232	80
-63	231	80
-59	235	82
-54	238	83
-47	232	80
-42	234	81
-37	234	81
-32	234	81
-26	231	80
-21	234	81
-16	233	81
-11	236	82
-6	229	80
0	232	81
5	234	81
10	233	81
15	236	82
20	237	82
25	232	81
30	234	81
36	236	82
41	237	82
47	237	82
52	238	83
58	237	82
63	238	83
68	234	81
75	240	83
80	238	83
86	239	83
90	233	81
91	221	77
92	210	73
92	198	69
90	182	63
93	178	62
93	169	59
94	161	56
93	152	53
91	141	49
91	135	47
91	129	45
94	126	44
93	120	42
94	115	40
93	110	38
94	106	37
94	101	35
94	97	34
91	90	31
94	89	31
92	83	29
92	79	27
92	76	26
92	72	25
92	69	24
92	66	23
92	63	22
143	86	30
150	86	30
151	83	29
151	79	27
139	65	22
143	63	22
134	52	18
-147	16	3
-142	19	3
-140	22	4
-140	25	4
-140	28	5
-139	31	5
-140	35	6
-140	38	7
-141	41	7
-140	45	8
-141	48	8
-140	51	9
-141	55	10
-141	59	10
-141	62	11
-141	70	12
-143	75	13
-142	78	14
-142	82	14
-143	100	17
-143	105	18
-143	110	19
-143	115	20
-144	120	21
-144	126	22
-144	132	23
-145	138	24
-144	143	25
-144	150	26
-145	158	27
-145	165	29
-145	172	30
-146	180	31
-146	188	33
-146	197	34
-147	208	36
-146	217	38
-146	227	39
-141	229	40
-135	231	40
-128	231	40
-121	230	40
-115	231	40
-110	233	40
-100	225	39
-97	231	40
-90	228	40
-82	223	39
-78	226	39
-73	227	39
-67	227	39
-62	226	39
-57	229	40
-53	232	40
-46	225	39
-41	228	40
-36	229	40
-31	229	40
-25	226	39
-21	230	40
-16	230	40
-11	233	40
-6	229	40
-1	230	40
4	224	39
9	228	40
14	229	40
19	230	40
24	228	40
29	226	39
34	230	40
40	234	41
45	233	40
50	231	40
55	231	40
61	233	40
66	232	40
70	226	39
77	232	40
83	232	40
91	240	42
92	224	39
93	215	37
94	204	35
90	185	32
91	176	31
94	173	30
94	164	29
94	155	27
94	148	26
91	136	24
91	130	22
92	125	22
94	123	21
94	117	20
94	111	19
94	107	19
94	102	18
94	98	17
94	94	16
92	87	15
95	86	15
92	80	14
92	77	13
92	73	13
92	70	12
92	67	12
92	64	11
92	61	11
121	70	12
129	71	12
134	70	12
136	67	12
141	66	11
139	62	11
130	54	9
133	52	9
137	50	9
137	47	8
138	44	8
-148	10	0
-142	13	0
-139	16	0
-139	19	0
-139	22	0
-140	25	0
-140	28	0
-140	31	0
-140	34	0
-140	37	0
-140	41	0
-140	44	0
-140	48	0
-141	51	0
-141	55	0
-141	58	0
-141	62	0
-143	90	0
-143	94	0
-143	99	0
-143	103	0
-143	108	0
-144	114	0
-144	119	0
-143	124	0
-144	130	0
-144	136	0
-144	141	0
-144	148	0
-145	155	0
-145	162	0
-145	169	0
-132	162	0
-129	165	0
-121	163	0
-118	165	0
-113	165	0
-106	164	0
-101	163	0
-99	169	0
-116	208	0
-112	210	0
-112	222	0
-62	133	0
-87	218	0
-80	215	0
-77	221	0
-72	222	0
-66	222	0
-61	220	0
-56	222	0
-51	225	0
-45	217	0
-40	222	0
-36	224	0
-30	222	0
-25	219	0
-21	223	0
-16	226	0
-11	227	0
-5	217	0
-1	221	0
4	216	0
9	220	0
14	221	0
19	221	0
23	220	0
28	218	0
34	221	0
39	227	0
45	230	0
50	227	0
55	226	0
60	226	0
66	226	0
69	219	0
76	224	0
82	226	0
89	229	0
91	221	0
94	213	0
94	202	0
94	190	0
92	176	0
94	171	0
94	162	0
94	154	0
94	146	0
91	135	0
93	131	0
92	123	0
94	121	0
95	116	0
95	111	0
95	107	0
95	101	0
95	97	0
94	92	0
92	86	0
93	83	0
93	79	0
92	75	0
92	72	0
92	69	0
92	66	0
92	63	0
92	60	0
117	66	0
129	70	0
133	68	0
137	67	0
139	64	0
144	63	0
142	58	0
132	51	0
138	50	0
140	47	0
141	44	0
142	41	0
142	38	0
144	35	0
-148	1	0
-144	4	-1
-139	7	-1
-139	10	-2
-139	13	-2
-139	16	-3
-139	18	-3
-140	21	-4
-140	24	-4
-139	27	-5
-140	30	-6
-140	33	-6
-140	36	-7
-140	39	-7
-140	43	-8
-140	46	-8
-141	49	-9
-141	52	-10
-140	56	-10
-141	59	-11
-125	59	-11
-118	59	-11
-112	59	-11
-107	59	-11
-102	59	-11
-97	59	-11
-93	60	-11
-91	61	-11
-86	69	-13
-86	72	-13
-87	76	-14
-86	79	-15
-87	83	-15
-87	87	-16
-87	90	-17
-87	95	-17
-90	102	-19
-135	164	-30
-127	162	-30
-123	164	-30
-117	164	-30
-111	163	-30
-107	165	-30
-101	164	-30
-96	164	-30
-67	128	-24
-68	136	-25
-97	217	-40
-92	218	-40
-82	208	-38
-77	209	-39
-73	213	-39
-68	215	-40
-62	215	-40
-58	217	-40
-52	218	-40
-46	210	-39
-41	212	-39
-37	219	-41
-32	217	-40
-26	214	-40
-21	216	-40
-17	220	-41
-12	222	-41
-6	213	-39
-1	217	-40
4	211	-39
9	209	-39
13	209	-39
18	213	-39
23	211	-39
28	212	-39
33	211	-39
39	218	-40
45	224	-41
50	221	-41
55	219	-41
61	222	-41
66	222	-41
69	212	-39
74	214	-39
82	219	-40
89	223	-41
92	215	-40
91	200	-37
93	192	-35
91	178	-33
91	169	-31
94	165	-30
92	153	-28
93	147	-27
92	139	-26
92	132	-24
93	127	-24
91	119	-22
94	117	-22
95	113	-21
96	109	-20
95	103	-19
95	99	-18
95	94	-17
95	90	-17
92	84	-16
93	81	-15
95	79	-15
92	73	-14
93	70	-13
92	67	-12
92	64	-12
92	61	-11
92	58	-11
92	55	-10
94	54	-10
101	56	-10
152	73	-13
152	69	-13
151	65	-12
152	61	-11
151	57	-11
154	55	-10
137	45	-8
139	43	-8
141	40	-7
143	38	-7
153	37	-7
153	34	-6
154	31	-6
154	27	-5
