0	0	0
-218	45	34
-205	47	35
-196	49	36
-193	52	39
-180	53	39
-159	50	37
-155	52	39
-152	54	40
-150	57	42
-149	60	44
-166	78	58
-164	81	60
-163	85	63
-161	88	65
-160	91	68
-157	94	70
-155	97	72
-152	100	74
-150	103	76
-147	106	79
-147	110	82
-143	112	83
-141	115	86
-140	120	89
-180	159	118
-174	162	120
-140	136	101
-170	172	128
-165	175	130
-161	179	133
-157	182	135
-155	188	140
-151	191	142
-146	195	145
-143	200	149
-139	203	151
-136	209	155
-131	212	158
-128	218	162
-123	222	165
-119	227	169
-113	229	170
-109	235	174
-104	240	178
-100	246	182
-93	247	183
-90	257	191
-81	250	185
-73	246	182
-65	240	178
-56	231	172
-48	225	167
-42	223	165
-36	216	161
-29	208	154
-23	202	150
-17	199	148
-12	201	149
-8	206	153
-3	213	158
3	220	163
9	227	169
15	234	174
21	241	179
27	248	184
36	224	166
42	223	166
47	219	162
52	216	160
56	211	157
57	194	144
62	191	142
84	208	155
88	205	152
93	202	150
95	195	145
100	193	143
93	169	125
97	166	123
126	169	125
132	168	125
138	168	125
144	168	125
152	169	125
159	169	126
164	168	124
171	167	124
180	168	125
186	166	123
196	161	119
200	157	116
196	147	109
182	131	97
123	80	59
123	76	56
121	72	53
122	69	51
124	67	49
120	61	45
114	55	41
110	51	37
23	8	6
-213	45	24
-202	47	25
-196	50	27
-194	54	29
-180	54	29
-158	51	27
-153	53	28
-151	56	30
-149	59	31
-148	62	33
-148	66	35
-163	76	41
-165	81	43
-162	84	45
-161	88	47
-163	93	49
-160	96	51
-157	99	53
-153	101	54
-151	104	55
-149	108	57
-146	110	59
-145	114	61
-141	117	62
-139	120	64
-135	122	65
-134	126	67
-131	129	69
-129	132	70
-126	135	72
-123	138	73
-153	195	104
-149	199	106
-146	203	108
-142	207	110
-138	212	113
-134	216	115
-130	220	117
-126	225	119
-123	232	124
-118	235	125
-114	239	127
-109	244	130
-104	248	132
-99	252	134
-96	259	138
-90	263	140
-84	264	141
-75	255	136
-66	249	132
-59	242	129
-51	235	125
-45	232	123
-38	225	120
-32	221	117
-25	207	110
-20	203	108
-15	206	109
-11	211	112
-6	216	115
-1	222	118
4	227	121
9	235	125
15	240	128
20	238	126
48	240	128
54	239	127
58	233	124
65	239	127
71	239	127
77	239	127
83	238	127
89	237	126
95	239	127
101	238	127
106	233	124
112	233	124
119	234	125
122	228	121
128	226	120
132	220	117
130	207	110
132	201	107
137	198	106
143	198	105
144	190	101
149	187	100
152	183	97
157	180	96
161	177	94
167	176	93
170	171	91
173	168	89
178	164	87
182	162	86
184	156	83
177	143	76
182	135	72
124	87	46
124	83	44
124	79	42
123	75	40
123	72	38
126	70	37
120	63	34
116	57	31
23	8	4
22	7	4
22	6	3
-222	41	14
-211	44	15
-203	47	16
-197	50	17
-194	54	19
-183	55	19
-155	51	18
-153	54	19
-151	56	20
-149	59	21
-148	63	22
-158	71	25
-175	83	29
-164	82	28
-161	85	30
-159	89	31
-162	94	33
-160	98	34
-155	100	35
-151	102	35
-149	105	36
-148	109	38
-145	112	39
-145	117	41
-141	119	41
-140	124	43
-136	125	43
-134	129	45
-130	131	45
-127	134	47
-124	137	47
-122	140	49
-161	192	67
-156	194	67
-152	199	69
-149	203	71
-142	203	71
-139	209	73
-135	211	73
-131	216	75
-129	223	77
-125	228	79
-248	497	173
-153	326	113
-146	329	114
-127	306	106
-100	257	89
-95	262	91
-90	266	92
-85	268	93
-75	258	90
-67	252	88
-60	246	85
-52	238	83
-45	231	80
-39	225	78
-34	224	78
-28	216	75
-22	210	73
-17	205	71
-13	211	73
-8	215	75
-4	221	77
1	227	79
6	233	81
12	240	84
18	247	86
23	253	88
29	260	90
36	264	92
41	260	90
48	267	93
54	268	93
56	250	87
65	261	91
70	256	89
72	244	85
79	248	86
84	245	85
88	239	83
93	237	82
98	234	81
95	213	74
99	210	73
157	202	70
161	199	69
166	196	68
170	192	67
174	188	65
178	185	64
182	181	63
186	177	61
190	173	60
194	169	59
199	166	58
202	161	56
189	144	50
176	128	44
128	88	31
134	88	30
130	81	28
132	79	27
131	74	26
122	66	23
116	59	21
22	7	3
21	7	2
21	6	2
21	6	2
-230	35	6
-216	37	6
-209	41	7
-204	45	8
-202	49	8
-195	52	9
-187	54	9
-155	49	9
-152	52	9
-150	54	9
-148	57	10
-156	65	11
-155	68	12
-198	91	16
-164	80	14
-159	82	14
-158	86	15
-161	92	16
-159	96	17
-156	99	17
-152	101	17
-148	103	18
-147	107	19
-145	111	19
-142	113	20
-140	117	20
-139	121	21
-136	124	21
-133	126	22
-130	129	22
-128	132	23
-125	135	23
-122	138	24
-136	167	29
-133	171	30
-128	173	30
-124	174	30
-121	179	31
-124	192	33
-130	211	37
-130	220	38
-127	226	39
-258	504	87
-250	516	90
-144	317	55
-132	309	54
-102	255	44
-97	258	45
-92	263	46
-88	268	47
-79	260	45
-70	253	44
-63	246	43
-55	238	41
-49	234	41
-42	228	40
-36	223	39
-30	217	38
-24	207	36
-20	206	36
-15	204	35
-11	210	36
-6	216	37
-2	221	38
3	226	39
8	232	40
13	238	41
19	245	43
25	254	44
31	259	45
37	268	46
45	278	48
52	283	49
59	284	49
64	279	48
69	274	48
74	270	47
80	267	46
85	263	46
89	256	44
94	254	44
99	250	43
104	247	43
108	242	42
113	238	41
117	233	41
122	230	40
126	226	39
131	223	39
135	220	38
140	217	38
143	212	37
148	208	36
152	205	36
157	203	35
161	198	34
165	194	34
169	191	33
172	186	32
178	184	32
182	180	31
185	176	31
189	172	30
194	169	29
198	165	29
203	161	28
194	148	26
180	131	23
168	116	20
157	103	18
148	93	16
139	83	14
132	75	13
126	68	12
21	8	1
21	7	1
20	7	1
20	6	1
20	6	1
20	5	1
21	5	1
-232	26	0
-219	29	0
-214	33	0
-210	37	0
-205	41	0
-204	46	0
-196	48	0
-187	50	0
-173	51	0
-167	53	0
-150	51	0
-148	54	0
-147	58	0
-156	65	0
-185	81	0
-191	88	0
-161	79	0
-161	83	0
-162	88	0
-160	92	0
-157	94	0
-154	97	0
-151	100	0
-148	103	0
-146	106	0
-144	109	0
-142	113	0
-139	115	0
-140	121	0
-134	121	0
-131	123	0
-129	127	0
-126	129	0
-124	133	0
-121	135	0
-128	149	0
-126	154	0
-115	147	0
-111	149	0
-116	162	0
-112	164	0
-113	174	0
-110	177	0
-105	179	0
-101	180	0
-157	322	0
-146	319	0
-101	249	0
-97	254	0
-91	259	0
-85	258	0
-77	252	0
-69	246	0
-61	239	0
-54	233	0
-47	227	0
-41	221	0
-35	216	0
-29	210	0
-24	204	0
-19	200	0
-14	200	0
-10	205	0
-6	211	0
-2	218	0
3	223	0
8	228	0
13	233	0
18	228	0
23	224	0
28	224	0
33	225	0
39	232	0
44	230	0
49	231	0
55	234	0
62	240	0
69	244	0
78	258	0
84	256	0
89	252	0
94	248	0
98	244	0
103	240	0
99	218	0
112	232	0
116	229	0
121	227	0
126	223	0
130	220	0
134	216	0
138	211	0
143	209	0
147	205	0
152	202	0
156	199	0
159	194	0
164	191	0
168	187	0
172	183	0
176	180	0
180	177	0
184	172	0
187	168	0
192	166	0
198	163	0
200	158	0
139	86	0
143	84	0
135	76	0
129	69	0
21	8	0
20	7	0
20	6	0
20	6	0
20	5	0
20	5	0
20	4	0
20	4	0
20	4	0
-46	2	0
-46	3	-1
-242	20	-4
-227	23	-4
-222	28	-5
-218	31	-6
-213	35	-7
-211	39	-7
-205	43	-8
-202	46	-9
-195	49	-9
-186	51	-9
-177	52	-10
-167	53	-10
-148	51	-9
-147	54	-10
-179	69	-13
-184	75	-14
-197	86	-16
-187	86	-16
-167	81	-15
-164	84	-16
-164	88	-16
-161	91	-17
-159	94	-17
-155	97	-18
-153	100	-18
-150	103	-19
-149	106	-20
-146	109	-20
-141	110	-20
-139	113	-21
-182	154	-28
-134	119	-22
-131	121	-22
-129	125	-23
-126	128	-24
-123	130	-24
-121	133	-25
-119	137	-25
-113	137	-25
-112	140	-26
-109	144	-27
-105	145	-27
-103	149	-28
-102	154	-28
-98	156	-29
-97	161	-30
-94	164	-30
-91	169	-31
-89	173	-32
-111	228	-42
-107	233	-43
-104	240	-44
-99	243	-45
-94	247	-46
-90	253	-47
-82	250	-46
-74	244	-45
-66	237	-44
-59	231	-43
-52	226	-42
-45	220	-41
-39	213	-39
-33	209	-39
-27	202	-37
-22	197	-36
-17	193	-36
-13	197	-36
-9	203	-37
-3	190	-35
1	188	-35
5	184	-34
9	177	-33
13	176	-32
16	171	-32
20	168	-31
24	166	-31
27	163	-30
30	161	-30
34	158	-29
37	155	-29
40	152	-28
42	148	-27
46	146	-27
48	144	-27
51	141	-26
55	141	-26
57	137	-25
59	134	-25
62	133	-25
65	130	-24
67	128	-24
70	126	-23
72	124	-23
75	123	-23
78	121	-22
81	120	-22
84	118	-22
86	116	-22
89	116	-21
93	114	-21
96	113	-21
98	111	-21
103	111	-21
105	109	-20
111	111	-20
114	108	-20
118	108	-20
125	110	-20
37	29	-5
37	27	-5
38	27	-5
39	26	-5
39	25	-5
40	25	-5
41	24	-4
41	23	-4
42	23	-4
43	22	-4
44	21	-4
21	8	-1
20	7	-1
20	6	-1
20	6	-1
19	5	-1
19	5	-1
20	5	-1
20	4	-1
20	4	-1
20	3	-1
20	3	-1
20	3	0
20	2	0
21	2	0
-45	-1	0
-43	0	0
-44	1	0
-44	2	-1
-228	22	-9
-223	26	-10
-221	30	-12
-218	33	-13
-212	37	-15
-206	40	-16
-203	43	-17
-196	46	-18
-192	49	-19
-183	50	-20
-175	52	-20
-167	53	-21
-157	53	-21
-201	76	-30
-185	75	-29
-178	76	-30
-175	78	-31
-167	79	-31
-164	82	-32
-162	85	-33
-160	88	-35
-159	92	-36
-156	94	-37
-153	96	-38
-151	99	-39
-148	102	-40
-147	106	-42
-142	107	-42
-140	110	-43
-140	114	-45
-134	114	-45
-132	118	-46
-129	120	-48
-127	124	-49
-123	125	-50
-121	129	-51
-123	137	-54
-124	143	-57
-124	150	-59
-113	144	-57
-107	143	-56
-105	147	-58
-102	150	-59
-99	153	-60
-96	156	-62
-94	160	-63
-91	165	-65
-88	168	-66
-106	212	-84
-100	212	-84
-94	212	-84
-88	213	-84
-82	213	-84
-76	213	-84
-71	214	-85
-65	213	-84
-59	213	-84
-53	213	-84
-48	214	-84
-42	211	-83
-36	205	-81
-29	198	-78
-24	194	-76
-18	190	-75
-14	193	-76
-9	197	-78
-4	194	-77
1	205	-81
5	201	-79
9	166	-65
13	164	-65
17	165	-65
21	164	-65
25	163	-64
28	159	-63
32	155	-61
35	150	-59
38	148	-58
41	145	-57
44	143	-56
47	141	-56
50	139	-55
53	136	-54
56	133	-53
59	132	-52
61	129	-51
65	128	-50
68	126	-50
70	123	-49
72	120	-47
74	117	-46
75	114	-45
78	111	-44
81	110	-43
84	110	-43
87	109	-43
89	106	-42
39	37	-15
38	35	-14
40	33	-13
40	31	-12
43	33	-13
44	32	-13
44	31	-12
45	30	-12
45	29	-11
46	28	-11
46	27	-11
47	26	-10
48	25	-10
48	24	-10
49	23	-9
19	6	-3
19	6	-2
19	6	-2
19	5	-2
19	5	-2
19	5	-2
19	4	-2
19	4	-2
19	3	-1
20	3	-1
20	3	-1
20	2	-1
20	2	-1
20	2	-1
21	1	-1
21	1	0
-43	-2	2
-41	-1	1
-42	-1	1
-42	0	0
-42	0	0
-44	1	-1
-44	2	-1
-228	21	-14
-224	24	-16
-221	28	-18
-219	31	-20
-214	34	-22
-211	37	-24
-204	40	-26
-205	44	-28
-195	45	-29
-188	47	-31
-178	48	-31
-171	49	-32
-164	50	-33
-157	51	-33
-182	63	-41
-182	66	-43
-178	68	-45
-174	71	-46
-171	73	-48
-170	76	-50
-166	78	-51
-164	81	-53
-162	84	-55
-159	86	-56
-157	89	-58
-157	93	-61
-154	96	-62
-150	97	-63
-147	100	-65
-144	102	-67
-142	105	-68
-140	108	-70
-152	122	-80
-134	113	-73
-131	115	-75
-128	118	-77
-126	121	-79
-123	123	-81
-108	118	-77
-107	123	-80
-99	120	-78
-103	129	-84
-89	118	-77
-86	120	-79
-89	131	-86
-85	132	-86
-81	132	-86
-76	132	-86
-72	132	-86
-68	133	-87
-63	132	-86
-60	133	-87
-55	133	-87
-51	133	-87
-47	133	-87
-43	133	-87
-38	128	-84
-35	133	-87
-31	134	-87
-27	133	-87
-24	133	-87
-20	133	-87
-16	133	-87
-12	133	-87
-9	133	-87
-5	133	-87
-1	133	-87
3	133	-87
6	133	-87
10	133	-87
14	133	-87
17	133	-87
21	133	-87
25	134	-87
29	134	-87
33	134	-87
37	134	-87
40	134	-87
44	134	-87
48	132	-86
53	134	-88
57	135	-88
61	134	-88
65	134	-88
68	132	-86
71	129	-84
75	128	-83
78	126	-82
87	134	-87
92	135	-88
97	135	-88
87	114	-75
89	111	-73
42	45	-30
43	44	-29
44	44	-29
30	21	-14
29	20	-13
30	19	-12
30	18	-12
36	20	-13
36	19	-12
60	27	-18
18	6	-4
18	6	-4
18	5	-4
19	5	-3
19	5	-3
19	4	-3
19	4	-3
19	4	-2
19	4	-2
19	3	-2
19	3	-2
19	3	-2
20	2	-1
20	2	-1
20	2	-1
20	1	-1
21	1	0
