-236	44	23
-237	49	26
-231	53	28
-276	75	40
-269	79	42
-261	83	44
-255	87	46
-252	92	49
-173	68	36
-230	113	60
-235	121	65
-351	190	101
-344	205	109
-343	215	115
-345	227	121
-348	240	128
-153	112	60
-147	113	60
-140	113	60
-139	117	62
-140	122	65
-140	128	68
-141	134	71
-141	141	75
-142	148	79
-142	155	83
-143	163	87
-144	171	91
-145	180	96
-145	189	101
-145	198	105
-146	209	111
52	201	107
52	186	99
42	134	71
44	131	70
46	125	67
49	125	67
51	121	64
54	120	64
57	119	64
57	113	60
58	108	57
58	102	54
58	98	52
59	93	49
59	89	47
59	85	45
58	79	42
58	76	40
58	72	38
61	66	35
61	63	34
61	60	32
61	58	31
61	55	29
62	53	28
62	51	27
62	48	26
62	46	25
62	44	24
62	42	23
62	40	21
62	39	20
63	37	20
63	35	19
63	33	18
62	32	17
63	30	16
63	28	15
63	27	14
63	25	13
-246	45	24
-238	49	26
-231	52	28
-276	74	39
-270	78	42
-262	82	44
-257	87	46
-254	92	49
-173	67	36
-169	70	37
-230	112	60
-234	120	64
-348	186	99
-345	204	109
-343	213	113
-344	224	119
-346	236	126
-154	112	60
-148	112	60
-142	113	60
-139	116	61
-140	122	65
-140	127	68
-140	133	71
-141	139	74
-140	146	77
-143	155	82
-143	162	86
-144	170	90
-144	178	95
-145	188	100
-146	197	105
-146	207	110
-7	207	110
51	206	109
53	191	102
42	138	73
44	132	70
46	129	69
49	128	68
50	122	65
53	119	64
56	120	64
57	115	61
58	110	58
58	104	55
58	99	53
59	95	50
59	90	48
59	86	46
59	82	44
58	76	41
58	73	39
58	70	37
61	67	36
61	64	34
61	61	33
61	59	31
61	56	30
61	54	29
62	51	27
62	49	26
62	47	25
62	45	24
62	43	23
62	41	22
62	39	21
62	37	20
62	36	19
62	34	18
63	32	17
63	31	16
63	29	15
63	27	15
63	26	14
-242	46	25
-232	50	26
-231	55	29
-277	71	38
-270	75	40
-265	80	42
-260	85	45
-254	89	47
-245	91	49
-171	69	37
-177	75	40
-232	115	61
-346	190	101
-339	195	104
-339	205	109
-339	216	115
-338	225	120
-339	237	126
-151	112	59
-145	113	60
-140	113	60
-141	119	63
-139	123	66
-141	130	69
-141	136	72
-140	142	76
-141	149	79
-142	157	84
-143	165	88
-142	172	92
-143	181	96
-145	192	102
-144	200	107
-145	212	113
-72	214	114
-23	203	108
-18	203	108
-14	206	109
-9	206	109
-4	203	108
1	206	110
5	204	108
10	203	108
20	203	108
24	203	108
39	202	107
52	195	104
54	183	97
43	134	71
46	130	69
47	124	66
50	124	66
52	120	64
55	120	64
57	117	62
58	112	59
58	105	56
58	100	53
58	96	51
59	91	48
59	87	46
59	83	44
58	77	41
58	74	39
59	71	38
61	67	36
61	65	34
61	62	33
61	59	31
61	57	30
61	54	29
61	52	28
62	50	26
62	47	25
62	46	24
62	44	23
62	42	22
62	40	21
62	38	20
62	36	19
62	34	18
62	33	17
63	31	17
63	29	16
63	28	15
63	26	14
64	25	13
-242	47	25
-232	50	27
-230	55	29
-277	72	38
-272	76	41
-264	80	43
-260	85	45
-254	89	47
-237	89	47
-171	69	37
-233	117	62
-333	175	93
-345	191	101
-340	197	105
-340	207	110
-339	217	115
-337	226	120
-157	112	59
-150	112	60
-145	113	60
-139	114	60
-140	120	64
-140	125	66
-141	131	70
-141	137	73
-141	144	77
-142	151	80
-142	158	84
-142	166	88
-143	174	93
-144	184	98
-145	194	103
-145	203	108
-42	202	107
-22	205	109
-17	206	110
-13	205	109
-8	206	109
-3	207	110
2	205	109
7	204	108
12	203	108
16	203	108
26	205	109
51	206	109
53	192	102
42	137	73
44	131	70
46	129	69
49	127	68
50	123	65
52	119	64
56	120	64
57	115	61
58	110	58
58	104	55
58	99	53
59	95	50
59	90	48
59	86	46
59	82	44
58	76	40
58	73	39
58	70	37
61	67	36
61	64	34
61	61	33
61	59	31
61	56	30
62	54	29
62	51	27
62	49	26
62	47	25
62	45	24
62	43	23
62	41	22
62	39	21
62	37	20
62	36	19
62	34	18
63	32	17
63	30	16
63	29	15
63	27	15
63	26	14
-220	43	19
-231	51	22
-230	55	24
-283	74	32
-271	77	34
-265	82	36
-259	86	38
-254	91	40
-170	70	31
-233	119	52
-338	181	79
-341	202	89
-345	215	94
-344	224	98
-346	237	104
-154	112	49
-150	114	50
-143	114	50
-139	116	51
-139	121	53
-140	128	56
-140	133	58
-140	139	61
-141	146	64
-142	154	67
-143	162	71
-143	170	74
-144	179	78
-144	187	82
-145	197	86
-147	209	91
-146	219	96
-143	224	98
-136	224	98
-129	224	98
-122	224	98
-117	225	99
-111	227	99
-105	228	100
-98	225	99
-92	226	99
-87	228	100
-81	227	99
-75	229	100
-69	228	100
-64	229	100
-59	230	101
-53	230	101
-48	231	101
-42	231	101
-37	233	102
-32	233	102
-27	234	103
-21	235	103
-16	234	103
-10	234	103
-5	236	103
0	236	103
6	236	103
11	235	103
17	237	104
22	235	103
27	236	103
33	236	103
39	239	104
44	239	104
49	235	103
51	219	96
52	201	88
53	185	81
45	143	62
46	136	59
49	134	59
51	131	57
53	127	56
57	129	57
57	120	52
57	114	50
58	109	48
58	103	45
58	99	43
59	94	41
60	87	38
61	83	37
60	80	35
61	76	33
61	73	32
61	70	30
61	67	29
61	64	28
61	61	27
61	58	26
61	56	24
61	54	23
62	51	22
62	49	21
62	47	21
62	45	20
62	43	19
62	41	18
62	39	17
62	37	16
62	35	15
62	33	15
63	32	14
63	30	13
63	28	12
63	27	12
63	25	11
64	24	11
-241	44	19
-231	48	21
-232	53	23
-229	57	25
-277	75	33
-268	79	35
-260	83	36
-258	88	39
-253	93	41
-172	68	30
-231	114	50
-235	123	54
-347	190	83
-343	208	91
-343	218	95
-345	230	101
-345	241	105
-153	113	50
-146	113	50
-140	114	50
-139	119	52
-140	124	54
-141	130	57
-140	136	59
-140	142	62
-142	150	66
-143	158	69
-144	166	73
-144	174	76
-145	183	80
-145	192	84
-146	202	88
-146	213	93
-146	223	97
-140	225	98
-133	224	98
-127	225	98
-120	225	98
-114	227	99
-108	227	99
-102	228	100
-96	226	99
-90	226	99
-85	229	100
-79	230	100
-73	229	100
-67	229	100
-62	229	100
-57	231	101
-51	230	101
-46	233	102
-40	232	101
-35	232	102
-29	233	102
-24	233	102
-19	234	102
-13	234	102
-8	235	103
-3	236	103
3	235	103
8	236	103
14	236	103
19	237	104
24	235	103
30	236	103
35	238	104
41	238	104
46	238	104
50	228	100
51	209	92
52	195	85
54	182	80
45	139	61
46	133	58
50	134	59
52	129	57
55	128	56
58	127	56
57	118	51
57	112	49
58	107	47
58	102	44
59	97	42
58	91	40
60	86	38
60	82	36
61	78	34
61	75	33
61	72	31
61	68	30
61	66	29
61	63	27
61	60	26
61	57	25
61	55	24
61	53	23
62	50	22
62	48	21
62	46	20
62	44	19
62	42	18
62	40	18
62	38	17
62	36	16
62	35	15
63	33	14
62	31	14
63	30	13
63	28	12
63	26	12
63	25	11
-244	44	19
-229	46	20
-231	52	23
-230	57	25
-275	74	32
-268	78	34
-263	83	36
-258	87	38
-254	92	40
-172	68	30
-172	72	32
-231	114	50
-233	121	53
-349	190	83
-339	194	85
-339	204	89
-341	216	94
-337	223	98
-337	234	103
-153	113	50
-148	114	50
-140	114	50
-139	118	52
-140	124	54
-141	130	57
-141	136	60
-140	142	62
-141	149	65
-142	157	68
-143	164	72
-144	174	76
-144	181	79
-145	191	84
-146	202	88
-146	212	93
-147	223	97
-140	223	97
-134	224	98
-127	224	98
-121	225	98
-114	225	99
-108	226	99
-103	228	100
-96	226	99
-90	226	99
-85	229	100
-79	228	100
-73	230	100
-68	230	101
-62	231	101
-57	231	101
-51	230	101
-45	231	101
-40	231	101
-35	231	101
-29	231	101
-24	232	102
-19	233	102
-13	233	102
-8	233	102
-3	234	102
3	235	103
8	234	102
14	236	103
19	237	104
24	236	103
30	238	104
35	238	104
41	237	104
46	238	104
50	226	99
51	209	92
52	194	85
54	182	80
45	138	61
47	133	58
50	134	59
52	129	57
55	129	56
58	126	55
57	118	51
57	112	49
58	106	46
58	101	44
58	96	42
60	86	37
60	82	36
60	78	34
61	74	33
61	71	31
61	68	30
61	65	28
61	62	27
61	59	26
61	57	25
61	55	24
61	52	23
62	50	22
62	48	21
62	46	20
62	44	19
62	42	18
62	40	17
62	38	17
62	36	16
62	34	15
62	33	14
63	31	14
63	29	13
63	28	12
63	26	11
63	25	11
-213	41	18
-231	49	21
-231	54	24
-268	69	30
-272	76	33
-265	80	35
-260	85	37
-255	89	39
-249	94	41
-172	70	30
-232	118	51
-345	193	84
-340	200	87
-339	209	91
-339	220	96
-338	230	100
-157	113	49
-150	114	50
-144	114	50
-139	115	50
-139	120	53
-139	126	55
-140	133	58
-140	139	61
-140	145	63
-141	152	67
-143	161	70
-143	169	74
-143	176	77
-143	185	81
-146	197	86
-146	207	90
-145	215	94
-143	223	98
-137	223	98
-131	225	98
-123	224	98
-117	225	98
-112	226	99
-106	228	100
-99	227	99
-93	227	99
-88	228	100
-82	228	100
-76	229	100
-71	230	100
-65	230	100
-59	231	101
-54	230	101
-48	231	101
-43	230	101
-37	231	101
-32	231	101
-27	232	102
-21	233	102
-16	233	102
-10	233	102
-5	233	102
0	234	102
6	234	102
11	234	102
17	236	103
22	237	104
27	237	104
33	237	104
38	239	104
44	239	104
50	239	105
51	217	95
52	200	88
53	187	82
44	141	62
46	136	59
49	134	59
51	131	57
53	127	56
57	129	56
57	120	52
57	114	50
58	108	47
58	103	45
59	98	43
58	93	41
60	87	38
60	83	36
61	79	35
61	76	33
61	72	32
61	69	30
61	66	29
61	63	28
61	61	26
61	58	25
61	55	24
62	53	23
61	51	22
62	48	21
62	46	20
62	45	19
62	42	19
62	41	18
62	39	17
62	37	16
62	35	15
62	33	15
62	31	14
62	30	13
63	28	12
63	27	12
63	25	11
64	24	11
-225	47	16
-233	54	19
-274	75	26
-266	79	28
-262	85	29
-256	89	31
-250	93	32
-171	69	24
-231	116	40
-235	125	43
-339	198	69
-342	210	73
-343	221	77
-349	236	82
-348	246	86
-152	114	40
-146	115	40
-140	115	40
-140	121	42
-140	126	44
-140	132	46
-140	138	48
-141	144	50
-142	153	53
-143	160	55
-143	168	58
-144	177	61
-145	185	64
-145	194	67
-146	205	71
-146	214	74
-146	225	78
-139	225	78
-133	226	79
-126	226	78
-120	228	79
-114	228	79
-108	229	80
-102	228	79
-96	229	80
-90	230	80
-84	230	80
-79	230	80
-73	231	80
-68	231	80
-62	232	81
-57	233	81
-51	232	80
-46	233	81
-41	234	81
-35	234	81
-30	236	82
-25	236	82
-20	234	81
-14	234	81
-9	236	82
-4	235	82
2	237	82
7	238	83
12	237	82
18	239	83
22	239	83
28	239	83
33	239	83
39	239	83
44	239	83
49	237	82
51	219	76
52	201	70
53	187	65
54	175	61
55	165	57
55	155	54
56	146	51
57	138	48
57	130	45
57	122	42
58	118	41
59	112	39
59	107	37
59	101	35
59	97	34
60	92	32
60	88	31
60	85	29
60	81	28
60	77	27
60	74	26
61	71	25
61	68	23
61	65	22
61	62	22
61	59	21
61	57	20
61	54	19
62	52	18
61	50	17
62	48	17
62	46	16
62	44	15
62	41	14
62	40	14
62	38	13
62	36	13
62	34	12
63	32	11
62	31	11
63	29	10
63	27	10
63	26	9
63	24	8
64	23	8
-194	35	12
-226	46	16
-232	52	18
-232	58	20
-276	74	26
-270	79	28
-263	84	29
-258	88	31
-252	92	32
-171	68	24
-230	115	40
-233	123	43
-343	199	69
-341	208	72
-343	220	76
-348	245	85
-152	114	40
-146	114	40
-140	115	40
-140	120	42
-140	125	44
-140	131	46
-140	137	48
-140	144	50
-141	151	52
-143	159	55
-144	168	58
-144	175	61
-144	184	64
-144	192	67
-145	203	70
-147	215	75
-147	226	78
-140	226	78
-134	227	79
-127	227	79
-120	227	79
-114	228	79
-108	228	79
-102	228	79
-96	228	79
-91	230	80
-85	231	80
-79	231	80
-73	231	80
-68	231	80
-63	233	81
-57	233	81
-52	234	81
-47	235	82
-41	232	81
-36	234	81
-30	234	81
-25	235	81
-20	235	82
-14	235	82
-9	235	82
-4	236	82
2	236	82
7	238	83
12	238	83
17	237	82
23	238	83
28	239	83
33	239	83
39	239	83
44	239	83
49	237	82
51	219	76
52	201	70
53	187	65
54	175	61
55	165	57
56	154	54
56	146	51
57	138	48
57	129	45
57	122	42
58	118	41
59	112	39
59	106	37
59	101	35
60	97	34
60	92	32
60	88	31
60	84	29
60	80	28
61	77	27
61	73	25
61	70	24
61	67	23
61	64	22
61	62	21
61	59	20
61	56	20
61	54	19
62	52	18
62	49	17
62	47	16
62	45	16
62	43	15
62	41	14
62	39	14
62	38	13
62	35	12
62	34	12
63	32	11
63	31	11
63	29	10
63	27	9
63	26	9
63	24	8
64	23	8
-193	33	12
-228	44	15
-226	48	17
-233	55	19
-274	71	25
-271	77	27
-265	81	28
-260	86	30
-254	90	31
-238	91	31
-172	70	24
-178	78	27
-232	119	41
-345	195	68
-340	202	70
-342	213	74
-341	223	77
-337	231	80
-156	114	39
-150	115	40
-143	115	40
-138	116	40
-140	122	42
-140	128	44
-141	134	47
-141	140	49
-141	147	51
-141	154	53
-142	162	56
-144	171	59
-144	178	62
-144	187	65
-146	198	69
-146	208	72
-146	218	76
-143	224	78
-137	226	78
-131	226	79
-124	226	78
-118	227	79
-112	229	79
-107	230	80
-100	229	80
-94	229	79
-88	230	80
-82	230	80
-77	231	80
-71	232	81
-65	230	80
-60	231	80
-54	231	80
-49	233	81
-44	232	81
-38	233	81
-33	234	81
-28	235	81
-23	235	82
-17	235	82
-12	236	82
-7	236	82
-2	236	82
4	236	82
9	237	82
14	237	82
19	237	82
25	237	82
30	237	82
36	238	83
42	240	83
47	240	83
50	227	79
51	211	73
52	194	68
53	182	63
54	171	59
55	161	56
56	151	52
56	142	49
57	134	47
58	121	42
58	115	40
59	109	38
59	104	36
59	99	34
60	94	33
60	90	31
60	86	30
60	82	29
60	78	27
61	75	26
61	72	25
61	69	24
61	66	23
61	63	22
61	60	21
61	58	20
61	55	19
61	53	18
62	51	18
61	48	17
62	46	16
62	44	15
62	42	15
62	40	14
62	39	13
62	37	13
62	35	12
62	33	12
63	32	11
63	30	10
62	28	10
63	27	9
63	25	9
63	24	8
-236	44	15
-223	47	16
-233	54	19
-272	75	26
-266	80	28
-261	85	29
-255	89	31
-250	94	32
-172	70	24
-175	75	26
-197	89	31
-233	118	41
-235	126	44
-339	189	66
-339	199	69
-341	210	73
-341	221	77
-338	230	80
-158	114	40
-151	114	40
-145	115	40
-140	116	40
-140	122	42
-140	127	44
-141	133	46
-141	140	49
-140	145	51
-141	153	53
-142	161	56
-143	169	59
-144	178	62
-144	187	65
-144	196	68
-145	207	72
-146	218	76
-143	224	78
-138	226	79
-131	226	78
-124	226	79
-118	227	79
-112	229	79
-106	229	79
-100	229	80
-94	229	80
-88	230	80
-82	230	80
-77	230	80
-72	232	81
-66	232	81
-60	230	80
-55	231	80
-49	232	80
-44	232	81
-39	234	81
-33	234	81
-28	235	81
-23	235	82
-17	235	82
-12	235	82
-7	235	82
-2	236	82
4	236	82
9	237	82
14	237	82
20	236	82
25	237	82
30	239	83
36	238	83
41	239	83
47	240	83
50	227	79
51	210	73
52	194	67
54	181	63
55	171	59
55	159	55
56	150	52
57	142	49
57	134	47
58	121	42
59	115	40
59	109	38
59	104	36
59	99	34
60	94	33
60	90	31
60	86	30
60	82	29
60	78	27
61	75	26
61	72	25
61	69	24
61	66	23
61	63	22
61	60	21
61	57	20
61	55	19
61	53	18
62	51	18
62	48	17
62	46	16
62	44	15
62	42	15
62	40	14
62	38	13
62	36	13
62	35	12
63	33	11
62	31	11
63	30	10
63	28	10
63	26	9
63	25	9
63	23	8
-186	28	7
-191	37	10
-232	49	13
-224	53	14
-272	77	20
-265	81	21
-260	86	22
-255	91	24
-242	92	24
-171	70	18
-233	120	31
-346	196	51
-340	202	53
-344	215	56
-343	225	58
-346	238	62
-156	114	30
-149	115	30
-143	115	30
-140	117	30
-140	123	32
-140	129	33
-140	135	35
-140	141	37
-141	148	38
-142	156	40
-143	164	43
-144	172	45
-145	181	47
-145	190	49
-146	199	52
-146	210	55
-147	220	57
-143	225	58
-136	226	59
-129	226	59
-123	226	59
-117	228	59
-112	230	60
-105	228	59
-99	229	60
-93	230	60
-88	230	60
-82	230	60
-77	231	60
-71	232	60
-65	231	60
-60	233	60
-55	233	60
-49	233	60
-44	233	61
-39	234	61
-33	235	61
-28	235	61
-23	236	61
-18	236	61
-12	235	61
-7	235	61
-2	237	62
3	237	62
9	237	61
14	237	62
19	237	61
24	239	62
30	240	62
35	240	62
41	240	62
46	240	62
50	231	60
51	214	55
52	197	51
53	184	48
54	172	45
55	162	42
56	153	40
56	145	38
57	136	35
58	129	34
58	123	32
58	116	30
59	111	29
59	106	27
60	101	26
60	96	25
60	91	24
60	87	23
60	83	22
60	80	21
61	76	20
61	73	19
61	70	18
61	67	17
61	64	17
61	61	16
61	58	15
61	56	15
61	54	14
61	51	13
62	49	13
62	47	12
62	45	12
62	43	11
62	41	11
62	39	10
62	37	10
62	35	9
62	33	9
63	32	8
63	30	8
62	28	7
63	27	7
63	25	7
63	24	6
63	22	6
-185	28	7
-188	33	9
-232	51	13
-220	53	14
-278	74	19
-271	78	20
-264	83	21
-260	87	23
-254	92	24
-173	72	19
-229	113	29
-233	121	31
-350	191	50
-343	207	54
-344	218	57
-342	228	59
-345	240	62
-154	114	30
-148	115	30
-141	115	30
-139	118	31
-140	124	32
-140	130	34
-141	136	35
-141	143	37
-141	150	39
-142	158	41
-143	166	43
-143	174	45
-145	184	48
-145	192	50
-145	202	52
-146	213	55
-148	226	59
-140	225	58
-134	227	59
-127	226	59
-122	228	59
-116	229	60
-110	230	60
-104	229	60
-98	230	60
-91	229	59
-86	230	60
-80	231	60
-75	232	60
-69	232	60
-64	232	60
-59	233	61
-53	234	61
-48	233	61
-42	234	61
-37	233	61
-32	233	60
-27	235	61
-21	236	61
-16	234	61
-11	236	61
-6	237	61
-1	237	62
5	237	62
10	238	62
15	238	62
20	238	62
26	239	62
31	240	62
37	240	62
42	240	62
48	240	62
51	227	59
52	209	54
52	193	50
53	180	47
54	169	44
56	160	42
56	150	39
57	142	37
57	134	35
58	127	33
58	121	31
59	115	30
59	109	28
59	104	27
59	99	26
60	94	25
60	90	23
60	86	22
60	82	21
60	79	20
60	75	20
61	72	19
61	69	18
61	66	17
61	63	16
61	60	16
61	58	15
61	55	14
61	53	14
61	50	13
62	48	13
62	47	12
62	45	12
62	42	11
62	40	11
62	38	10
62	37	10
62	35	9
63	33	9
63	31	8
63	30	8
63	28	7
63	26	7
63	25	6
63	23	6
64	22	6
-185	29	7
-188	33	9
-188	38	10
-230	51	13
-224	55	14
-277	74	19
-269	78	20
-263	83	21
-260	88	23
-254	92	24
-176	69	18
-174	73	19
-230	114	30
-234	122	32
-349	192	50
-341	197	51
-339	206	54
-341	218	57
-339	228	59
-339	239	62
-153	114	30
-147	115	30
-140	115	30
-140	120	31
-141	126	33
-140	132	34
-141	138	36
-141	144	38
-141	151	39
-143	161	42
-143	168	44
-144	176	46
-145	185	48
-145	194	50
-146	204	53
-146	215	56
-147	226	59
-139	225	59
-132	226	59
-126	227	59
-120	228	59
-115	230	60
-108	229	59
-102	228	59
-96	229	60
-90	230	60
-85	231	60
-79	230	60
-74	231	60
-68	230	60
-62	231	60
-57	232	60
-52	232	60
-46	234	61
-41	235	61
-36	234	61
-30	234	61
-25	235	61
-20	235	61
-15	236	61
-9	236	61
-4	236	61
1	237	61
6	238	62
12	239	62
17	238	62
22	237	62
27	238	62
33	239	62
38	238	62
44	241	63
49	239	62
51	220	57
52	202	53
53	189	49
54	177	46
55	166	43
55	156	41
56	147	38
57	139	36
57	132	34
58	125	32
58	119	31
59	113	29
59	107	28
59	102	27
60	98	25
59	93	24
60	89	23
60	85	22
60	81	21
60	77	20
60	74	19
61	71	18
61	68	18
61	65	17
61	62	16
61	59	15
61	57	15
61	54	14
61	52	14
62	50	13
62	48	12
62	46	12
62	44	11
62	42	11
62	40	10
62	38	10
62	36	9
62	34	9
62	33	8
63	31	8
63	29	8
63	27	7
63	26	7
63	24	6
63	23	6
64	21	6
-191	27	7
-185	30	8
-188	35	9
-230	47	12
-233	53	14
-228	58	15
-274	75	20
-268	80	21
-261	84	22
-257	90	23
-252	94	24
-171	69	18
-175	75	20
-197	89	23
-233	118	31
-235	125	33
-350	196	51
-340	200	52
-340	211	55
-340	221	57
-337	230	60
-158	115	30
-151	115	30
-145	116	30
-139	116	30
-140	122	32
-140	128	33
-141	134	35
-141	140	36
-141	147	38
-142	154	40
-142	162	42
-144	171	44
-144	179	46
-145	188	49
-145	198	51
-146	208	54
-147	220	57
-144	226	59
-137	227	59
-130	226	59
-124	226	59
-118	229	59
-113	230	60
-106	230	60
-100	229	60
-94	229	60
-88	230	60
-83	231	60
-77	231	60
-71	230	60
-66	231	60
-60	231	60
-55	233	61
-50	232	60
-45	234	61
-39	233	61
-34	233	61
-29	235	61
-23	235	61
-18	234	61
-13	236	61
-8	236	61
-2	237	62
3	235	61
8	238	62
13	238	62
19	238	62
24	238	62
29	238	62
35	239	62
40	238	62
46	240	62
49	230	60
51	213	55
52	197	51
53	185	48
54	173	45
55	162	42
56	153	40
56	144	37
57	137	36
58	130	34
58	122	32
58	117	30
59	111	29
59	106	27
59	101	26
60	96	25
60	91	24
60	87	23
60	84	22
60	80	21
60	76	20
61	73	19
61	70	18
61	67	17
61	64	17
61	61	16
61	58	15
61	56	15
61	53	14
61	51	13
61	49	13
62	47	12
62	45	12
62	43	11
62	41	11
62	39	10
62	37	10
62	35	9
62	33	9
62	32	8
63	30	8
63	28	7
63	27	7
63	25	7
63	23	6
63	22	6
-182	24	4
-177	28	5
-190	34	6
-192	38	7
-214	48	8
-232	57	10
-218	59	10
-268	78	14
-264	83	14
-260	88	15
-253	92	16
-172	68	12
-173	73	13
-229	114	20
-234	123	21
-348	191	33
-339	206	36
-345	220	38
-343	230	40
-346	244	42
-153	114	20
-147	115	20
-139	114	20
-140	120	21
-139	125	22
-141	132	23
-140	138	24
-135	139	24
-132	141	25
-130	146	25
-122	144	25
-116	142	25
-110	142	25
-107	145	25
-105	148	26
-104	155	27
-103	159	28
-101	164	29
-101	173	30
-99	179	31
-98	187	32
-114	227	39
-108	228	40
-102	229	40
-96	229	40
-90	229	40
-84	229	40
-80	231	40
-74	232	40
-69	232	40
-62	230	40
-57	232	40
-52	231	40
-47	234	41
-42	234	41
-36	233	40
-31	234	41
-26	233	40
-21	235	41
-15	236	41
-10	235	41
-5	236	41
0	238	41
5	236	41
11	237	41
16	237	41
21	237	41
27	238	41
32	238	41
37	240	42
43	240	42
56	149	26
56	141	24
57	133	23
58	126	22
58	120	21
58	114	20
59	108	19
59	103	18
59	98	17
60	94	16
60	90	16
60	85	15
60	82	14
61	78	14
60	75	13
61	71	12
61	69	12
61	65	11
61	63	11
61	60	10
61	57	10
61	55	10
62	53	9
61	50	9
62	48	8
62	46	8
62	44	8
62	42	7
62	40	7
62	38	7
62	36	6
62	35	6
62	33	6
62	31	5
63	29	5
63	28	5
63	26	5
63	24	4
63	23	4
63	21	4
64	20	3
-185	23	4
-178	26	5
-192	37	6
-230	49	9
-230	54	9
-273	77	13
-265	81	14
-260	86	15
-253	90	16
-223	85	15
-171	71	12
-234	120	21
-339	183	32
-340	204	35
-344	217	38
-344	227	39
-348	241	42
-155	114	20
-148	114	20
-142	115	20
-139	118	20
-140	124	22
-140	130	23
-140	136	24
-137	138	24
-133	141	24
-131	145	25
-124	144	25
-118	143	25
-112	142	25
-108	144	25
-106	147	26
-104	152	26
-102	156	27
-101	163	28
-100	169	29
-101	178	31
-99	185	32
-117	229	40
-110	228	40
-104	229	40
-98	229	40
-92	229	40
-86	229	40
-81	230	40
-76	231	40
-70	230	40
-64	231	40
-59	231	40
-54	233	40
-49	234	41
-43	233	40
-38	234	41
-33	233	41
-27	234	41
-22	235	41
-17	235	41
-12	236	41
-6	235	41
-1	236	41
4	235	41
9	237	41
14	237	41
20	237	41
25	239	42
31	240	42
36	239	42
41	240	42
53	143	25
56	142	25
57	136	24
57	128	22
58	121	21
58	115	20
59	110	19
59	105	18
59	100	17
59	95	16
60	91	16
60	87	15
60	83	14
60	79	14
60	76	13
61	72	13
61	69	12
61	66	12
61	64	11
61	61	11
61	58	10
61	55	10
61	53	9
61	51	9
62	49	8
62	47	8
62	44	8
62	43	7
62	40	7
62	39	7
62	37	6
62	35	6
63	33	6
62	31	5
63	30	5
63	28	5
63	26	5
63	25	4
63	23	4
63	22	4
63	20	4
-183	25	4
-177	28	5
-189	34	6
-192	38	7
-211	47	8
-234	57	10
-274	73	13
-269	78	14
-264	83	14
-257	87	15
-252	92	16
-173	68	12
-174	74	13
-195	87	15
-230	115	20
-234	123	21
-349	192	33
-339	197	34
-341	208	36
-340	218	38
-339	229	40
-339	239	42
-152	114	20
-147	115	20
-139	115	20
-140	120	21
-140	126	22
-141	132	23
-141	139	24
-135	139	24
-132	142	25
-131	147	25
-122	144	25
-115	141	25
-110	143	25
-107	145	25
-105	149	26
-104	155	27
-103	160	28
-101	165	29
-102	175	30
-100	180	31
-99	189	33
-114	228	40
-108	229	40
-101	228	40
-96	229	40
-90	230	40
-83	228	40
-78	229	40
-73	230	40
-68	231	40
-62	231	40
-57	233	40
-51	231	40
-46	231	40
-41	233	40
-35	233	40
-30	234	41
-25	233	40
-20	235	41
-15	236	41
-10	236	41
-4	236	41
1	235	41
6	235	41
12	237	41
17	237	41
22	236	41
27	238	41
33	238	41
38	239	41
43	238	41
50	152	26
55	145	25
57	139	24
57	132	23
57	124	22
58	119	21
59	113	20
59	107	19
59	102	18
59	97	17
60	93	16
60	89	15
60	85	15
60	81	14
60	77	13
60	74	13
61	71	12
61	68	12
61	65	11
61	62	11
61	60	10
61	57	10
61	54	9
61	52	9
62	50	9
61	48	8
62	46	8
62	44	8
62	41	7
62	39	7
62	38	7
62	36	6
62	34	6
63	32	6
63	31	5
63	29	5
62	27	5
63	26	4
63	24	4
63	22	4
63	21	4
64	20	3
-182	25	4
-177	29	5
-190	35	6
-195	40	7
-223	51	9
-234	59	10
-264	72	13
-266	79	14
-263	85	15
-256	89	15
-252	94	16
-172	69	12
-177	76	13
-195	89	15
-233	118	21
-236	126	22
-350	196	34
-340	200	35
-341	211	37
-340	221	38
-339	231	40
-158	114	20
-151	115	20
-144	115	20
-139	116	20
-140	122	21
-141	128	22
-141	135	23
-141	140	24
-134	140	24
-132	144	25
-130	149	26
-120	143	25
-114	142	25
-109	143	25
-106	146	25
-105	151	26
-104	157	27
-102	161	28
-100	167	29
-101	177	31
-99	182	32
-116	224	39
-111	228	40
-106	230	40
-100	229	40
-94	230	40
-88	230	40
-83	232	40
-76	229	40
-71	230	40
-66	232	40
-60	232	40
-54	231	40
-49	233	40
-44	232	40
-39	235	41
-33	233	40
-28	234	41
-23	235	41
-18	235	41
-13	236	41
-7	234	41
-2	237	41
3	235	41
9	236	41
14	238	41
19	237	41
24	238	41
29	238	41
35	239	41
40	238	41
45	234	41
51	149	26
53	144	25
56	143	25
57	136	24
57	129	22
58	122	21
58	116	20
58	110	19
59	105	18
59	100	17
60	96	17
60	91	16
60	87	15
60	83	14
60	79	14
60	76	13
61	73	13
61	69	12
61	66	12
61	64	11
61	61	11
61	58	10
61	56	10
61	53	9
61	51	9
62	49	8
62	47	8
62	45	8
62	43	7
62	41	7
62	39	7
62	37	6
62	35	6
62	33	6
62	31	5
62	30	5
63	28	5
63	26	5
63	25	4
63	23	4
63	22	4
63	20	4
-181	21	2
-174	25	2
-182	30	3
-193	36	3
-196	41	4
-205	47	4
-231	58	5
-278	76	7
-266	79	7
-261	84	7
-255	88	8
-253	94	8
-172	69	6
-176	75	7
-232	117	10
-238	126	11
-348	194	17
-338	198	17
-344	212	19
-345	223	19
-347	235	21
-157	113	10
-151	114	10
-144	114	10
-140	116	10
-140	121	11
-140	126	11
-141	133	12
-141	139	12
-141	145	13
-131	141	12
-126	143	12
-124	146	13
-119	147	13
-107	138	12
-104	141	12
-103	146	13
-102	152	13
-100	157	14
-99	161	14
-97	167	15
-96	174	15
-94	180	16
-94	189	17
-106	224	20
-102	228	20
-96	228	20
-90	229	20
-84	229	20
-79	230	20
-73	230	20
-68	231	20
-63	231	20
-57	231	20
-52	232	20
-47	234	20
-41	233	20
-36	233	20
-31	233	20
-26	233	20
-20	233	20
-15	234	20
-10	234	20
-5	235	21
0	236	21
5	235	21
11	236	21
16	237	21
21	237	21
26	236	21
31	236	21
37	239	21
43	239	21
53	141	12
55	137	12
57	133	12
57	126	11
58	120	10
58	114	10
59	109	10
59	103	9
59	98	9
60	94	8
60	90	8
60	86	8
60	82	7
60	78	7
60	75	7
61	72	6
61	69	6
61	66	6
61	63	6
61	60	5
61	58	5
61	55	5
61	53	5
62	50	4
61	48	4
62	46	4
62	44	4
62	42	4
62	40	4
62	39	3
62	36	3
62	35	3
63	33	3
63	31	3
63	30	3
63	28	2
63	26	2
63	25	2
63	23	2
63	22	2
63	20	2
63	19	2
-184	20	2
-175	23	2
-177	28	2
-191	34	3
-197	40	3
-201	45	4
-230	56	5
-269	78	7
-264	83	7
-257	87	8
-253	92	8
-172	68	6
-174	73	6
-231	114	10
-234	122	11
-348	191	17
-343	208	18
-346	220	19
-344	230	20
-348	244	21
-153	114	10
-146	114	10
-139	114	10
-140	119	10
-141	126	11
-141	131	11
-140	137	12
-141	143	13
-133	142	12
-128	143	12
-125	145	13
-122	149	13
-108	138	12
-104	139	12
-104	145	13
-102	150	13
-101	155	14
-99	160	14
-98	166	15
-97	172	15
-95	178	16
-94	187	16
-94	197	17
-102	226	20
-97	228	20
-92	230	20
-85	229	20
-80	230	20
-75	231	20
-69	232	20
-63	231	20
-58	231	20
-52	232	20
-47	232	20
-42	233	20
-37	233	20
-31	232	20
-26	233	20
-21	234	20
-16	234	20
-11	235	21
-5	235	21
0	236	21
5	235	21
10	236	21
16	237	21
21	237	21
26	236	21
31	236	21
37	239	21
42	239	21
52	140	12
55	137	12
57	133	12
57	127	11
58	120	10
58	114	10
59	109	10
59	104	9
59	99	9
60	94	8
60	90	8
60	86	8
60	82	7
60	78	7
60	75	7
61	72	6
61	69	6
61	66	6
61	63	6
61	60	5
61	58	5
61	55	5
61	53	5
61	51	4
61	48	4
62	46	4
62	44	4
62	42	4
62	40	4
62	39	3
62	37	3
62	35	3
63	33	3
63	31	3
62	30	3
63	28	2
63	27	2
63	25	2
63	23	2
63	22	2
63	20	2
63	19	2
-181	22	2
-175	25	2
-194	37	3
-198	42	4
-208	49	4
-215	55	5
-273	76	7
-266	80	7
-261	85	7
-254	89	8
-249	94	8
-172	70	6
-180	78	7
-233	119	10
-341	183	16
-345	194	17
-339	201	18
-341	212	19
-342	224	20
-337	232	20
-156	114	10
-150	115	10
-142	114	10
-139	117	10
-140	123	11
-140	128	11
-141	135	12
-141	141	12
-136	142	12
-130	142	12
-126	144	13
-123	148	13
-116	146	13
-105	139	12
-104	143	13
-102	147	13
-102	154	14
-100	159	14
-98	163	14
-97	170	15
-96	176	15
-94	184	16
-94	193	17
-105	228	20
-100	229	20
-93	229	20
-88	230	20
-82	229	20
-76	229	20
-71	231	20
-65	230	20
-60	230	20
-54	231	20
-49	231	20
-44	231	20
-39	231	20
-33	233	20
-28	233	20
-23	234	20
-18	234	21
-13	235	21
-7	235	21
-2	235	21
3	235	21
8	237	21
13	236	21
19	237	21
24	238	21
29	237	21
34	237	21
40	237	21
44	230	20
52	142	12
54	138	12
57	136	12
57	129	11
58	123	11
58	117	10
58	111	10
59	105	9
59	100	9
59	96	8
60	92	8
60	87	8
60	84	7
60	80	7
60	76	7
60	73	6
61	70	6
61	67	6
61	64	6
61	61	5
61	59	5
61	56	5
61	54	5
61	51	4
61	49	4
62	47	4
62	45	4
62	43	4
62	41	4
62	39	3
62	37	3
62	35	3
62	34	3
62	32	3
63	30	3
63	29	2
63	27	2
63	25	2
63	24	2
63	22	2
63	21	2
63	19	2
64	18	2
-185	21	2
-175	24	2
-178	28	2
-191	34	3
-201	41	4
-204	46	4
-230	57	5
-271	73	6
-267	78	7
-261	83	7
-258	88	8
-252	93	8
-172	69	6
-175	74	6
-196	88	8
-232	116	10
-235	124	11
-351	194	17
-340	198	17
-341	208	18
-341	219	19
-340	229	20
-157	113	10
-152	114	10
-146	115	10
-139	115	10
-140	121	11
-141	127	11
-142	133	12
-141	139	12
-141	145	13
-132	142	12
-127	143	13
-124	147	13
-119	147	13
-107	138	12
-104	141	12
-103	146	13
-102	152	13
-100	157	14
-99	162	14
-98	168	15
-97	176	15
-94	180	16
-94	190	17
-106	225	20
-101	229	20
-95	228	20
-89	229	20
-84	230	20
-78	230	20
-72	230	20
-67	231	20
-61	230	20
-56	232	20
-50	231	20
-45	231	20
-40	232	20
-35	232	20
-30	233	20
-24	234	20
-19	234	20
-14	235	21
-9	234	20
-3	235	21
2	236	21
7	235	21
12	235	21
18	237	21
23	238	21
28	237	21
33	237	21
39	237	21
44	235	21
53	138	12
56	137	12
57	130	11
57	123	11
58	117	10
58	111	10
59	106	9
59	101	9
59	96	8
60	92	8
60	88	8
60	84	7
60	80	7
60	76	7
60	73	6
61	70	6
61	67	6
61	64	6
61	61	5
61	59	5
61	56	5
61	54	5
61	51	4
61	49	4
62	47	4
62	45	4
62	43	4
62	41	4
62	39	3
62	37	3
62	35	3
62	34	3
62	32	3
62	30	3
63	29	3
63	27	2
63	25	2
63	24	2
63	22	2
63	20	2
63	19	2
64	18	2
-182	17	0
-175	20	0
-176	24	0
-180	29	0
-189	34	0
-196	40	0
-230	52	0
-233	57	0
-278	74	0
-270	79	0
-264	83	0
-258	88	0
-253	92	0
-173	68	0
-229	113	0
-235	122	0
-347	189	0
-341	206	0
-346	219	0
-346	230	0
-348	243	0
-152	113	0
-146	113	0
-140	114	0
-140	119	0
-140	125	0
-133	123	0
-127	124	0
-122	124	0
-117	124	0
-113	125	0
-108	126	0
-104	127	0
-98	125	0
-93	125	0
-90	125	0
-85	125	0
-82	126	0
-77	125	0
-74	125	0
-70	125	0
-66	126	0
-63	127	0
-59	126	0
-55	125	0
-53	126	0
-49	126	0
-46	127	0
-44	129	0
-41	129	0
-37	128	0
-34	128	0
-31	128	0
-28	128	0
-25	129	0
-22	129	0
-20	129	0
-17	130	0
-14	130	0
-11	130	0
-8	130	0
-5	129	0
-2	129	0
1	129	0
4	131	0
7	131	0
10	130	0
12	131	0
15	131	0
18	131	0
21	132	0
24	132	0
27	131	0
31	132	0
34	133	0
37	134	0
41	134	0
45	138	0
55	137	0
57	133	0
57	126	0
58	119	0
58	114	0
58	108	0
59	103	0
59	98	0
59	94	0
60	89	0
60	86	0
60	82	0
60	78	0
60	75	0
61	72	0
61	69	0
61	65	0
61	63	0
61	60	0
61	57	0
61	55	0
61	53	0
61	50	0
61	48	0
62	46	0
61	44	0
62	42	0
62	40	0
62	38	0
62	36	0
62	35	0
62	33	0
62	31	0
63	30	0
62	28	0
63	26	0
63	25	0
63	23	0
63	22	0
63	20	0
63	19	0
63	17	0
64	16	0
-182	17	0
-174	21	0
-178	25	0
-181	29	0
-190	35	0
-196	40	0
-226	51	0
-276	75	0
-267	79	0
-261	83	0
-258	88	0
-251	92	0
-172	68	0
-231	115	0
-234	123	0
-351	192	0
-342	197	0
-343	208	0
-343	219	0
-345	231	0
-348	244	0
-152	113	0
-146	114	0
-140	115	0
-141	120	0
-140	125	0
-132	124	0
-127	124	0
-122	124	0
-117	125	0
-112	126	0
-108	126	0
-102	125	0
-97	125	0
-93	125	0
-89	126	0
-85	125	0
-81	126	0
-77	125	0
-73	126	0
-69	125	0
-66	126	0
-62	125	0
-59	126	0
-55	126	0
-52	125	0
-49	126	0
-46	127	0
-43	128	0
-40	128	0
-37	128	0
-34	128	0
-31	128	0
-28	128	0
-25	129	0
-22	129	0
-19	129	0
-16	130	0
-13	130	0
-10	130	0
-7	130	0
-4	129	0
-1	129	0
1	130	0
4	131	0
7	131	0
10	131	0
13	131	0
16	131	0
19	131	0
22	131	0
25	132	0
28	132	0
31	132	0
35	134	0
38	135	0
42	135	0
46	139	0
52	137	0
56	138	0
57	131	0
58	124	0
58	118	0
58	112	0
59	107	0
59	101	0
59	97	0
59	92	0
60	88	0
60	84	0
60	81	0
60	77	0
60	74	0
60	71	0
61	68	0
61	65	0
61	62	0
61	59	0
61	57	0
61	54	0
61	52	0
61	50	0
62	48	0
62	46	0
62	44	0
62	41	0
62	40	0
62	38	0
62	36	0
62	34	0
62	33	0
62	31	0
63	29	0
63	28	0
62	26	0
63	24	0
63	23	0
63	21	0
63	20	0
63	18	0
63	17	0
65	16	0
-182	18	0
-173	21	0
-179	26	0
-190	36	0
-198	42	0
-218	51	0
-269	75	0
-267	80	0
-261	85	0
-255	89	0
-248	93	0
-173	70	0
-181	78	0
-232	117	0
-347	193	0
-340	199	0
-342	211	0
-341	221	0
-338	230	0
-157	113	0
-150	114	0
-143	113	0
-140	116	0
-140	121	0
-136	123	0
-131	124	0
-125	124	0
-120	124	0
-115	125	0
-110	125	0
-105	126	0
-100	124	0
-94	123	0
-90	124	0
-87	125	0
-83	125	0
-79	126	0
-76	126	0
-71	125	0
-68	126	0
-64	126	0
-60	125	0
-57	126	0
-54	126	0
-51	126	0
-48	126	0
-45	128	0
-42	129	0
-39	129	0
-35	128	0
-33	129	0
-29	128	0
-26	129	0
-23	129	0
-20	129	0
-18	129	0
-14	129	0
-12	129	0
-9	129	0
-6	130	0
-3	129	0
0	129	0
3	130	0
6	130	0
9	130	0
12	131	0
15	130	0
18	131	0
21	132	0
24	132	0
27	133	0
30	133	0
33	133	0
37	135	0
40	136	0
44	138	0
51	147	0
52	139	0
54	136	0
57	134	0
57	127	0
58	120	0
58	115	0
58	108	0
59	103	0
59	99	0
59	94	0
59	90	0
60	86	0
60	82	0
60	79	0
60	75	0
61	72	0
61	69	0
61	66	0
61	63	0
61	60	0
61	58	0
61	55	0
61	53	0
61	51	0
61	48	0
61	46	0
62	44	0
62	42	0
62	40	0
62	38	0
62	36	0
62	35	0
62	33	0
62	31	0
63	30	0
62	28	0
63	26	0
63	25	0
63	23	0
63	22	0
63	20	0
63	19	0
63	17	0
64	16	0
-185	17	0
-176	20	0
-175	24	0
-179	28	0
-190	34	0
-195	39	0
-230	51	0
-230	56	0
-276	74	0
-268	78	0
-263	83	0
-257	87	0
-253	92	0
-172	68	0
-175	74	0
-232	115	0
-234	123	0
-349	191	0
-338	195	0
-340	206	0
-339	216	0
-340	227	0
-340	238	0
-152	113	0
-146	114	0
-139	114	0
-141	120	0
-141	126	0
-132	124	0
-127	124	0
-121	124	0
-116	124	0
-111	125	0
-107	126	0
-100	124	0
-95	122	0
-91	123	0
-88	124	0
-84	125	0
-80	126	0
-76	126	0
-72	125	0
-69	126	0
-65	126	0
-61	125	0
-58	125	0
-55	126	0
-51	126	0
-48	127	0
-46	128	0
-43	129	0
-40	128	0
-36	128	0
-33	128	0
-30	128	0
-27	128	0
-24	128	0
-21	128	0
-18	129	0
-15	129	0
-12	129	0
-9	129	0
-6	129	0
-4	129	0
-1	129	0
2	130	0
5	130	0
8	130	0
11	131	0
14	130	0
17	131	0
20	131	0
23	133	0
26	132	0
29	133	0
33	134	0
36	135	0
40	136	0
43	137	0
49	144	0
51	140	0
54	136	0
57	135	0
57	128	0
58	121	0
58	116	0
58	109	0
59	104	0
59	99	0
59	95	0
59	90	0
60	87	0
60	83	0
60	79	0
60	75	0
60	72	0
60	69	0
61	66	0
61	63	0
61	61	0
61	58	0
61	55	0
61	53	0
61	51	0
61	49	0
61	46	0
62	44	0
62	42	0
62	40	0
62	38	0
62	36	0
62	35	0
62	33	0
62	31	0
63	30	0
63	28	0
63	26	0
63	25	0
63	23	0
63	22	0
63	20	0
63	19	0
63	17	0
64	16	0
-179	15	-1
-173	18	-2
-175	22	-2
-177	26	-2
-191	37	-3
-190	41	-4
-229	54	-5
-275	77	-7
-264	80	-7
-260	85	-8
-172	69	-6
-233	117	-11
-351	195	-18
-339	198	-18
-344	211	-19
-346	222	-20
-346	233	-21
-156	111	-10
-149	112	-10
-144	113	-10
-139	114	-10
-140	120	-11
-136	122	-11
-129	121	-11
-123	121	-11
-119	122	-11
-113	122	-11
-110	123	-11
-104	122	-11
-98	121	-11
-94	121	-11
-89	121	-11
-85	121	-11
-82	121	-11
-78	122	-11
-74	122	-11
-70	122	-11
-67	122	-11
-63	122	-11
-60	123	-11
-57	123	-11
-53	123	-11
-50	122	-11
-47	123	-11
-44	124	-11
-41	123	-11
-38	124	-11
-35	124	-11
-32	124	-11
-29	124	-11
-26	124	-11
-23	123	-11
-20	124	-11
-17	124	-11
-14	124	-11
-11	125	-11
-8	125	-11
-5	125	-11
-3	125	-11
0	126	-11
3	126	-11
6	126	-11
9	126	-11
12	126	-11
14	126	-11
17	126	-11
20	127	-11
23	126	-11
26	127	-11
29	127	-11
32	126	-11
36	129	-12
39	129	-12
43	130	-12
45	129	-12
49	129	-12
54	135	-12
57	132	-12
57	126	-11
58	119	-11
58	113	-10
59	107	-10
59	102	-9
59	98	-9
59	93	-8
59	89	-8
60	85	-8
60	81	-7
60	78	-7
60	74	-7
60	71	-6
61	68	-6
61	65	-6
61	62	-6
61	60	-5
61	57	-5
61	55	-5
61	52	-5
61	50	-5
61	48	-4
62	46	-4
62	44	-4
62	42	-4
62	40	-4
62	38	-3
62	36	-3
62	35	-3
62	33	-3
62	31	-3
62	30	-3
63	28	-3
62	26	-2
63	25	-2
63	23	-2
63	22	-2
63	20	-2
63	19	-2
63	17	-2
63	16	-1
64	15	-1
-181	15	-1
-170	18	-2
-173	22	-2
-177	26	-2
-190	36	-3
-190	40	-4
-229	53	-5
-271	74	-7
-264	79	-7
-260	84	-8
-171	68	-6
-234	117	-11
-352	194	-17
-340	197	-18
-345	210	-19
-347	222	-20
-343	230	-21
-157	112	-10
-151	112	-10
-144	113	-10
-139	114	-10
-140	120	-11
-138	123	-11
-129	121	-11
-124	121	-11
-119	122	-11
-115	123	-11
-110	123	-11
-104	122	-11
-98	121	-11
-94	121	-11
-90	121	-11
-86	121	-11
-82	121	-11
-78	122	-11
-75	122	-11
-71	122	-11
-67	122	-11
-63	122	-11
-60	123	-11
-57	123	-11
-54	123	-11
-50	122	-11
-47	122	-11
-44	124	-11
-41	123	-11
-38	124	-11
-35	123	-11
-32	124	-11
-29	124	-11
-26	124	-11
-23	123	-11
-20	124	-11
-17	124	-11
-14	124	-11
-11	124	-11
-9	125	-11
-6	125	-11
-3	126	-11
0	126	-11
3	126	-11
6	126	-11
9	126	-11
12	126	-11
14	127	-11
17	126	-11
20	127	-11
23	127	-11
26	127	-11
29	127	-11
32	126	-11
36	129	-12
39	128	-12
42	130	-12
45	129	-12
49	130	-12
54	135	-12
56	132	-12
57	126	-11
57	119	-11
58	113	-10
58	108	-10
59	103	-9
59	98	-9
59	93	-8
59	89	-8
60	85	-8
60	81	-7
60	78	-7
60	74	-7
60	71	-6
61	68	-6
61	65	-6
61	62	-6
61	59	-5
61	57	-5
61	55	-5
61	52	-5
61	50	-4
61	48	-4
62	46	-4
62	44	-4
62	42	-4
62	40	-4
62	38	-3
62	36	-3
62	34	-3
62	33	-3
63	31	-3
62	29	-3
63	28	-3
62	26	-2
63	25	-2
63	23	-2
63	22	-2
63	20	-2
63	19	-2
63	17	-2
63	16	-1
64	14	-1
-184	14	-1
-174	17	-2
-173	21	-2
-177	25	-2
-184	30	-3
-189	35	-3
-190	39	-4
-199	45	-4
-273	74	-7
-266	78	-7
-261	83	-7
-172	68	-6
-177	74	-7
-232	115	-10
-236	123	-11
-351	191	-17
-340	195	-18
-340	205	-18
-339	215	-19
-338	225	-20
-341	237	-21
-151	112	-10
-145	112	-10
-139	113	-10
-140	119	-11
-140	124	-11
-130	121	-11
-125	121	-11
-120	121	-11
-115	122	-11
-110	122	-11
-106	123	-11
-99	120	-11
-94	120	-11
-90	120	-11
-87	121	-11
-83	121	-11
-79	122	-11
-75	122	-11
-71	122	-11
-68	122	-11
-65	123	-11
-61	122	-11
-57	122	-11
-54	123	-11
-51	122	-11
-48	122	-11
-45	124	-11
-42	124	-11
-39	124	-11
-36	124	-11
-33	124	-11
-30	124	-11
-27	124	-11
-24	124	-11
-21	124	-11
-18	124	-11
-15	125	-11
-12	124	-11
-9	125	-11
-6	125	-11
-4	126	-11
-1	126	-11
2	126	-11
5	126	-11
8	127	-11
11	126	-11
14	127	-11
17	127	-11
19	127	-11
22	127	-11
26	128	-12
29	128	-12
31	126	-11
35	129	-12
38	128	-12
42	129	-12
45	129	-12
48	129	-12
53	134	-12
56	133	-12
57	126	-11
57	120	-11
58	114	-10
58	108	-10
59	103	-9
59	99	-9
59	94	-8
59	89	-8
60	86	-8
60	82	-7
60	78	-7
60	75	-7
60	71	-6
61	68	-6
60	65	-6
61	63	-6
61	60	-5
61	57	-5
61	55	-5
61	52	-5
61	50	-5
61	48	-4
61	46	-4
62	44	-4
62	42	-4
62	40	-4
62	38	-3
62	36	-3
62	35	-3
62	33	-3
62	31	-3
62	30	-3
62	28	-3
63	26	-2
63	25	-2
63	24	-2
63	22	-2
63	21	-2
63	19	-2
63	18	-2
63	16	-1
63	15	-1
-184	14	-1
-173	17	-2
-172	21	-2
-177	25	-2
-184	30	-3
-189	35	-3
-190	39	-4
-203	47	-4
-271	74	-7
-266	78	-7
-261	83	-8
-172	68	-6
-177	75	-7
-233	116	-10
-347	191	-17
-340	196	-18
-339	206	-19
-341	218	-20
-339	227	-20
-157	111	-10
-151	112	-10
-145	113	-10
-139	114	-10
-140	120	-11
-139	124	-11
-129	120	-11
-124	121	-11
-119	122	-11
-115	123	-11
-110	123	-11
-105	123	-11
-97	119	-11
-93	120	-11
-89	120	-11
-85	121	-11
-82	121	-11
-78	122	-11
-74	122	-11
-71	122	-11
-67	122	-11
-63	122	-11
-60	123	-11
-57	122	-11
-53	123	-11
-50	122	-11
-47	122	-11
-44	124	-11
-41	124	-11
-38	124	-11
-35	124	-11
-32	124	-11
-29	125	-11
-26	124	-11
-23	124	-11
-20	124	-11
-17	124	-11
-14	125	-11
-11	125	-11
-8	125	-11
-5	125	-11
-3	125	-11
1	126	-11
3	126	-11
6	126	-11
9	126	-11
12	126	-11
15	127	-11
18	127	-11
21	127	-11
24	127	-11
27	128	-12
30	127	-11
33	127	-11
36	129	-12
39	129	-12
43	129	-12
46	128	-12
51	133	-12
56	137	-12
57	131	-12
57	123	-11
58	117	-11
58	111	-10
58	106	-10
59	101	-9
59	96	-9
59	92	-8
60	88	-8
60	84	-8
60	80	-7
60	76	-7
60	73	-7
60	70	-6
61	67	-6
61	64	-6
61	61	-6
61	59	-5
61	56	-5
61	54	-5
61	51	-5
61	49	-4
61	47	-4
62	45	-4
62	43	-4
62	41	-4
62	39	-4
62	37	-3
62	36	-3
62	34	-3
62	32	-3
62	30	-3
63	29	-3
63	27	-2
63	26	-2
63	24	-2
63	23	-2
63	21	-2
63	20	-2
63	18	-2
63	17	-2
63	15	-1
64	14	-1
-184	9	-2
-175	13	-2
-172	16	-3
-173	20	-4
-176	24	-4
-186	29	-5
-185	33	-6
-192	38	-7
-193	42	-8
-202	49	-9
-232	61	-11
-233	66	-12
-232	71	-13
-233	77	-14
-233	83	-15
-173	66	-12
-171	70	-13
-229	110	-20
-234	118	-22
-347	184	-34
-345	202	-37
-345	212	-39
-345	222	-41
-349	235	-43
-154	111	-20
-148	111	-21
-141	111	-21
-140	115	-21
-140	121	-22
-131	118	-22
-126	118	-22
-121	119	-22
-116	120	-22
-112	121	-22
-108	121	-22
-103	122	-22
-95	118	-22
-92	119	-22
-88	119	-22
-84	119	-22
-80	119	-22
-76	120	-22
-72	120	-22
-69	120	-22
-65	120	-22
-62	120	-22
-59	121	-22
-55	120	-22
-51	119	-22
-48	120	-22
-45	121	-22
-42	122	-22
-39	122	-23
-36	122	-23
-33	122	-23
-30	122	-22
-27	122	-22
-24	122	-22
-21	122	-23
-18	123	-23
-15	122	-23
-12	122	-23
-9	123	-23
-7	123	-23
-4	123	-23
-1	124	-23
2	124	-23
5	124	-23
8	123	-23
11	124	-23
14	125	-23
17	126	-23
20	125	-23
23	126	-23
26	124	-23
28	123	-23
31	123	-23
36	128	-24
39	127	-23
43	130	-24
46	129	-24
48	126	-23
51	125	-23
56	129	-24
57	123	-23
57	117	-22
58	111	-21
58	105	-19
59	100	-19
59	96	-18
59	91	-17
59	87	-16
60	83	-15
60	79	-15
60	76	-14
60	73	-13
60	70	-13
61	67	-12
61	64	-12
61	61	-11
61	58	-11
61	56	-10
61	53	-10
61	51	-9
61	49	-9
61	47	-9
62	45	-8
62	43	-8
62	41	-8
62	39	-7
62	37	-7
62	35	-7
62	34	-6
62	32	-6
62	30	-6
62	29	-5
63	27	-5
63	26	-5
63	24	-4
63	23	-4
63	21	-4
63	20	-4
63	18	-3
63	17	-3
63	16	-3
63	14	-3
63	13	-2
64	12	-2
-181	11	-2
-174	14	-3
-173	17	-3
-175	21	-4
-178	25	-5
-185	30	-6
-187	34	-6
-190	39	-7
-193	44	-8
-204	51	-9
-232	62	-12
-233	68	-13
-233	73	-14
-233	78	-14
-233	84	-16
-172	67	-12
-175	72	-13
-230	112	-21
-235	120	-22
-352	188	-35
-342	202	-37
-346	214	-40
-347	226	-42
-348	237	-44
-153	111	-20
-147	112	-21
-140	111	-21
-140	116	-21
-140	121	-22
-131	119	-22
-126	119	-22
-120	119	-22
-116	120	-22
-112	121	-22
-107	122	-22
-100	119	-22
-95	118	-22
-91	118	-22
-86	118	-22
-83	119	-22
-79	119	-22
-75	119	-22
-71	119	-22
-68	120	-22
-65	120	-22
-61	120	-22
-58	121	-22
-55	121	-22
-51	119	-22
-48	120	-22
-45	121	-22
-42	122	-23
-39	122	-22
-36	122	-23
-33	122	-22
-30	122	-22
-26	122	-23
-24	122	-22
-21	122	-23
-18	122	-23
-15	122	-23
-12	123	-23
-9	122	-23
-6	123	-23
-3	123	-23
0	124	-23
2	124	-23
5	124	-23
8	124	-23
11	124	-23
14	125	-23
17	126	-23
20	125	-23
23	126	-23
26	125	-23
29	123	-23
32	123	-23
36	128	-24
39	127	-23
43	130	-24
46	128	-24
48	126	-23
51	126	-23
56	129	-24
57	123	-23
57	116	-22
58	111	-21
58	105	-19
59	100	-19
59	96	-18
59	91	-17
59	87	-16
60	83	-15
60	79	-15
60	76	-14
60	73	-13
60	70	-13
61	67	-12
61	64	-12
61	61	-11
61	58	-11
61	56	-10
61	53	-10
61	51	-9
61	49	-9
61	47	-9
62	45	-8
62	43	-8
62	41	-8
62	39	-7
62	37	-7
62	35	-7
62	34	-6
62	32	-6
63	31	-6
63	29	-5
62	28	-5
62	26	-5
63	24	-4
63	23	-4
63	21	-4
63	20	-4
63	19	-3
63	17	-3
63	16	-3
63	15	-3
64	13	-2
64	12	-2
-193	8	-1
-180	11	-2
-174	15	-3
-173	18	-3
-175	22	-4
-183	27	-5
-192	36	-7
-191	40	-7
-195	45	-8
-232	64	-12
-231	69	-13
-233	75	-14
-235	81	-15
-236	86	-16
-173	68	-13
-177	74	-14
-232	114	-21
-235	122	-23
-346	188	-35
-341	195	-36
-341	204	-38
-340	214	-40
-340	224	-41
-159	111	-21
-152	111	-21
-146	112	-21
-140	113	-21
-140	117	-22
-136	119	-22
-129	118	-22
-123	119	-22
-119	120	-22
-114	120	-22
-110	121	-22
-105	121	-22
-98	118	-22
-93	117	-22
-89	118	-22
-85	119	-22
-82	119	-22
-78	119	-22
-74	120	-22
-71	120	-22
-67	119	-22
-63	120	-22
-60	120	-22
-57	121	-22
-53	121	-22
-50	120	-22
-47	121	-22
-44	122	-22
-41	122	-23
-38	122	-23
-35	122	-23
-32	122	-23
-29	122	-23
-26	122	-23
-23	123	-23
-20	122	-23
-17	123	-23
-14	122	-23
-11	123	-23
-8	123	-23
-5	124	-23
-2	123	-23
0	124	-23
4	124	-23
6	124	-23
9	124	-23
12	124	-23
15	125	-23
18	126	-23
21	125	-23
24	126	-23
27	125	-23
29	122	-23
33	126	-23
37	126	-23
40	128	-24
44	129	-24
47	128	-24
49	125	-23
53	126	-23
57	127	-24
57	121	-22
58	114	-21
58	109	-20
58	103	-19
59	99	-18
59	94	-17
59	89	-17
59	85	-16
60	82	-15
60	78	-14
60	75	-14
60	71	-13
60	68	-13
61	65	-12
61	63	-12
61	60	-11
61	57	-11
61	55	-10
61	53	-10
61	50	-9
61	48	-9
62	46	-9
62	44	-8
62	42	-8
62	40	-7
62	39	-7
62	37	-7
62	35	-6
62	33	-6
62	32	-6
62	30	-6
63	29	-5
62	27	-5
62	25	-5
63	24	-4
63	22	-4
63	21	-4
63	19	-4
63	18	-3
63	17	-3
63	15	-3
63	14	-3
64	13	-2
65	11	-2
-184	10	-2
-175	13	-2
-172	17	-3
-175	21	-4
-177	25	-5
-185	30	-5
-186	34	-6
-192	39	-7
-195	44	-8
-203	50	-9
-232	62	-11
-232	67	-12
-233	73	-13
-234	78	-14
-234	84	-16
-172	67	-12
-174	72	-13
-231	112	-21
-234	119	-22
-348	185	-34
-340	191	-35
-340	200	-37
-341	211	-39
-341	221	-41
-341	232	-43
-154	111	-21
-148	112	-21
-141	112	-21
-140	116	-21
-140	121	-22
-131	118	-22
-125	119	-22
-120	119	-22
-115	120	-22
-111	121	-22
-106	121	-22
-99	117	-22
-94	117	-22
-90	118	-22
-86	119	-22
-82	119	-22
-79	119	-22
-75	119	-22
-71	120	-22
-68	120	-22
-64	120	-22
-61	120	-22
-58	121	-22
-54	121	-22
-50	119	-22
-47	121	-22
-45	121	-22
-42	122	-23
-39	122	-23
-35	122	-23
-32	122	-22
-29	122	-22
-26	122	-23
-23	122	-23
-20	122	-23
-18	123	-23
-15	122	-23
-12	123	-23
-9	122	-23
-6	122	-23
-3	123	-23
0	124	-23
3	124	-23
6	124	-23
9	124	-23
12	125	-23
15	125	-23
18	126	-23
20	126	-23
24	126	-23
26	125	-23
29	122	-23
32	124	-23
36	127	-23
39	127	-24
43	129	-24
46	128	-24
49	126	-23
52	125	-23
57	128	-24
57	122	-22
58	116	-21
58	110	-20
58	104	-19
59	99	-18
59	94	-17
59	90	-17
59	86	-16
60	82	-15
60	79	-15
60	75	-14
60	72	-13
60	69	-13
60	66	-12
61	63	-12
61	60	-11
61	58	-11
61	55	-10
61	53	-10
61	50	-9
61	48	-9
62	46	-9
61	44	-8
62	42	-8
62	40	-7
62	39	-7
62	37	-7
62	35	-6
62	33	-6
62	32	-6
62	30	-6
62	29	-5
63	27	-5
63	25	-5
63	24	-4
63	22	-4
63	21	-4
63	19	-4
63	18	-3
63	17	-3
63	15	-3
63	14	-3
63	13	-2
65	12	-2
-183	6	-2
-175	9	-3
-170	13	-4
-173	16	-5
-177	20	-6
-181	24	-7
-182	28	-8
-187	33	-9
-189	37	-11
-179	39	-11
-179	43	-12
-233	60	-17
-233	65	-19
-232	70	-20
-234	76	-22
-233	81	-23
-234	87	-25
-232	114	-33
-341	185	-53
-342	195	-56
-344	206	-59
-156	109	-31
-150	110	-31
-143	110	-31
-140	112	-32
-140	117	-33
-134	117	-33
-140	128	-37
-142	136	-39
-143	143	-41
-143	150	-43
-144	157	-45
-145	165	-47
-95	115	-33
-91	115	-33
-87	116	-33
-84	117	-33
-80	118	-34
-77	118	-34
-72	118	-34
-69	118	-34
-65	118	-34
-62	118	-34
-58	119	-34
-55	120	-34
-51	119	-34
-48	119	-34
-45	120	-34
-42	119	-34
-39	120	-34
-36	120	-34
-33	120	-34
-30	120	-34
-27	121	-34
-24	121	-35
-21	122	-35
-18	122	-35
-15	122	-35
-11	122	-35
-8	121	-35
-5	121	-35
-2	124	-35
0	124	-36
4	124	-35
7	124	-35
10	123	-35
12	123	-35
15	123	-35
19	124	-35
22	123	-35
24	122	-35
27	119	-34
30	118	-34
34	125	-36
38	126	-36
41	126	-36
46	129	-37
49	128	-37
53	129	-37
56	130	-37
57	122	-35
58	117	-33
58	110	-31
58	105	-30
59	100	-29
59	95	-27
59	91	-26
59	86	-25
60	82	-24
60	79	-23
60	75	-21
60	72	-20
60	68	-20
61	66	-19
61	63	-18
61	60	-17
61	58	-16
61	55	-16
61	53	-15
61	51	-14
61	48	-14
61	46	-13
61	44	-13
62	42	-12
62	40	-12
62	39	-11
62	37	-11
62	35	-10
62	33	-10
62	32	-9
63	30	-9
62	29	-8
62	27	-8
63	26	-7
62	24	-7
63	23	-6
63	21	-6
63	20	-6
63	18	-5
63	17	-5
63	16	-5
63	14	-4
63	13	-4
64	12	-3
64	11	-3
65	9	-3
-192	4	-1
-180	7	-2
-175	11	-3
-171	14	-4
-173	18	-5
-178	22	-6
-183	26	-7
-183	30	-8
-194	35	-10
-180	37	-10
-179	40	-11
-178	44	-13
-232	61	-18
-233	67	-19
-234	72	-21
-233	77	-22
-235	83	-24
-173	66	-19
-230	110	-31
-234	117	-34
-339	187	-54
-342	198	-57
-346	210	-60
-154	109	-31
-148	110	-31
-142	110	-31
-140	114	-32
-139	118	-34
-132	117	-33
-141	131	-37
-142	138	-39
-142	144	-41
-144	152	-43
-144	159	-45
-145	168	-48
-94	115	-33
-90	115	-33
-87	117	-33
-83	118	-34
-79	118	-34
-75	117	-34
-72	118	-34
-68	118	-34
-64	118	-34
-61	118	-34
-57	119	-34
-54	119	-34
-50	118	-34
-48	119	-34
-45	119	-34
-41	119	-34
-38	120	-34
-35	120	-34
-32	120	-34
-29	120	-34
-26	121	-34
-23	121	-35
-20	122	-35
-17	123	-35
-14	122	-35
-11	122	-35
-8	122	-35
-5	122	-35
-2	124	-35
1	124	-35
4	124	-35
7	124	-35
10	123	-35
13	123	-35
16	123	-35
19	123	-35
22	123	-35
25	121	-35
27	119	-34
30	119	-34
35	124	-36
39	126	-36
42	127	-36
46	129	-37
49	128	-37
54	130	-37
56	128	-37
57	121	-35
57	115	-33
58	109	-31
58	104	-30
59	99	-28
59	94	-27
59	90	-26
60	86	-24
60	82	-23
60	78	-22
60	75	-21
60	71	-20
60	68	-19
60	65	-19
61	62	-18
61	60	-17
61	57	-16
61	55	-16
61	52	-15
61	50	-14
61	48	-14
61	46	-13
62	44	-13
62	42	-12
62	40	-11
62	38	-11
62	36	-10
62	35	-10
62	33	-9
62	32	-9
62	30	-9
63	29	-8
63	27	-8
63	25	-7
62	24	-7
63	22	-6
63	21	-6
63	20	-6
63	18	-5
63	17	-5
63	15	-4
63	14	-4
64	13	-4
64	11	-3
64	10	-3
65	9	-3
-189	5	-1
-179	8	-2
-174	12	-3
-172	15	-4
-176	19	-5
-178	23	-6
-183	27	-8
-184	31	-9
-196	37	-11
-180	38	-11
-179	42	-12
-236	59	-17
-231	63	-18
-234	69	-20
-233	74	-21
-234	80	-23
-235	85	-24
-172	67	-19
-233	113	-32
-236	120	-34
-339	181	-52
-338	190	-54
-340	200	-57
-338	209	-60
-153	110	-31
-146	110	-31
-141	111	-32
-141	116	-33
-135	117	-33
-134	121	-34
-141	133	-38
-142	140	-40
-143	147	-42
-144	155	-44
-144	162	-46
-96	114	-33
-92	115	-33
-88	115	-33
-85	116	-33
-81	117	-33
-78	118	-34
-74	118	-34
-70	118	-34
-66	118	-34
-63	117	-34
-60	118	-34
-56	119	-34
-53	118	-34
-49	118	-34
-46	120	-34
-43	119	-34
-40	120	-34
-37	120	-34
-34	120	-34
-31	121	-34
-28	121	-35
-25	121	-35
-22	122	-35
-19	122	-35
-16	123	-35
-13	122	-35
-10	122	-35
-7	121	-35
-4	123	-35
-1	124	-35
2	124	-35
5	124	-35
8	124	-35
11	123	-35
14	123	-35
17	123	-35
20	123	-35
23	123	-35
26	121	-34
28	118	-34
32	120	-34
36	125	-36
40	125	-36
44	128	-37
48	129	-37
51	128	-37
56	131	-38
57	126	-36
57	119	-34
57	112	-32
58	107	-31
58	101	-29
59	97	-28
59	92	-26
59	88	-25
59	84	-24
60	80	-23
60	77	-22
60	73	-21
60	70	-20
60	67	-19
60	64	-18
60	61	-17
61	58	-17
61	56	-16
61	53	-15
61	51	-15
61	49	-14
61	47	-13
61	45	-13
62	43	-12
62	41	-12
62	39	-11
62	37	-11
62	36	-10
62	34	-10
62	32	-9
62	31	-9
62	29	-8
63	28	-8
63	26	-8
63	25	-7
63	23	-7
63	22	-6
63	20	-6
63	19	-5
63	18	-5
63	16	-5
63	15	-4
63	14	-4
64	12	-3
64	11	-3
64	10	-3
-184	7	-2
-175	10	-3
-169	13	-4
-173	17	-5
-176	21	-6
-183	25	-7
-183	29	-8
-192	34	-10
-183	37	-10
-179	40	-11
-179	43	-12
-232	61	-17
-232	66	-19
-234	71	-20
-234	77	-22
-235	83	-24
-172	65	-19
-173	70	-20
-231	110	-31
-233	116	-33
-340	187	-53
-340	196	-56
-338	205	-59
-155	110	-31
-149	110	-31
-142	110	-31
-140	113	-32
-140	118	-34
-133	118	-34
-141	131	-37
-141	136	-39
-142	144	-41
-143	151	-43
-143	158	-45
-144	167	-48
-94	114	-33
-90	115	-33
-86	116	-33
-83	117	-33
-79	118	-34
-76	118	-34
-72	118	-34
-68	118	-34
-64	118	-34
-61	118	-34
-57	119	-34
-54	119	-34
-50	118	-34
-47	119	-34
-44	120	-34
-41	120	-34
-38	120	-34
-35	120	-34
-32	120	-34
-29	121	-35
-26	121	-35
-23	121	-35
-20	122	-35
-17	123	-35
-14	122	-35
-11	121	-35
-8	122	-35
-5	122	-35
-2	124	-35
1	124	-35
4	124	-35
7	124	-35
10	123	-35
13	123	-35
16	123	-35
19	123	-35
22	123	-35
25	121	-35
28	119	-34
31	119	-34
35	124	-36
38	125	-36
42	127	-36
47	129	-37
49	128	-36
54	131	-37
56	127	-36
57	120	-34
58	115	-33
58	109	-31
58	103	-30
59	98	-28
59	94	-27
59	89	-25
59	85	-24
60	81	-23
60	77	-22
60	74	-21
60	71	-20
60	68	-19
61	65	-19
60	62	-18
61	59	-17
61	57	-16
61	55	-16
61	52	-15
61	50	-14
61	48	-14
61	45	-13
61	44	-12
61	42	-12
62	40	-11
62	38	-11
62	36	-10
62	34	-10
62	33	-9
62	31	-9
62	30	-8
62	28	-8
63	27	-8
63	25	-7
63	23	-7
63	22	-6
63	21	-6
63	19	-6
63	18	-5
63	17	-5
63	15	-4
63	14	-4
63	13	-4
64	11	-3
64	10	-3
65	9	-3
