0	0	0
-143	32	32
-140	34	34
-141	37	37
-145	41	41
-45	15	15
-43	15	15
-42	16	16
-41	16	16
-41	17	17
-40	17	17
-39	18	18
-38	18	18
-38	20	20
-38	20	20
-38	21	21
-38	22	22
-38	23	23
-39	25	25
-39	25	25
-38	26	26
-38	27	27
-141	116	116
-144	124	124
-145	130	130
-146	137	137
-145	142	142
-144	148	148
-147	157	157
-153	171	171
-150	175	175
-143	175	175
-137	177	177
-130	177	177
-123	176	176
-117	177	177
-112	178	178
-105	177	177
-100	178	178
-94	179	179
-88	178	178
-83	179	179
-76	177	177
-71	177	177
-66	178	178
-60	178	178
-55	177	177
-49	178	178
-44	178	178
-39	178	178
-34	178	178
-29	178	178
-21	160	160
-16	158	158
-12	159	159
-7	159	159
-3	178	178
2	178	178
7	178	178
12	178	178
17	178	178
22	178	178
26	177	177
32	178	178
37	178	178
42	178	178
47	178	178
52	177	177
58	178	178
63	178	178
68	177	177
74	179	179
80	179	179
85	179	179
91	178	178
96	178	178
103	179	179
108	178	178
114	178	178
120	177	177
127	177	177
133	177	177
139	175	175
140	168	168
140	161	161
141	155	155
145	151	151
150	150	150
159	152	152
167	153	153
174	153	153
182	153	153
190	153	153
200	154	154
199	147	147
195	138	138
197	133	133
198	128	128
204	126	126
193	114	114
213	115	115
224	116	116
234	115	115
246	116	116
-145	32	28
-140	34	29
-140	36	31
-143	40	35
-145	43	37
-142	46	39
-47	19	16
-45	19	16
-45	20	17
-44	21	18
-44	21	18
-43	22	19
-43	23	20
-43	24	21
-43	25	22
-43	26	23
-43	27	24
-43	29	25
-44	31	27
-43	31	27
-43	33	28
-141	120	103
-143	127	109
-145	133	115
-146	140	121
-145	146	126
-145	152	131
-145	159	138
-147	168	145
-151	181	156
-145	182	157
-150	198	171
-143	199	171
-125	183	158
-122	187	162
-116	187	162
-110	189	163
-105	190	164
-99	190	164
-98	199	172
-92	200	173
-87	201	174
-81	201	174
-74	200	173
-70	203	175
-63	201	174
-58	202	174
-52	202	174
-47	202	174
-41	201	174
-36	201	174
-27	182	157
-25	200	172
-16	174	150
-12	177	153
-9	201	173
-3	202	174
2	186	161
7	186	161
12	190	164
18	202	174
23	202	174
28	201	174
34	201	174
39	201	174
44	201	173
50	201	173
56	202	174
61	201	174
67	202	174
72	201	174
78	200	172
84	201	173
89	200	173
96	200	173
102	200	173
108	201	173
115	202	174
121	200	173
128	201	174
135	201	173
139	196	170
139	187	161
140	179	155
139	170	147
140	163	141
141	157	136
148	157	136
157	160	138
164	159	138
170	158	137
178	159	138
188	161	139
195	160	138
200	158	136
197	148	128
196	141	122
193	133	115
216	131	113
225	130	112
239	132	114
244	129	111
-148	27	20
-142	29	21
-139	31	23
-139	34	25
-143	38	28
-144	41	30
-142	43	32
-137	45	33
-138	48	35
-48	19	14
-46	20	15
-45	20	15
-45	21	16
-44	22	16
-44	23	17
-44	24	18
-43	25	19
-43	26	19
-44	27	20
-44	29	21
-44	30	22
-45	32	24
-44	33	24
-150	114	85
-143	113	84
-140	116	86
-144	125	93
-148	134	99
-146	137	102
-147	144	107
-146	150	112
-144	154	115
-140	157	116
-143	168	124
-143	175	130
-135	174	129
-130	175	130
-124	175	130
-118	175	130
-112	175	130
-107	175	130
-101	175	130
-97	178	132
-91	177	132
-86	178	132
-81	178	132
-76	176	131
-60	152	113
-64	172	127
-61	178	132
-56	176	131
-52	177	131
-47	177	131
-43	178	132
-38	178	132
-33	179	133
-29	178	132
-24	178	132
-20	179	133
-15	179	133
-11	179	133
-7	179	133
-2	179	133
2	236	175
8	238	177
14	237	176
20	237	176
26	239	177
32	238	176
38	238	177
44	237	176
50	237	176
56	238	177
62	239	177
68	238	177
75	238	176
81	237	176
87	238	176
94	239	177
101	238	177
108	239	177
116	241	179
122	240	178
129	240	178
136	238	177
137	228	169
138	218	162
140	210	156
139	198	147
140	190	141
140	182	135
142	176	130
139	163	121
140	157	117
141	151	112
146	151	112
153	151	112
160	151	112
166	150	112
175	152	113
184	153	114
192	153	113
200	152	113
209	153	114
217	152	113
219	147	109
227	146	108
221	130	96
225	126	93
236	126	93
224	113	84
253	110	82
-148	29	18
-142	31	19
-139	33	21
-140	36	23
-144	40	25
-144	43	27
-142	46	29
-136	47	30
-49	20	12
-47	20	13
-46	21	13
-45	21	14
-44	22	14
-44	23	15
-44	24	15
-43	25	16
-43	26	17
-43	27	17
-43	29	18
-44	30	19
-44	32	20
-46	34	22
-142	119	76
-139	122	77
-144	132	84
-148	141	89
-145	145	91
-146	152	96
-146	158	100
-143	163	103
-142	168	107
-152	188	119
-142	184	117
-135	183	116
-129	184	117
-123	184	117
-117	183	116
-111	184	117
-106	185	117
-100	183	116
-96	186	118
-90	186	118
-85	186	118
-80	186	118
-75	187	118
-70	187	118
-66	188	119
-60	187	118
-55	187	118
-51	187	118
-46	187	119
-41	186	118
-37	187	118
-32	187	118
-28	190	120
-24	190	120
-19	188	119
-15	191	121
-10	192	121
-5	188	119
-1	190	120
4	249	158
10	249	158
16	250	158
22	250	158
27	249	158
33	249	157
39	250	158
45	250	158
52	250	158
58	251	159
64	250	158
70	250	158
77	251	159
83	250	158
90	251	159
96	250	158
103	250	158
109	249	158
117	251	159
122	248	157
131	250	158
139	251	159
138	238	150
139	226	143
140	216	137
140	206	131
141	198	125
141	189	119
142	182	115
139	170	107
139	162	102
142	158	100
149	159	100
153	157	99
162	159	100
169	159	101
178	160	101
185	160	101
195	161	102
204	162	102
212	161	102
218	158	100
218	151	96
229	153	97
235	149	94
222	135	85
233	135	85
246	136	86
224	117	74
-30	5	3
-29	6	3
-143	40	21
-144	44	23
-142	46	25
-137	48	26
-138	52	27
-142	56	30
-65	29	15
-47	23	12
-46	23	12
-45	24	13
-44	25	13
-44	26	14
-43	27	14
-43	28	15
-44	29	16
-43	31	16
-43	32	17
-44	34	18
-44	36	19
-139	126	67
-144	136	72
-147	145	77
-145	149	79
-146	157	83
-146	164	87
-142	167	89
-142	174	93
-152	195	104
-142	191	102
-135	190	101
-129	191	102
-122	188	100
-117	190	101
-110	190	101
-105	190	101
-100	190	101
-95	192	102
-90	192	102
-85	193	103
-79	191	102
-64	167	89
-59	165	88
-64	192	102
-59	191	102
-55	192	102
-50	194	103
-45	192	102
-41	193	103
-36	193	103
-31	194	103
-27	194	103
-22	193	102
-18	193	103
-13	194	103
-9	193	103
-4	195	104
-1	251	133
5	255	136
11	256	136
17	256	136
23	259	138
29	258	138
35	258	137
41	259	138
47	257	137
53	257	137
60	259	138
66	259	138
72	258	137
78	257	137
85	259	138
92	260	138
99	258	137
106	260	138
113	261	139
120	259	138
127	259	138
134	258	137
136	249	133
138	239	127
140	230	122
140	218	116
140	208	111
141	199	106
140	190	101
139	179	95
140	172	92
141	166	88
144	162	86
151	163	87
158	164	87
165	163	87
173	164	87
183	166	88
189	164	87
198	165	88
207	165	88
219	167	89
219	160	85
225	157	84
237	158	84
223	142	76
225	137	73
222	128	68
253	119	63
-146	28	12
-140	30	13
-139	33	14
-138	36	16
-68	20	9
-66	21	9
-65	22	10
-64	24	10
-50	20	9
-47	20	9
-45	21	9
-44	21	9
-43	22	10
-43	23	10
-42	24	11
-41	25	11
-42	26	12
-42	27	12
-43	30	13
-43	31	14
-43	32	14
-35	28	12
-32	27	12
-31	27	12
-29	26	12
-27	26	11
-26	27	12
-27	28	12
-154	197	86
-141	189	83
-137	192	84
-130	191	84
-124	191	84
-118	192	84
-113	193	84
-108	193	85
-100	190	83
-93	186	81
-78	175	76
-71	170	74
-63	161	71
-58	160	70
-55	161	71
-74	248	109
-51	189	83
-46	188	82
-42	188	82
-38	189	83
-33	189	83
-29	190	83
-25	190	83
-21	190	83
-16	191	83
-12	191	84
-8	193	84
-3	193	84
1	215	94
10	216	95
15	213	93
23	254	111
29	255	112
35	255	111
40	255	112
46	256	112
52	254	111
58	254	111
63	253	111
70	256	112
77	257	112
83	256	112
89	255	112
95	256	112
102	256	112
108	256	112
115	257	112
122	257	112
129	256	112
138	260	114
137	245	107
140	236	103
139	225	98
140	214	94
140	205	90
140	195	85
142	188	82
140	178	78
140	170	74
140	163	71
144	160	70
151	161	70
159	162	71
166	162	71
174	164	72
183	165	72
190	164	72
198	163	72
207	163	71
219	165	72
251	158	69
252	151	66
251	144	63
251	137	60
251	130	57
252	124	54
252	117	51
252	111	48
-147	26	9
-142	28	10
-140	30	11
-69	18	6
-67	19	7
-65	20	7
-65	21	7
-64	23	8
-49	19	7
-47	20	7
-46	20	7
-44	21	7
-44	22	8
-43	23	8
-43	24	8
-42	24	8
-42	26	9
-42	27	9
-44	29	10
-42	29	10
-36	26	9
-30	24	8
-28	24	8
-28	24	8
-28	25	9
-28	26	9
-28	27	9
-27	28	10
-27	28	10
-26	29	10
-28	35	12
-135	192	67
-128	192	67
-123	192	67
-118	194	67
-111	193	67
-105	191	66
-100	191	66
-92	187	65
-86	184	64
-76	174	61
-70	170	59
-62	160	56
-58	160	55
-54	161	56
-52	168	58
-54	187	65
-50	187	65
-45	186	64
-41	187	65
-38	191	66
-33	190	66
-29	190	66
-24	190	66
-21	191	66
-16	190	66
-12	194	68
-8	194	67
-4	193	67
1	194	67
5	194	67
9	193	67
13	193	67
17	194	67
21	194	67
33	252	88
39	255	88
44	254	88
50	253	88
56	257	89
62	256	89
68	256	89
74	256	89
80	257	89
192	540	187
133	348	121
138	338	117
137	316	110
119	257	89
126	258	90
133	257	89
138	254	88
139	242	84
139	231	80
140	221	77
140	211	73
140	201	70
140	193	67
141	185	64
141	176	61
141	168	58
141	161	56
148	162	56
154	162	56
161	162	56
168	163	57
176	162	56
186	165	57
193	164	57
201	164	57
212	165	57
222	166	58
231	165	57
245	167	58
250	163	57
250	155	54
250	148	51
250	141	49
252	135	47
251	128	44
251	121	42
252	115	40
254	109	38
-148	23	6
-142	25	7
-67	16	4
-66	17	5
-65	19	5
-64	20	5
-63	21	5
-61	22	6
-49	20	5
-47	20	5
-45	20	5
-44	21	5
-43	22	6
-43	23	6
-43	24	6
-43	26	7
-44	27	7
-42	27	7
-32	22	6
-29	21	6
-27	21	6
-27	22	6
-26	23	6
-26	23	6
-26	24	6
-25	25	6
-25	26	7
-25	26	7
-25	28	7
-25	29	8
-25	30	8
-25	31	8
-26	33	9
-131	192	50
-125	191	50
-119	191	50
-113	192	50
-108	192	50
-101	189	49
-94	187	48
-89	186	48
-80	177	46
-72	169	44
-63	159	41
-58	157	41
-55	158	41
-52	159	41
-50	166	43
-52	185	48
-47	183	48
-43	184	48
-40	188	49
-35	190	49
-31	190	49
-27	190	49
-23	189	49
-19	190	49
-15	191	50
-11	193	50
-6	191	50
-2	194	50
2	192	50
6	193	50
11	193	50
15	192	50
19	192	50
23	193	50
40	250	65
46	251	65
51	248	64
55	240	62
60	239	62
66	240	62
74	251	65
81	254	66
136	348	90
138	332	86
138	313	81
120	256	66
127	255	66
134	255	66
140	253	66
138	236	61
139	228	59
139	217	56
140	208	54
141	199	52
141	190	49
142	184	48
139	171	45
141	166	43
142	160	42
148	160	41
155	161	42
163	162	42
168	160	42
177	161	42
186	162	42
195	163	42
204	163	42
213	163	42
224	164	43
233	164	42
245	164	43
249	159	41
250	152	40
251	145	38
251	138	36
250	131	34
251	124	32
252	118	31
253	112	29
255	106	28
253	99	26
-29	5	1
-28	6	1
-27	6	1
-27	7	1
-26	8	1
-26	8	1
-26	9	2
-26	9	2
-26	10	2
-26	10	2
-54	26	4
-51	26	4
-49	26	4
-47	26	5
-46	27	5
-42	26	5
-41	27	5
-28	20	3
-27	20	4
-26	21	4
-26	22	4
-26	22	4
-25	23	4
-24	23	4
-24	24	4
-24	24	4
-24	25	4
-24	27	5
-24	28	5
-24	29	5
-25	31	5
-25	33	6
-129	190	33
-124	191	33
-118	191	33
-112	191	33
-107	192	33
-100	188	33
-93	184	32
-88	185	32
-79	175	30
-66	156	27
-61	156	27
-58	156	27
-54	157	27
-51	159	28
-51	170	30
-46	183	32
-42	183	32
-39	187	32
-35	189	33
-31	190	33
-27	190	33
-22	189	33
-18	190	33
-14	190	33
-10	191	33
-6	190	33
-2	193	33
2	191	33
7	191	33
11	191	33
15	192	33
19	191	33
23	192	33
31	218	38
37	224	39
45	242	42
51	245	43
57	247	43
62	245	43
68	246	43
75	251	44
82	254	44
195	534	93
136	346	60
137	308	54
120	255	44
127	254	44
133	253	44
139	251	44
139	237	41
139	227	39
141	219	38
141	208	36
140	197	34
141	190	33
142	183	32
141	173	30
140	165	29
141	159	28
148	159	28
155	160	28
162	161	28
169	160	28
176	160	28
185	161	28
196	163	28
204	162	28
211	161	28
223	163	28
234	164	28
246	164	28
250	159	28
250	151	26
251	144	25
250	137	24
252	131	23
252	124	22
253	118	20
254	112	19
252	104	18
252	98	17
254	93	16
-33	3	0
-30	4	0
-30	5	0
-30	5	0
-30	6	0
-30	6	1
-30	7	1
-62	19	2
-60	19	2
-58	20	2
-57	21	2
-56	22	2
-54	23	2
-53	24	2
-50	24	2
-48	25	2
-47	25	2
-45	25	2
-30	19	2
-27	18	2
-27	19	2
-26	19	2
-25	19	2
-24	20	2
-24	20	2
-23	21	2
-23	21	2
-23	22	2
-23	23	2
-23	24	2
-23	25	2
-23	26	2
-23	27	2
-24	29	3
-25	31	3
-26	34	3
-127	189	16
-123	190	17
-116	189	17
-110	189	17
-103	186	16
-99	187	16
-91	183	16
-86	181	16
-68	154	13
-64	155	14
-60	153	13
-56	153	13
-54	157	14
-51	187	16
-44	177	15
-41	179	16
-38	187	16
-34	188	16
-30	187	16
-26	187	16
-22	187	16
-18	188	16
-14	189	16
-9	188	16
-5	189	16
-1	190	17
3	189	16
7	189	17
11	189	17
15	189	17
19	189	17
23	189	17
31	215	19
35	211	18
39	206	18
43	205	18
48	206	18
53	208	18
59	213	19
65	215	19
71	219	19
194	530	46
134	341	30
120	254	22
126	251	22
132	251	22
138	249	22
138	236	21
140	227	20
141	218	19
141	208	18
140	197	17
141	190	17
140	180	16
140	173	15
140	165	14
141	158	14
147	158	14
153	158	14
160	158	14
167	158	14
175	159	14
184	160	14
193	161	14
201	160	14
211	161	14
220	161	14
232	162	14
243	162	14
250	159	14
249	151	13
252	146	13
251	138	12
251	131	11
252	124	11
252	118	10
255	112	10
255	106	9
254	99	9
254	93	8
255	87	8
-64	5	0
-28	4	0
-27	5	0
-26	6	0
-25	6	0
-24	6	0
-24	7	0
-24	7	0
-24	8	0
-24	8	0
-49	23	0
-47	23	0
-43	23	0
-25	15	0
-24	15	0
-24	16	0
-23	16	0
-23	16	0
-22	17	0
-21	18	0
-22	18	0
-22	19	0
-21	19	0
-21	20	0
-21	21	0
-22	22	0
-24	27	0
-24	29	0
-37	53	0
-114	187	0
-108	187	0
-100	184	0
-94	181	0
-88	180	0
-81	176	0
-73	167	0
-62	152	0
-57	150	0
-54	152	0
-64	190	0
-64	205	0
-61	211	0
-49	186	0
-44	184	0
-41	187	0
-36	187	0
-32	187	0
-28	187	0
-24	187	0
-20	187	0
-16	188	0
-11	188	0
-7	187	0
-3	187	0
1	188	0
5	186	0
9	186	0
14	187	0
17	187	0
21	186	0
27	201	0
31	194	0
35	191	0
39	189	0
43	189	0
50	199	0
56	207	0
60	202	0
64	200	0
69	201	0
136	329	0
123	248	0
129	248	0
136	247	0
139	239	0
139	228	0
140	218	0
140	209	0
141	200	0
141	191	0
142	184	0
141	175	0
141	167	0
141	160	0
143	155	0
149	155	0
157	156	0
164	156	0
171	156	0
178	156	0
188	158	0
197	159	0
191	147	0
196	144	0
203	142	0
212	142	0
214	137	0
219	134	0
231	135	0
237	131	0
243	128	0
252	126	0
251	119	0
253	113	0
254	107	0
253	100	0
253	94	0
254	88	0
254	82	0
255	77	0
-62	4	0
-61	5	0
-27	4	0
-26	5	0
-26	6	-1
-25	6	-1
-24	7	-1
-24	8	-1
-24	8	-1
-24	8	-1
-24	9	-1
-24	9	-1
-24	10	-1
-24	13	-1
-24	13	-1
-23	14	-1
-22	14	-1
-21	14	-1
-21	15	-1
-21	16	-1
-21	16	-1
-21	16	-1
-20	17	-2
-20	18	-2
-21	19	-2
-21	19	-2
-25	29	-3
-29	37	-3
-37	52	-5
-115	185	-17
-109	185	-17
-102	182	-16
-95	179	-16
-90	180	-16
-83	175	-16
-76	169	-15
-69	165	-15
-61	156	-14
-69	186	-17
-70	204	-18
-67	209	-19
-58	197	-18
-50	186	-17
-45	182	-16
-41	184	-17
-37	185	-17
-33	185	-17
-28	185	-17
-24	184	-17
-20	185	-17
-16	186	-17
-12	186	-17
-7	184	-17
-3	185	-17
1	184	-17
5	185	-17
9	185	-17
13	184	-17
17	185	-17
21	184	-17
25	184	-17
29	179	-16
33	179	-16
38	183	-17
43	186	-17
48	191	-17
52	187	-17
57	189	-17
62	190	-17
67	192	-17
74	198	-18
80	200	-18
85	199	-18
110	246	-22
117	245	-22
123	246	-22
129	244	-22
137	246	-22
138	235	-21
139	224	-20
140	216	-19
140	206	-19
142	199	-18
141	189	-17
141	180	-16
141	172	-15
141	164	-15
140	156	-14
144	154	-14
150	153	-14
157	154	-14
164	154	-14
172	155	-14
178	154	-14
180	149	-13
180	143	-13
182	138	-12
186	134	-12
190	131	-12
197	130	-12
200	126	-11
209	126	-11
220	126	-11
224	122	-11
233	121	-11
249	123	-11
252	118	-11
253	112	-10
253	105	-10
253	99	-9
240	88	-8
241	83	-7
245	78	-7
255	76	-7
256	70	-6
256	65	-6
-63	3	0
-60	4	-1
-59	5	-1
-60	6	-1
-30	5	-1
-27	5	-1
-26	6	-1
-26	6	-1
-25	7	-1
-24	7	-1
-24	8	-1
-24	8	-1
-23	9	-2
-23	9	-2
-23	10	-2
-23	10	-2
-24	12	-2
-23	12	-2
-22	12	-2
-21	12	-2
-21	12	-2
-21	13	-2
-21	13	-2
-20	14	-3
-20	14	-3
-21	15	-3
-20	16	-3
-20	17	-3
-20	17	-3
-24	25	-5
-24	27	-5
-29	36	-7
-29	38	-7
-114	178	-33
-110	180	-33
-104	179	-33
-98	178	-33
-94	179	-33
-84	170	-31
-76	164	-30
-70	160	-30
-64	155	-29
-61	160	-30
-65	180	-33
-61	181	-33
-56	182	-34
-51	181	-33
-47	181	-33
-43	181	-33
-39	182	-34
-34	182	-34
-30	182	-34
-26	182	-34
-21	183	-34
-17	183	-34
-13	182	-34
-9	183	-34
-5	181	-34
0	181	-33
4	182	-34
8	182	-34
12	182	-34
16	182	-34
20	182	-34
24	182	-34
30	192	-35
35	193	-36
38	188	-35
42	186	-34
45	178	-33
50	180	-33
55	182	-34
59	180	-33
65	184	-34
69	184	-34
74	185	-34
102	241	-45
110	243	-45
116	242	-45
122	241	-45
129	242	-45
136	242	-45
140	235	-43
138	222	-41
140	213	-39
140	203	-38
140	195	-36
142	187	-35
142	180	-33
142	171	-32
141	163	-30
140	155	-29
143	151	-28
149	152	-28
148	144	-27
148	138	-25
148	132	-24
149	127	-24
149	122	-23
150	117	-22
153	114	-21
155	110	-20
159	108	-20
164	107	-20
170	106	-20
186	111	-20
201	114	-21
214	116	-22
225	116	-21
226	111	-20
223	104	-19
220	97	-18
221	92	-17
226	89	-16
229	84	-16
233	80	-15
234	75	-14
238	72	-13
243	68	-13
248	64	-12
251	59	-11
251	53	-10
-61	2	-1
-59	3	-1
-59	4	-1
-60	5	-2
-61	7	-2
-27	5	-1
-26	5	-1
-25	6	-2
-24	6	-2
-23	7	-2
-23	7	-2
-23	8	-2
-22	8	-2
-22	8	-2
-22	9	-2
-22	9	-3
-23	10	-3
-22	10	-3
-21	11	-3
-21	11	-3
-21	11	-3
-20	12	-3
-20	12	-3
-20	12	-4
-19	13	-4
-19	13	-4
-20	14	-4
-20	14	-4
-20	15	-4
-20	16	-4
-20	17	-5
-22	21	-6
-22	21	-6
-29	33	-9
-29	35	-10
-29	37	-11
-107	164	-47
-105	178	-51
-100	177	-51
-94	178	-51
-90	179	-51
-85	180	-51
-80	179	-51
-75	179	-51
-70	179	-51
-65	179	-51
-60	179	-51
-56	179	-51
-51	178	-51
-46	178	-51
-42	178	-51
-38	179	-51
-33	179	-51
-29	179	-51
-25	180	-51
-20	180	-51
-16	181	-52
-12	179	-51
-7	180	-51
-3	181	-52
1	181	-52
5	180	-52
10	180	-51
14	181	-52
18	180	-51
22	180	-51
36	210	-60
38	195	-56
40	181	-52
44	180	-51
49	180	-52
54	182	-52
58	181	-52
63	182	-52
68	183	-52
74	186	-53
100	238	-68
107	239	-68
114	239	-68
121	241	-69
127	239	-68
135	240	-69
137	232	-66
139	223	-64
140	213	-61
140	203	-58
140	194	-55
140	185	-53
142	178	-51
142	171	-49
140	162	-46
141	155	-44
142	149	-42
149	150	-43
150	144	-41
149	137	-39
147	130	-37
148	126	-36
147	119	-34
148	114	-33
148	110	-31
150	106	-30
148	101	-29
148	96	-27
149	93	-27
149	89	-25
150	85	-24
151	81	-23
154	79	-23
158	77	-22
160	74	-21
166	73	-21
174	72	-21
188	74	-21
203	75	-21
213	74	-21
215	70	-20
225	69	-20
234	66	-19
237	62	-18
236	57	-16
236	52	-15
238	48	-14
245	44	-13
257	41	-12
-62	1	0
-60	2	-1
-60	3	-1
-59	4	-2
-60	5	-2
-29	4	-2
-26	5	-2
-25	5	-2
-24	6	-2
-24	6	-2
-23	7	-3
-22	7	-3
-22	7	-3
-22	7	-3
-22	8	-3
-22	8	-3
-22	9	-4
-21	9	-4
-21	9	-4
-20	10	-4
-20	10	-4
-20	10	-4
-19	11	-4
-19	11	-5
-19	11	-4
-19	12	-5
-19	13	-5
-19	13	-5
-19	14	-5
-19	14	-6
-27	23	-9
-26	23	-9
-25	23	-9
-24	23	-9
-30	30	-12
-29	29	-12
-28	30	-12
-29	32	-13
-28	33	-13
-30	36	-14
-31	39	-15
-31	40	-16
-102	174	-69
-99	177	-70
-92	174	-69
-89	178	-70
-83	177	-70
-78	178	-70
-73	177	-70
-68	177	-70
-63	177	-70
-58	177	-70
-53	174	-69
-49	178	-70
-44	176	-70
-39	176	-70
-35	176	-69
-30	176	-70
-26	176	-70
-21	176	-70
-17	177	-70
-13	177	-70
-8	177	-70
-4	177	-70
0	194	-77
5	177	-70
9	177	-70
14	177	-70
18	176	-70
22	177	-70
27	178	-70
35	203	-80
39	194	-77
40	177	-70
45	178	-70
50	179	-71
55	180	-71
60	181	-71
65	182	-72
71	185	-73
75	183	-72
92	210	-83
98	209	-83
104	210	-83
110	210	-83
117	211	-83
124	211	-83
130	210	-83
136	210	-83
139	204	-81
141	197	-78
139	185	-73
140	178	-70
142	172	-68
139	161	-64
140	155	-61
141	149	-59
146	148	-58
153	148	-59
153	142	-56
166	148	-58
174	148	-59
183	150	-59
146	114	-45
146	109	-43
147	105	-42
148	101	-40
149	98	-39
148	93	-37
148	89	-35
148	84	-33
149	81	-32
149	77	-31
150	74	-29
149	70	-28
149	67	-26
150	64	-25
151	61	-24
156	59	-23
165	59	-23
172	58	-23
180	57	-22
196	58	-23
214	59	-23
222	57	-22
224	53	-21
231	50	-20
233	46	-18
236	42	-17
244	39	-15
-64	0	0
-60	1	-1
-60	2	-1
-59	3	-2
-60	4	-2
-61	5	-3
-27	4	-2
-25	4	-2
-24	5	-2
-24	5	-3
-23	5	-3
-22	6	-3
-22	6	-3
-22	7	-3
-21	7	-4
-21	8	-4
-21	8	-4
-21	8	-4
-20	9	-4
-20	9	-5
-20	9	-5
-19	9	-5
-19	10	-5
-19	10	-5
-19	10	-5
-19	11	-6
-19	12	-6
-19	12	-6
-19	13	-7
-29	23	-12
-29	24	-12
-29	25	-13
-28	26	-13
-28	27	-14
-28	28	-14
-30	33	-17
-29	34	-17
-29	35	-18
-30	38	-20
-31	41	-21
-108	161	-83
-105	164	-85
-99	162	-84
-94	164	-84
-88	163	-84
-84	164	-85
-79	164	-84
-73	163	-84
-69	163	-84
-64	163	-84
-59	163	-84
-55	163	-84
-50	163	-84
-46	165	-85
-41	164	-85
-37	165	-85
-33	165	-85
-28	165	-85
-24	166	-86
-19	165	-85
-15	166	-86
-11	166	-86
-6	166	-86
-2	166	-85
2	166	-86
7	166	-85
11	167	-86
16	165	-85
19	163	-84
23	159	-82
26	154	-79
31	155	-80
36	162	-83
38	150	-77
44	157	-81
47	152	-79
55	166	-85
60	167	-86
66	169	-87
71	168	-87
75	167	-86
79	165	-85
86	170	-88
91	169	-87
96	169	-87
102	169	-87
107	169	-87
114	170	-88
119	169	-87
126	170	-88
132	170	-88
138	170	-88
142	166	-86
140	157	-81
140	150	-77
141	145	-75
148	145	-75
152	143	-74
161	145	-75
168	145	-75
177	146	-75
184	146	-75
143	108	-56
145	105	-54
148	102	-53
149	98	-51
149	95	-49
147	89	-46
148	86	-44
148	82	-42
148	78	-40
149	75	-39
149	71	-37
149	68	-35
148	64	-33
148	61	-31
150	58	-30
150	55	-28
150	52	-27
151	49	-25
154	47	-24
161	46	-24
171	46	-24
181	45	-23
201	47	-24
218	46	-24
227	44	-23
232	41	-21
236	37	-19
256	36	-19
-96	-3	2
-63	0	0
-61	1	-1
-60	2	-1
-59	3	-2
-60	4	-3
-61	5	-3
-27	4	-2
-25	4	-3
-24	4	-3
-23	5	-3
-22	5	-4
-22	5	-3
-21	6	-4
-21	6	-4
-21	7	-4
-21	7	-4
-21	7	-5
-20	7	-5
-20	8	-5
-19	8	-5
-19	8	-5
-19	9	-6
-19	10	-7
-19	10	-7
-19	11	-7
-19	12	-8
-20	12	-8
-30	22	-14
-30	22	-15
-31	24	-16
-32	26	-17
-31	26	-17
-31	27	-18
-31	28	-18
-30	28	-18
-29	29	-19
-29	31	-20
-29	32	-21
-28	32	-21
-29	34	-22
-28	35	-23
-28	37	-24
-29	39	-25
-84	130	-85
-79	129	-84
-75	130	-85
-71	131	-85
-67	131	-85
-62	131	-85
-58	131	-85
-54	130	-85
-50	131	-86
-46	131	-85
-42	131	-85
-38	131	-85
-34	131	-85
-30	130	-85
-27	131	-86
-23	131	-85
-19	131	-86
-16	132	-86
-12	132	-86
-8	132	-86
-4	131	-86
-1	132	-86
3	131	-86
7	131	-86
10	132	-86
14	132	-86
18	131	-86
21	132	-86
25	133	-87
29	133	-87
33	132	-86
37	133	-87
41	133	-87
45	133	-87
48	132	-86
53	133	-87
57	133	-87
61	134	-88
65	134	-87
69	133	-87
74	133	-87
78	133	-87
83	133	-87
87	134	-87
92	133	-87
97	134	-87
102	133	-87
108	135	-88
112	133	-87
118	134	-87
124	134	-88
130	135	-88
136	135	-88
142	135	-88
149	135	-88
155	135	-88
161	135	-88
148	118	-77
151	115	-75
161	118	-77
156	109	-71
161	108	-71
170	109	-71
189	116	-76
148	87	-57
148	83	-54
148	79	-52
147	75	-49
148	72	-47
148	69	-45
148	65	-43
149	62	-41
147	59	-38
149	56	-37
149	53	-35
149	50	-33
149	47	-31
149	45	-29
150	42	-27
150	39	-26
151	37	-24
160	36	-24
175	36	-24
186	36	-23
208	37	-24
222	35	-23
238	34	-22
-149	-10	8
-95	-2	1
-61	1	0
-60	1	-1
-60	2	-2
-60	3	-3
-60	4	-3
-62	5	-4
-25	4	-3
-24	4	-3
-23	5	-4
-23	4	-4
-22	5	-4
-21	5	-4
-21	5	-4
-20	6	-5
-20	6	-5
-20	6	-5
-20	7	-5
-19	7	-6
-19	7	-6
-19	7	-6
-19	8	-6
-19	8	-7
-19	9	-8
-19	10	-8
-20	10	-8
-34	21	-17
-34	22	-18
-33	22	-18
-33	23	-19
-32	23	-19
-31	23	-19
-31	24	-20
-30	25	-20
-30	26	-21
-29	26	-21
-29	27	-22
-28	28	-23
-28	29	-23
-28	30	-24
-27	31	-25
-28	33	-27
-27	34	-27
-28	36	-30
-72	106	-86
-67	106	-86
-63	106	-86
-59	105	-85
-56	105	-85
-52	105	-85
-49	105	-85
-45	105	-85
-42	106	-86
-38	106	-86
-35	106	-86
-32	106	-86
-28	106	-86
-25	106	-86
-22	107	-86
-18	106	-86
-15	107	-86
-12	107	-87
-9	107	-87
-5	107	-87
-2	107	-87
1	107	-87
4	107	-87
8	107	-87
11	107	-87
14	107	-87
17	107	-87
20	107	-87
24	107	-87
27	107	-87
30	107	-87
34	107	-87
37	107	-87
41	107	-87
44	107	-87
9	15	-12
51	107	-87
55	107	-87
59	108	-88
63	108	-87
67	108	-88
71	108	-88
76	104	-84
88	109	-89
93	109	-89
97	109	-89
102	109	-89
106	109	-88
111	109	-88
113	105	-85
123	111	-90
127	109	-88
133	110	-89
138	109	-88
144	109	-88
144	105	-85
146	101	-82
148	98	-80
150	95	-77
152	93	-75
160	93	-76
172	96	-78
151	81	-65
151	77	-62
152	74	-60
150	70	-56
149	66	-53
148	62	-51
149	60	-49
149	57	-46
149	54	-44
148	51	-41
149	48	-39
150	46	-37
150	43	-35
149	40	-33
149	38	-31
149	35	-29
150	33	-27
151	31	-25
157	29	-24
167	29	-23
185	29	-23
209	30	-24
228	29	-23
-149	-15	15
-145	-12	12
-144	-10	10
-94	-2	2
-62	0	0
-60	1	-1
-60	2	-2
-60	2	-2
-60	3	-3
-61	4	-4
-27	3	-3
-24	4	-4
-23	4	-4
-23	4	-4
-22	4	-4
-21	5	-5
-21	5	-5
-20	5	-5
-20	5	-5
-20	5	-5
-20	6	-6
-19	6	-6
-19	6	-6
-19	6	-6
-19	7	-7
-19	7	-7
-19	9	-9
-20	9	-9
-20	9	-9
-20	10	-10
-34	19	-19
-33	19	-19
-32	19	-19
-32	20	-20
-31	20	-20
-31	21	-21
-30	21	-21
-30	22	-22
-29	23	-23
-29	24	-24
-29	24	-24
-29	25	-25
-29	26	-26
-29	28	-28
-29	29	-29
-28	29	-29
-28	31	-31
-28	32	-32
-28	34	-34
-28	36	-36
-61	86	-86
-58	86	-86
-54	86	-86
-51	86	-86
-48	85	-85
-45	86	-86
-41	85	-85
-38	86	-86
-35	86	-86
-32	86	-86
-29	86	-86
-26	85	-85
-23	86	-86
-20	86	-86
-17	86	-86
-14	86	-86
-11	86	-86
-8	86	-86
-5	86	-86
-3	86	-86
0	86	-86
3	86	-86
6	86	-86
9	86	-86
12	86	-86
15	86	-86
18	86	-86
21	86	-86
24	87	-87
27	86	-86
7	13	-13
33	87	-87
36	87	-87
39	87	-87
42	87	-87
44	84	-84
46	83	-83
51	86	-86
52	82	-82
59	87	-87
62	87	-87
66	87	-87
69	87	-87
73	87	-87
77	87	-87
80	87	-87
85	87	-87
13	10	-10
96	86	-86
102	87	-87
107	88	-88
112	88	-88
118	89	-89
122	88	-88
143	91	-91
145	88	-88
152	88	-88
155	87	-87
159	85	-85
152	78	-78
152	74	-74
152	71	-71
152	68	-68
154	65	-65
154	62	-62
154	59	-59
154	57	-57
150	52	-52
149	49	-49
148	46	-46
150	45	-45
150	42	-42
150	39	-39
149	37	-37
148	34	-34
149	32	-32
149	30	-30
150	28	-28
150	26	-26
153	24	-24
162	23	-23
182	23	-23
206	24	-24
-150	-18	22
-147	-16	19
-144	-13	16
-143	-11	14
-144	-10	12
-97	-4	4
-93	-2	3
-63	0	0
-61	0	-1
-60	1	-2
-60	2	-2
-60	3	-3
-61	4	-4
-61	4	-5
-25	3	-4
-24	4	-4
-23	4	-5
-22	4	-5
-22	4	-5
-21	4	-5
-20	4	-6
-20	5	-6
-19	6	-7
-19	6	-7
-19	6	-8
-20	7	-9
-19	8	-9
-20	8	-9
-20	8	-10
-34	17	-21
-33	17	-21
-32	18	-22
-32	18	-22
-31	19	-23
-31	19	-24
-31	20	-24
-30	21	-25
-30	23	-29
-29	24	-29
-29	24	-30
-28	24	-30
-27	25	-31
-27	26	-32
-27	27	-33
-26	28	-34
-26	29	-36
-26	31	-38
-55	72	-88
-52	71	-88
-49	72	-88
-46	72	-88
-43	72	-89
-40	72	-88
-37	72	-89
-34	72	-88
-31	72	-88
-28	72	-89
-25	72	-88
-22	72	-88
-20	72	-88
-17	72	-89
-14	72	-88
-12	72	-89
-9	72	-89
-6	72	-89
-3	72	-88
-1	72	-89
2	72	-89
5	72	-89
8	72	-89
10	72	-89
13	72	-89
15	72	-89
18	72	-89
21	72	-89
24	72	-89
27	73	-89
29	72	-89
32	72	-89
35	73	-89
37	70	-86
42	73	-90
44	73	-89
47	73	-90
51	73	-90
54	73	-89
57	72	-89
60	73	-90
64	73	-90
67	73	-90
71	73	-90
75	73	-91
78	73	-90
82	73	-90
102	73	-90
107	74	-91
112	73	-91
117	74	-91
120	72	-89
148	75	-93
152	74	-91
153	72	-88
153	68	-84
153	66	-81
153	63	-77
154	60	-74
154	57	-71
150	53	-65
155	45	-55
152	42	-51
151	39	-48
150	37	-45
149	34	-42
149	32	-39
148	30	-37
149	28	-34
149	26	-32
149	24	-30
150	22	-27
151	20	-25
157	19	-23
178	20	-24
198	19	-24
