0	0	0
-136	28	52
-132	29	54
-130	30	56
-129	32	60
-128	33	63
-127	35	65
-126	36	68
-127	39	73
-132	42	79
-133	45	84
-132	47	87
-129	48	90
-126	49	91
-128	52	97
-128	55	103
-128	57	106
-127	59	111
-127	62	116
-128	65	122
-126	67	126
-127	70	132
-122	71	134
-126	76	144
-133	84	159
-127	85	159
-121	84	159
-115	85	159
-110	85	159
-105	85	160
-100	85	160
-95	86	161
-90	85	160
-85	85	160
-80	86	161
-76	86	162
-71	86	161
-66	85	161
-61	85	160
-57	86	161
-53	86	161
-49	86	161
-45	86	161
-40	86	161
-37	86	162
-32	86	161
-28	86	161
-24	86	162
-20	86	162
-16	86	162
-13	86	162
-9	86	162
-5	86	161
-1	80	150
3	79	149
11	86	162
15	86	162
19	86	162
23	86	162
27	87	163
31	86	162
35	86	162
39	86	162
43	86	162
47	86	162
51	86	162
55	86	162
60	86	163
64	87	163
69	87	164
74	87	163
78	87	163
83	87	163
88	87	163
93	87	163
98	87	163
103	87	163
108	86	162
114	87	163
119	86	163
125	87	163
131	87	163
138	87	163
145	87	164
152	87	163
158	87	163
165	86	163
173	87	163
182	87	164
189	87	163
197	86	162
206	86	162
-135	33	44
-131	34	46
-130	36	48
-129	38	51
-128	40	54
-126	42	56
-126	44	59
-130	48	64
-133	51	69
-132	54	73
-130	56	75
-126	56	76
-126	59	80
-128	63	85
-128	66	89
-127	69	93
-128	72	97
-127	75	101
-125	78	105
-127	82	111
-125	85	115
-125	89	120
-125	93	125
-125	97	131
-123	100	134
-130	111	149
-130	115	155
-123	115	155
-117	115	155
-112	116	156
-106	116	156
-100	115	155
-96	116	156
-90	116	156
-85	116	157
-80	116	157
-76	116	157
-71	117	157
-66	116	157
-62	117	158
-57	117	157
-52	117	157
-48	117	157
-43	117	157
-39	117	157
-35	117	157
-31	117	157
-26	116	157
-22	117	157
-18	116	156
-14	116	157
-10	116	157
-6	116	157
-1	117	157
3	117	158
7	117	157
11	117	158
15	117	157
19	117	158
23	117	158
28	118	158
32	117	158
36	118	159
41	118	159
45	118	158
49	118	159
54	118	158
58	118	159
63	118	158
68	118	159
72	117	158
77	118	158
82	118	159
86	117	158
92	117	158
97	117	158
103	118	159
108	118	158
114	118	159
120	117	158
127	118	160
132	117	158
139	118	159
145	118	159
152	118	158
159	118	158
167	118	159
175	119	160
183	118	159
192	118	160
198	117	158
208	117	158
217	117	158
228	117	158
238	117	158
-138	32	32
-132	34	34
-130	36	36
-129	38	38
-50	17	17
-48	18	18
-132	56	56
-130	58	58
-125	59	59
-126	62	62
-48	29	29
-46	29	29
-44	29	29
-43	30	30
-124	112	112
-127	119	119
-124	122	122
-122	126	126
-124	134	134
-121	137	137
-129	154	154
-125	156	156
-119	157	157
-113	157	157
-107	157	157
-101	158	158
-96	158	158
-90	158	158
-85	159	159
-79	158	158
-74	158	158
-68	158	158
-63	158	158
-58	158	158
-53	159	159
-48	159	159
-43	158	158
-38	158	158
-33	159	159
-28	159	159
-24	158	158
-19	158	158
-14	159	159
-9	158	158
-5	159	159
0	159	159
5	159	159
10	159	159
14	159	159
19	159	159
24	159	159
28	159	159
33	159	159
38	159	159
43	158	158
48	159	159
53	160	160
58	159	159
63	159	159
69	160	160
74	160	160
79	159	159
84	159	159
90	160	160
96	159	159
101	159	159
107	159	159
114	159	159
120	159	159
126	159	159
133	159	159
140	160	160
147	160	160
154	159	159
160	158	158
163	154	154
164	148	148
171	147	147
177	146	146
186	146	146
193	145	145
203	146	146
211	145	145
220	144	144
222	139	139
216	129	129
216	123	123
217	118	118
219	113	113
-53	14	10
-51	14	11
-50	15	11
-49	16	12
-48	17	13
-48	18	13
-48	19	14
-47	20	15
-45	20	15
-44	21	16
-44	22	16
-43	23	17
-44	24	18
-45	26	20
-47	28	21
-45	29	21
-44	29	22
-42	30	22
-41	30	22
-40	31	23
-40	32	24
-40	33	25
-39	34	26
-122	139	104
-124	147	109
-123	154	114
-123	162	120
-123	170	126
-122	177	131
-122	186	138
-124	199	148
-125	213	158
-117	211	157
-112	213	158
-100	203	151
-93	202	150
-88	204	152
-84	210	156
-79	214	159
-73	214	159
-68	216	160
-61	215	160
-56	217	161
-50	216	161
-44	216	160
-38	217	161
-32	217	161
-26	217	161
-21	217	161
-15	216	160
-8	195	144
-3	190	141
2	217	161
7	186	138
12	187	139
19	213	158
24	206	153
27	189	140
32	187	139
42	214	159
48	216	161
54	216	160
60	216	160
66	216	160
72	215	160
78	215	160
84	215	159
90	215	160
97	215	160
103	215	159
110	215	160
116	214	159
124	216	160
131	216	160
137	214	159
145	214	159
153	215	160
160	214	159
165	210	156
165	200	148
164	189	140
165	182	135
166	174	129
164	164	122
160	153	114
163	149	110
170	148	110
178	148	110
186	149	110
193	147	109
203	148	110
212	147	109
211	140	104
233	141	104
243	140	104
253	138	103
266	138	102
269	132	98
-134	28	15
-132	30	16
-130	33	17
-130	36	19
-129	39	21
-54	20	11
-53	21	11
-52	22	12
-51	23	12
-50	24	13
-49	25	13
-48	26	14
-47	27	14
-46	27	15
-45	29	15
-44	29	16
-42	29	16
-40	29	16
-38	29	15
-39	33	17
-38	34	18
-37	34	18
-37	36	19
-37	37	20
-37	39	21
-38	43	23
-37	45	24
-123	168	89
-123	176	93
-119	179	95
-119	188	100
-127	212	113
-114	201	107
-109	203	108
-102	202	108
-97	202	108
-91	203	108
-85	202	107
-78	198	106
-73	200	107
-67	199	106
-63	201	107
-57	201	107
-52	202	107
-47	202	107
-42	201	107
-36	199	106
-31	199	106
-26	197	105
-21	196	104
-16	198	105
-11	197	105
-7	196	104
-2	197	105
3	197	105
8	195	104
12	196	104
17	195	104
22	194	103
34	257	137
41	258	137
46	254	135
53	255	136
59	255	136
65	252	134
72	253	134
78	252	134
85	251	134
93	255	136
98	252	134
106	253	135
113	252	134
119	250	133
126	249	133
133	248	132
140	248	132
147	245	130
157	249	133
164	246	131
167	240	127
167	227	121
167	216	115
166	206	109
165	194	103
166	186	99
166	178	94
163	167	89
162	158	84
163	152	81
167	148	79
173	147	78
181	147	78
190	147	78
200	148	79
207	147	78
217	146	78
226	145	77
237	145	77
240	140	74
245	136	72
257	135	72
-129	25	9
-129	28	10
-130	31	11
-55	17	6
-54	19	6
-53	20	7
-52	21	7
-52	22	8
-52	23	8
-53	25	9
-52	26	9
-129	72	25
-128	75	26
-127	78	27
-47	32	11
-43	31	11
-41	31	11
-40	32	11
-39	33	11
-39	34	12
-38	35	12
-38	36	13
-38	38	13
-38	40	14
-37	41	14
-38	44	15
-123	160	56
-122	167	58
-122	175	61
-118	178	62
-115	181	63
-127	211	73
-116	203	71
-109	202	70
-103	203	70
-98	205	71
-92	204	71
-86	202	70
-80	201	70
-74	200	69
-67	194	67
-53	182	63
-47	177	61
-40	168	58
-36	165	57
-36	247	86
-23	194	67
-19	194	67
-14	194	67
-10	194	67
-5	193	67
-1	193	67
4	193	67
8	192	67
13	194	67
17	195	68
22	194	67
31	230	80
33	209	73
39	216	75
42	201	70
58	254	88
64	254	88
70	252	88
76	253	88
83	252	88
89	251	87
96	252	87
102	251	87
109	251	87
115	250	87
122	249	86
129	249	87
136	248	86
143	247	86
151	247	86
159	247	86
167	247	86
165	234	81
167	225	78
167	213	74
166	203	70
166	193	67
166	184	64
166	176	61
162	164	57
164	158	55
163	150	52
168	148	51
175	147	51
183	147	51
192	147	51
201	147	51
209	146	51
219	146	51
230	145	50
240	145	50
250	143	50
265	144	50
271	139	48
272	132	46
270	123	43
-130	20	3
-124	22	4
-126	25	4
-130	29	5
-54	16	3
-52	17	3
-51	18	3
-51	19	3
-50	20	4
-50	21	4
-50	23	4
-61	32	6
-60	34	6
-58	34	6
-55	35	6
-54	35	6
-52	36	6
-52	37	7
-51	39	7
-43	35	6
-42	35	6
-41	37	6
-41	39	7
-40	39	7
-39	40	7
-38	41	7
-35	39	7
-34	40	7
-33	41	7
-33	42	7
-29	40	7
-27	39	7
-27	40	7
-25	40	7
-24	40	7
-23	41	7
-23	43	7
-23	45	8
-83	198	34
-76	194	34
-71	194	34
-65	192	33
-57	182	32
-50	175	30
-42	160	28
-38	159	28
-34	159	28
-30	161	28
-27	162	28
-26	181	31
-22	183	32
-18	186	32
-14	189	33
-10	190	33
-5	189	33
-1	188	33
3	188	33
8	189	33
12	189	33
16	190	33
21	188	33
25	193	34
29	188	33
34	187	33
38	187	32
42	187	32
47	187	32
60	218	38
68	229	40
73	228	40
83	239	42
87	233	40
92	229	40
101	239	41
109	242	42
256	510	88
173	325	56
173	307	53
174	292	51
151	241	42
158	239	42
167	240	42
167	229	40
168	219	38
167	208	36
166	197	34
167	189	33
166	180	31
165	170	30
164	161	28
162	153	26
162	145	25
168	144	25
174	143	25
182	142	25
191	142	25
200	142	25
210	143	25
218	141	24
227	140	24
241	140	24
250	139	24
264	139	24
272	135	23
273	128	22
270	119	21
270	111	19
272	105	18
-145	14	0
-137	16	0
-125	18	0
-123	21	0
-56	12	0
-55	13	0
-53	14	0
-53	15	0
-52	16	0
-52	18	0
-61	25	0
-60	26	0
-59	27	0
-58	28	0
-57	29	0
-54	30	0
-53	31	0
-50	31	0
-50	33	0
-49	33	0
-47	33	0
-45	34	0
-43	34	0
-41	34	0
-39	34	0
-37	34	0
-36	34	0
-34	35	0
-33	35	0
-31	34	0
-29	35	0
-27	34	0
-26	34	0
-25	34	0
-23	33	0
-22	33	0
-21	34	0
-20	34	0
-20	35	0
-19	35	0
-18	36	0
-18	38	0
-18	40	0
-70	187	0
-62	181	0
-56	175	0
-47	160	0
-43	163	0
-36	152	0
-33	152	0
-31	162	0
-22	177	0
-17	176	0
-14	184	0
-10	185	0
-5	184	0
-1	184	0
3	184	0
8	183	0
12	184	0
16	184	0
20	183	0
25	187	0
29	183	0
33	182	0
38	183	0
42	182	0
46	181	0
52	186	0
59	195	0
61	187	0
68	192	0
74	193	0
78	191	0
85	196	0
92	199	0
97	199	0
174	320	0
178	309	0
150	235	0
157	233	0
164	231	0
170	229	0
168	216	0
167	205	0
168	196	0
168	187	0
166	176	0
165	168	0
166	160	0
164	151	0
162	143	0
165	139	0
173	139	0
181	139	0
189	138	0
196	137	0
208	138	0
216	137	0
225	136	0
231	132	0
231	125	0
239	123	0
272	132	0
272	125	0
271	117	0
267	108	0
269	102	0
270	95	0
270	88	0
-134	15	-3
-129	17	-3
-57	10	-2
-55	11	-2
-54	12	-2
-53	13	-2
-52	14	-3
-53	16	-3
-54	17	-3
-59	20	-4
-58	21	-4
-58	22	-4
-57	24	-4
-57	25	-5
-57	27	-5
-56	27	-5
-49	26	-5
-48	26	-5
-46	27	-5
-45	28	-5
-43	28	-5
-41	28	-5
-40	29	-5
-38	29	-5
-37	29	-5
-35	29	-5
-34	29	-5
-30	28	-5
-30	29	-5
-30	30	-6
-29	31	-6
-28	31	-6
-26	31	-6
-22	27	-5
-20	27	-5
-19	26	-5
-18	27	-5
-18	27	-5
-17	28	-5
-17	28	-5
-16	29	-5
-15	29	-5
-15	31	-6
-15	33	-6
-74	186	-34
-66	178	-33
-59	174	-32
-54	171	-32
-48	165	-31
-41	157	-29
-36	155	-29
-39	183	-34
-34	181	-33
-29	181	-34
-25	183	-34
-20	178	-33
-15	178	-33
-11	178	-33
-6	178	-33
-2	179	-33
2	178	-33
7	178	-33
11	178	-33
15	178	-33
19	176	-33
24	178	-33
28	177	-33
32	177	-33
37	176	-33
41	175	-32
45	175	-32
50	176	-33
56	179	-33
60	178	-33
66	181	-33
68	172	-32
72	172	-32
78	173	-32
82	172	-32
89	176	-33
93	174	-32
99	175	-32
132	221	-41
142	227	-42
150	226	-42
157	226	-42
165	226	-42
169	219	-41
168	209	-39
168	198	-37
167	188	-35
167	179	-33
167	171	-32
165	162	-30
165	155	-29
164	146	-27
163	139	-26
166	135	-25
173	135	-25
181	134	-25
188	133	-25
197	133	-25
196	126	-23
199	122	-22
201	117	-22
205	113	-21
208	109	-20
211	105	-19
218	102	-19
226	100	-18
236	98	-18
244	96	-18
257	94	-17
270	93	-17
269	86	-16
269	79	-15
249	68	-12
246	61	-11
248	56	-10
-102	5	-2
-128	11	-4
-134	14	-6
-58	8	-3
-56	9	-4
-54	10	-4
-53	11	-4
-53	12	-5
-53	14	-5
-55	15	-6
-57	17	-7
-57	18	-7
-57	19	-8
-57	21	-8
-58	22	-9
-59	24	-9
-54	24	-9
-50	23	-9
-49	24	-9
-47	24	-10
-45	25	-10
-43	25	-10
-42	25	-10
-40	26	-10
-38	26	-10
-36	26	-10
-34	26	-10
-33	25	-10
-31	25	-10
-30	26	-10
-29	26	-10
-28	27	-11
-28	27	-11
-19	21	-8
-18	20	-8
-16	20	-8
-16	20	-8
-15	20	-8
-15	21	-8
-14	21	-8
-14	22	-9
-13	22	-9
-13	23	-9
-13	24	-9
-76	178	-70
-65	176	-70
-61	178	-70
-55	178	-70
-50	177	-70
-45	176	-69
-40	176	-70
-35	176	-69
-30	176	-70
-25	175	-69
-20	174	-69
-16	174	-69
-11	174	-69
-6	174	-69
-2	174	-69
3	173	-68
7	173	-68
12	173	-68
17	172	-68
21	172	-68
26	178	-70
30	172	-68
35	171	-68
39	171	-68
44	171	-67
48	170	-67
64	190	-75
65	174	-69
67	169	-67
72	168	-66
77	168	-66
83	169	-67
88	169	-67
95	172	-68
100	171	-67
136	221	-87
143	221	-87
150	219	-87
155	215	-85
167	220	-87
168	210	-83
168	201	-79
167	190	-75
167	181	-71
167	172	-68
165	163	-64
166	156	-62
164	148	-58
163	140	-55
162	133	-53
167	130	-51
172	129	-51
171	122	-48
168	114	-45
168	109	-43
164	101	-40
165	97	-38
165	92	-36
165	88	-35
166	84	-33
166	79	-31
166	75	-30
165	70	-28
165	66	-26
168	64	-25
172	61	-24
175	58	-23
188	58	-23
210	61	-24
222	60	-24
222	55	-22
226	51	-20
238	49	-19
241	44	-17
250	41	-16
