0	0	0
-167	38	28
-165	41	30
-168	45	33
-173	50	37
-74	24	18
-71	25	18
-78	29	21
-63	25	18
-62	26	19
-59	26	19
-55	26	19
-53	26	20
-52	27	20
-51	28	21
-49	28	21
-49	30	22
-48	31	23
-47	31	23
-47	32	24
-45	33	24
-43	33	24
-42	33	25
-41	34	25
-40	34	26
-38	35	26
-37	35	26
-36	36	27
-35	36	27
-34	37	27
-33	37	28
-32	38	28
-31	39	29
-31	40	30
-115	167	124
-112	171	127
-108	174	129
-104	177	132
-100	180	133
-96	183	136
-93	186	138
-89	190	141
-85	193	143
-79	192	142
-77	202	150
-73	205	152
-71	216	160
-66	219	163
-62	225	167
-56	226	168
-51	227	168
-44	225	167
-39	225	167
-33	225	167
-27	226	168
-22	226	168
-16	226	167
-10	227	168
-4	227	168
1	227	168
7	215	159
12	204	151
16	196	146
20	190	141
24	183	136
28	178	132
32	174	129
36	172	127
44	166	124
47	163	121
50	158	117
53	155	115
56	152	113
58	146	108
61	142	106
63	139	103
67	138	102
69	133	98
84	145	108
93	154	114
104	163	121
116	172	128
119	168	125
122	165	122
125	161	120
127	157	116
131	154	114
133	149	111
136	146	108
139	142	106
142	140	104
144	136	101
148	133	99
149	129	96
153	126	93
155	123	91
158	120	89
160	116	86
164	114	84
166	110	82
168	107	79
171	103	77
453	242	180
460	234	173
-167	37	24
-165	40	26
-168	45	28
-171	49	31
-176	55	35
-57	22	14
-54	22	14
-51	22	14
-50	23	14
-48	23	15
-47	24	15
-46	25	16
-45	26	16
-44	26	17
-44	27	17
-43	28	18
-43	30	19
-43	31	19
-42	32	20
-42	33	21
-42	34	21
-42	35	22
-42	37	23
-42	39	25
-44	42	27
-46	45	29
-48	49	31
-49	53	34
-131	155	98
-128	159	100
-125	162	102
-122	165	105
-117	167	105
-114	170	108
-111	173	110
-108	177	112
-104	180	114
-99	182	115
-97	188	119
-93	190	120
-88	193	122
-85	197	125
-79	197	124
-76	203	128
-73	208	132
-67	208	132
-64	215	136
-61	222	140
-57	231	146
-52	235	149
-46	233	147
-42	244	155
-37	250	158
-32	252	160
-26	254	161
-20	255	162
-12	239	151
-6	228	144
-1	220	139
5	212	134
10	206	131
14	201	127
19	200	126
23	193	122
27	188	119
31	184	116
34	175	111
38	175	111
41	169	107
45	166	105
48	162	102
50	157	99
54	156	99
56	151	96
59	147	93
62	145	92
64	140	89
66	137	87
70	136	86
78	145	91
84	147	93
95	158	100
106	168	106
116	175	110
116	167	106
128	159	101
131	156	99
133	152	96
136	148	94
139	145	92
142	141	90
144	138	87
147	135	85
151	132	84
153	128	81
153	123	78
155	119	75
159	116	74
158	111	70
166	111	70
169	108	69
175	107	68
462	237	150
464	225	143
-165	34	18
-164	38	20
-166	42	22
-170	47	25
-173	51	27
-57	20	11
-53	20	11
-52	21	11
-49	21	11
-47	21	11
-45	22	12
-44	22	12
-43	23	12
-42	24	13
-41	24	13
-41	25	13
-40	26	14
-39	27	14
-39	28	15
-39	29	16
-39	30	16
-39	31	17
-38	33	17
-40	35	19
-39	36	19
-39	38	20
-40	39	21
-40	41	22
-128	157	83
-126	161	85
-123	164	87
-117	164	87
-115	169	90
-112	173	92
-108	175	93
-105	180	96
-101	181	96
-97	185	98
-95	190	101
-90	191	102
-87	197	105
-81	195	104
-79	203	108
-75	205	109
-72	212	113
-67	214	114
-63	219	116
-58	221	118
-54	227	121
-50	230	122
-45	234	124
-41	240	128
-36	245	131
-30	247	131
-24	248	132
-18	241	128
-12	237	126
-6	229	122
-1	221	117
4	213	113
9	207	110
14	206	109
18	199	106
22	194	103
25	186	99
29	182	97
33	178	95
36	173	92
38	164	87
41	161	85
44	157	84
48	155	82
52	155	82
54	151	81
57	146	78
59	144	77
62	141	75
64	138	73
67	135	72
69	132	70
72	130	69
74	127	68
77	125	66
79	122	65
81	119	63
83	117	62
85	114	61
97	125	67
131	155	82
134	152	81
137	148	79
139	144	77
142	141	75
144	137	73
145	132	70
143	124	66
150	125	67
144	115	61
146	111	59
150	109	58
161	112	60
166	110	59
169	108	57
415	232	124
447	238	127
458	232	123
461	221	118
-163	33	14
-161	36	16
-165	41	18
-169	46	20
-54	17	8
-51	18	8
-50	19	8
-47	19	8
-45	19	9
-43	20	9
-42	20	9
-41	21	9
-41	22	10
-39	22	10
-38	23	10
-38	24	10
-39	25	11
-38	26	12
-38	27	12
-38	28	12
-37	29	13
-37	30	13
-37	31	14
-37	33	14
-37	34	15
-36	35	15
-37	37	16
-37	39	17
-127	156	68
-125	161	70
-122	163	71
-116	164	72
-114	167	73
-111	171	75
-107	174	76
-104	178	78
-99	179	78
-97	183	80
-94	188	82
-89	189	83
-87	196	86
-80	191	84
-79	200	87
-75	205	89
-72	209	91
-68	214	94
-64	217	95
-58	216	94
-55	222	97
-50	225	98
-46	232	102
-41	235	103
-37	242	106
-32	245	107
-26	245	107
-21	244	107
-15	237	104
-9	227	99
-4	221	97
2	217	95
6	210	92
11	207	91
15	198	87
19	192	84
23	187	82
26	183	80
30	177	78
33	171	75
35	164	72
39	162	71
43	162	71
46	159	70
48	156	68
51	152	67
54	150	66
57	147	64
60	145	64
62	142	62
64	137	60
67	135	59
70	134	59
72	130	57
74	127	56
76	124	54
78	122	53
80	119	52
82	116	51
126	157	69
128	152	67
133	151	66
136	148	65
139	145	63
141	141	62
141	134	59
139	127	55
144	126	55
142	119	52
143	114	50
145	111	48
149	109	48
162	113	50
164	110	48
168	107	47
170	104	45
447	238	104
454	230	101
456	218	96
453	205	90
-160	28	10
-158	31	11
-161	36	12
-165	40	14
-170	45	16
-54	17	6
-52	18	6
-49	18	6
-47	19	7
-45	19	7
-44	20	7
-43	21	7
-40	21	7
-40	22	7
-41	23	8
-40	24	8
-39	24	8
-38	25	9
-38	26	9
-37	27	9
-37	28	10
-37	29	10
-37	30	10
-36	31	11
-37	33	11
-37	34	12
-38	36	13
-39	39	13
-40	41	14
-40	44	15
-127	156	54
-124	158	55
-120	161	56
-116	162	56
-113	166	58
-110	169	59
-106	172	60
-103	174	61
-99	176	61
-95	179	62
-92	183	64
-89	187	65
-87	192	67
-80	188	65
-78	196	68
-73	196	68
-70	202	70
-69	212	74
-65	215	75
-59	212	74
-55	218	76
-51	221	77
-47	228	79
-42	229	80
-38	235	82
-34	241	84
-28	239	83
-24	254	88
-17	238	83
-12	236	82
-6	228	79
-1	221	77
4	214	74
8	208	72
12	201	70
17	195	68
20	189	66
24	184	64
27	179	62
30	170	59
33	167	58
36	161	56
39	161	56
43	158	55
46	157	55
48	153	53
51	150	52
54	147	51
56	144	50
59	143	50
62	140	49
64	137	47
66	133	46
70	134	46
71	129	45
73	126	44
75	123	43
78	120	42
80	118	41
82	115	40
84	113	39
122	145	50
126	144	50
130	136	47
143	137	48
138	126	44
141	123	43
143	120	42
146	117	41
148	113	39
153	112	39
157	110	38
161	108	38
168	107	37
170	104	36
437	233	81
460	221	77
462	210	73
265	112	39
-158	26	7
-156	29	7
-158	33	8
-162	37	10
-167	42	11
-171	47	12
-58	19	5
-54	19	5
-52	20	5
-49	20	5
-47	21	5
-46	21	6
-43	21	6
-43	22	6
-43	23	6
-42	24	6
-42	25	7
-41	26	7
-40	27	7
-39	27	7
-39	29	7
-38	29	8
-38	31	8
-38	32	8
-38	33	9
-38	35	9
-38	36	9
-39	39	10
-40	41	11
-42	44	12
-128	153	40
-125	157	41
-121	160	41
-117	160	42
-114	164	43
-111	167	43
-108	170	44
-104	173	45
-100	174	45
-96	177	46
-93	181	47
-90	184	48
-88	190	49
-81	186	48
-78	191	50
-74	193	50
-72	200	52
-68	202	53
-66	213	55
-61	210	55
-56	212	55
-53	218	57
-49	224	58
-44	227	59
-40	231	60
-36	237	62
-31	238	62
-26	242	63
-20	240	62
-15	237	62
-9	231	60
-4	224	58
1	218	57
6	207	54
10	203	53
14	201	52
18	191	50
21	186	48
25	180	47
28	177	46
31	167	43
34	164	43
37	159	41
40	159	41
43	156	41
46	153	40
49	151	39
52	149	39
54	146	38
57	143	37
60	142	37
63	139	36
64	135	35
67	132	34
71	133	34
72	127	33
73	124	32
76	122	32
77	119	31
80	117	30
82	114	30
84	112	29
85	108	28
101	124	32
129	140	36
130	134	35
142	134	35
142	129	33
144	125	32
152	126	33
145	115	30
148	112	29
158	115	30
162	113	29
165	109	28
168	106	28
171	103	27
442	233	60
443	221	57
460	217	56
458	204	53
256	107	28
-159	21	4
-155	24	4
-154	27	5
-158	32	5
-162	36	6
-167	41	7
-170	46	8
-56	18	3
-52	18	3
-50	19	3
-48	19	3
-46	20	3
-44	20	4
-43	21	4
-43	22	4
-42	23	4
-42	24	4
-41	25	4
-40	25	4
-40	26	5
-39	27	5
-38	28	5
-38	29	5
-37	30	5
-37	31	5
-37	32	6
-37	34	6
-37	35	6
-37	36	6
-38	39	7
-39	41	7
-128	152	26
-125	155	27
-121	157	27
-116	158	27
-114	163	28
-111	166	29
-108	169	29
-105	172	30
-100	173	30
-96	175	30
-94	180	31
-90	183	32
-88	187	33
-82	186	32
-78	188	33
-74	189	33
-72	197	34
-68	199	34
-67	211	37
-61	209	36
-56	208	36
-53	215	37
-50	222	38
-45	226	39
-41	228	40
-37	234	41
-32	236	41
-26	233	40
-22	243	42
-16	237	41
-11	230	40
-5	225	39
0	218	38
4	208	36
9	204	35
13	199	35
17	194	34
20	185	32
24	181	31
27	178	31
29	164	29
33	164	28
35	159	28
38	157	27
42	156	27
45	154	27
47	150	26
50	148	26
53	146	25
56	144	25
59	141	25
61	139	24
64	137	24
65	132	23
68	130	23
72	131	23
73	125	22
75	122	21
77	119	21
78	117	20
81	115	20
83	112	20
128	153	27
130	149	26
131	144	25
132	139	24
133	133	23
141	136	24
141	130	23
142	125	22
146	123	21
154	124	22
156	120	21
158	116	20
162	114	20
164	110	19
166	107	19
169	103	18
171	100	17
434	220	38
448	215	37
459	208	36
271	115	20
263	105	18
195	72	12
-152	23	2
-153	26	2
-157	30	3
-161	34	3
-164	39	3
-169	44	4
-52	18	2
-49	18	2
-47	18	2
-45	19	2
-44	20	2
-43	21	2
-42	21	2
-42	22	2
-41	23	2
-40	24	2
-40	25	2
-40	25	2
-39	27	2
-39	27	2
-38	28	2
-38	30	3
-38	31	3
-38	32	3
-38	33	3
-38	35	3
-39	37	3
-39	39	3
-40	42	4
-130	150	13
-127	153	13
-123	155	14
-117	155	14
-114	159	14
-112	163	14
-109	166	14
-106	169	15
-102	171	15
-97	171	15
-94	174	15
-92	180	16
-89	184	16
-86	188	16
-80	186	16
-76	188	16
-72	188	16
-70	195	17
-67	201	18
-64	207	18
-58	204	18
-54	206	18
-51	215	19
-48	221	19
-43	223	19
-39	227	20
-35	234	20
-29	232	20
-25	237	21
-19	233	20
-14	231	20
-9	228	20
-4	220	19
1	213	19
6	204	18
10	199	17
14	196	17
18	189	16
21	182	16
25	178	16
28	173	15
30	162	14
33	160	14
36	156	14
39	155	14
43	154	13
45	151	13
48	148	13
51	145	13
54	143	13
57	142	12
59	139	12
62	137	12
64	135	12
65	130	11
68	128	11
71	127	11
72	123	11
75	121	11
77	118	10
79	116	10
81	113	10
82	110	10
120	142	12
124	140	12
134	145	13
136	141	12
130	130	11
141	135	12
144	131	12
142	124	11
144	121	11
152	122	11
155	119	10
159	116	10
155	108	9
164	109	10
167	106	9
169	103	9
171	99	9
449	226	20
443	211	18
459	207	18
274	115	10
266	105	9
193	71	6
198	68	6
