-198	53	39
-194	56	41
-191	59	44
-189	63	47
-188	67	50
-188	71	53
-183	74	55
-193	83	61
-194	88	65
-200	96	71
-285	151	112
-275	153	114
-258	151	112
-245	151	112
-239	154	115
-197	134	99
-197	140	104
-196	146	109
-191	149	111
-180	148	110
-172	148	110
-164	148	110
-155	147	109
-148	146	109
-142	147	109
-134	146	108
-127	145	107
-122	146	109
-113	142	106
-108	144	107
-103	144	107
-100	148	110
-100	154	115
-100	163	121
-100	173	128
-99	181	135
-99	192	143
-99	204	152
-92	205	152
-90	212	158
-77	196	146
-70	195	145
-65	196	145
-60	199	148
-62	249	185
-40	186	138
-36	187	139
-32	195	145
-28	250	186
-21	251	187
-12	212	158
-6	216	160
-1	218	161
5	220	163
12	251	186
19	250	186
25	247	183
32	248	184
39	251	186
45	247	183
51	216	160
54	201	149
59	199	148
64	198	147
68	191	142
73	190	141
80	194	144
98	222	165
98	208	155
98	193	143
82	152	112
84	146	108
86	142	105
89	137	102
97	142	106
96	134	100
95	125	93
94	118	88
93	112	83
94	107	79
93	102	75
93	97	72
93	92	68
93	87	65
93	83	62
93	79	59
92	75	56
92	72	53
92	68	51
92	65	48
92	62	46
92	59	44
91	56	41
91	53	39
91	50	37
91	48	35
91	45	34
-148	34	21
-199	54	34
-194	57	36
-191	61	38
-190	65	41
-188	68	43
-189	74	47
-187	78	49
-198	87	55
-193	90	57
-200	98	62
-469	253	160
-276	158	100
-258	156	98
-245	155	98
-198	138	88
-197	144	91
-197	152	96
-190	153	97
-179	152	96
-171	151	96
-163	151	96
-156	152	96
-148	151	95
-140	150	95
-133	149	94
-126	148	94
-121	150	95
-113	147	93
-107	146	93
-102	146	93
-100	151	96
-100	160	101
-99	166	105
-100	177	112
-99	186	118
-99	197	125
-99	209	132
-92	209	132
-90	218	138
-78	203	129
-72	202	128
-65	200	127
-58	195	124
-53	196	124
-48	195	124
-42	194	123
-37	194	123
-32	194	123
-27	194	123
-22	194	123
-17	194	123
-12	193	122
-7	194	123
-2	193	122
3	193	122
8	192	122
13	193	122
18	193	122
23	192	121
27	192	121
32	192	122
37	192	121
42	192	121
47	192	121
53	192	122
58	192	122
85	150	95
86	143	91
89	140	88
97	144	91
96	135	86
95	127	80
94	120	76
93	113	72
94	108	69
93	103	65
93	98	62
93	93	59
93	89	56
93	85	54
92	80	51
92	77	48
92	73	46
92	69	44
92	66	42
92	63	40
92	60	38
91	57	36
91	54	34
91	51	32
87	46	29
88	44	28
-146	32	17
-188	45	24
-200	53	28
-193	55	29
-192	60	32
-201	67	36
-188	68	36
-188	72	39
-191	78	42
-197	86	46
-197	91	48
-200	98	52
-275	157	84
-259	156	83
-245	156	83
-230	153	82
-197	138	74
-198	146	78
-197	152	81
-189	153	81
-179	152	81
-172	153	81
-164	153	81
-156	152	81
-147	151	80
-139	150	80
-133	150	80
-126	149	79
-122	151	80
-114	149	79
-109	149	79
-103	148	79
-100	152	81
-100	159	85
-99	166	88
-99	176	93
-99	186	99
-98	196	104
-98	207	110
-98	220	117
-95	227	121
-90	231	123
-83	231	123
-77	231	123
-71	231	123
-65	232	123
-58	229	122
-53	232	124
-47	233	124
-41	234	124
-35	232	124
-29	231	123
-23	227	121
-18	232	124
-12	231	123
-6	231	123
-1	232	123
5	232	123
11	232	123
16	230	122
22	232	123
28	232	123
33	231	123
38	227	121
45	230	122
51	232	123
57	231	123
63	232	123
69	231	123
75	230	123
81	229	122
87	229	122
93	229	122
98	225	120
98	210	112
98	197	105
85	162	86
84	151	80
87	146	77
88	139	74
96	145	77
97	139	74
94	129	69
94	122	65
94	116	62
94	110	59
94	105	56
93	100	53
93	95	50
93	90	48
93	86	46
93	82	44
92	78	41
92	74	39
92	71	38
92	67	36
92	64	34
92	61	32
91	57	31
91	55	29
87	49	26
89	48	25
89	45	24
92	44	24
92	42	22
-151	29	13
-197	56	24
-192	59	26
-199	66	29
-200	71	31
-201	76	33
-190	78	34
-192	83	36
-198	91	40
-199	97	42
-470	253	111
-273	156	68
-261	157	69
-242	154	67
-197	139	61
-196	145	63
-197	152	67
-189	154	67
-178	152	66
-170	152	67
-162	152	66
-154	152	66
-146	151	66
-139	150	66
-133	150	66
-127	151	66
-121	151	66
-113	148	65
-108	148	65
-102	148	65
-100	152	66
-99	159	70
-100	168	74
-99	176	77
-98	185	81
-99	196	86
-98	206	90
-98	220	96
-95	228	100
-89	229	100
-88	241	106
-82	244	107
-76	244	107
-67	234	102
-63	244	107
-57	245	107
-51	246	108
-45	245	107
-39	244	107
-35	257	113
-28	253	111
-21	245	107
-15	245	107
-9	245	107
-3	245	107
3	257	112
9	252	110
14	243	106
20	240	105
26	241	106
31	242	106
37	237	104
44	248	109
49	242	106
55	239	105
61	240	105
70	250	109
75	247	108
80	242	106
86	240	105
92	240	105
99	239	105
99	225	99
99	210	92
98	196	86
87	164	72
82	146	64
85	142	62
87	138	60
89	134	59
96	137	60
94	129	56
94	121	53
94	116	51
93	110	48
93	105	46
93	100	44
93	95	41
93	91	40
93	86	38
93	82	36
92	78	34
93	74	33
92	71	31
92	67	29
92	64	28
92	61	27
87	54	24
92	55	24
92	52	23
92	49	22
92	47	20
92	44	19
92	41	18
-147	28	10
-141	30	11
-199	51	18
-196	55	19
-192	59	21
-200	66	23
-199	71	25
-199	76	27
-199	82	28
-198	87	30
-199	92	32
-198	97	34
-286	156	54
-271	156	54
-257	156	54
-242	155	54
-197	133	46
-196	140	48
-196	146	51
-196	153	53
-184	152	53
-176	152	53
-167	151	53
-159	151	52
-152	151	52
-143	149	52
-137	149	52
-131	150	52
-125	150	52
-117	148	51
-111	147	51
-107	148	51
-101	147	51
-100	154	53
-100	161	56
-100	170	59
-98	176	61
-98	186	65
-99	198	69
-98	208	72
-98	220	77
-97	234	81
-42	226	79
-36	223	78
-27	238	83
-21	238	83
99	232	81
98	216	75
98	202	70
98	191	66
82	149	52
84	145	50
85	138	48
88	137	47
90	133	46
95	133	46
94	126	44
94	119	41
94	114	40
94	108	38
94	103	36
93	98	34
94	94	33
91	87	30
91	83	29
91	79	27
88	73	25
93	74	26
93	70	24
93	67	23
93	63	22
93	60	21
93	57	20
92	54	19
92	51	18
92	48	17
92	45	16
92	43	15
92	40	14
94	38	13
-147	25	6
-143	28	7
-199	52	14
-193	55	14
-192	60	16
-201	68	18
-199	72	19
-200	78	20
-199	83	22
-198	88	23
-199	94	24
-479	249	65
-278	154	40
-14	12	3
-196	135	35
-196	141	37
-196	148	38
-190	151	39
-181	151	39
-171	150	39
-164	150	39
-156	150	39
-148	149	39
-141	149	39
-134	148	38
-122	148	39
-115	147	38
-108	145	38
-103	145	38
-100	149	39
-100	156	40
-100	163	42
-99	172	45
-98	179	46
-99	190	49
-99	200	52
-99	213	55
-97	223	58
-97	237	62
-97	253	66
-91	255	66
-84	256	66
-78	256	67
-71	256	67
-65	257	67
-58	255	66
-52	254	66
-46	255	66
-40	255	66
-34	255	66
-28	255	66
-22	255	66
-16	256	66
-10	254	66
-4	253	66
2	255	66
8	253	66
14	254	66
20	254	66
25	253	66
31	251	65
38	254	66
43	253	66
49	252	65
55	252	66
61	251	65
67	251	65
73	250	65
65	203	53
73	210	55
89	241	63
99	249	65
99	234	61
99	217	57
99	205	53
98	191	50
97	179	46
98	170	44
97	160	42
97	151	39
96	143	37
96	135	35
95	127	33
95	116	30
95	110	29
95	105	27
95	100	26
95	95	25
95	90	24
94	86	22
94	81	21
94	78	20
93	74	19
93	70	18
93	67	17
93	63	16
93	60	16
93	57	15
93	54	14
92	51	13
92	48	12
92	45	12
92	42	11
92	40	10
92	37	10
93	35	9
-18	2	0
-142	29	5
-200	54	9
-194	57	10
-196	63	11
-198	74	13
-191	76	13
-199	85	15
-198	90	16
-199	96	17
-283	152	26
-269	153	26
-255	153	26
-243	153	27
-196	137	24
-195	143	25
-195	150	26
-185	150	26
-176	150	26
-168	150	26
-160	150	26
-151	148	26
-143	147	25
-137	147	26
-130	147	26
-125	148	26
-117	146	25
-111	145	25
-106	145	25
-101	145	25
-100	151	26
-100	159	28
-100	167	29
-99	175	30
-98	183	32
-99	194	34
-98	204	35
-97	215	37
-98	230	40
-97	244	42
-95	256	44
-88	254	44
-81	254	44
-75	255	44
-68	253	44
-62	253	44
-56	253	44
-50	254	44
-44	254	44
-38	254	44
-31	252	44
-25	252	44
-19	253	44
-14	254	44
-8	253	44
-2	251	44
4	253	44
10	252	44
16	251	44
21	251	44
27	252	44
33	251	44
37	239	41
40	222	38
45	220	38
49	214	37
53	208	36
54	192	33
61	198	34
65	196	34
69	194	34
72	188	33
78	190	33
83	190	33
98	212	37
98	200	35
98	187	33
98	176	31
97	166	29
97	157	27
97	149	26
97	141	24
96	134	23
96	126	22
96	120	21
96	114	20
95	108	19
95	103	18
95	98	17
95	94	16
95	89	15
94	85	15
94	80	14
94	76	13
94	73	13
93	69	12
93	66	11
93	62	11
93	59	10
93	56	10
93	53	9
92	50	9
92	47	8
92	44	8
92	41	7
92	39	7
91	36	6
91	34	6
-18	2	0
-19	3	0
-18	3	0
-19	4	0
-19	4	0
-146	27	2
-34	11	1
-31	11	1
-29	11	1
-27	11	1
-202	93	8
-200	98	9
-278	151	13
-267	154	13
-251	153	13
-235	151	13
-197	133	12
-196	139	12
-195	146	13
-190	149	13
-181	149	13
-171	148	13
-163	148	13
-156	147	13
-147	146	13
-141	147	13
-133	146	13
-128	147	13
-121	145	13
-115	144	13
-109	144	13
-103	144	13
-100	147	13
-100	154	13
-100	161	14
-99	169	15
-99	177	16
-95	180	16
-84	168	15
-83	177	15
-78	178	16
-70	170	15
-65	168	15
-60	166	15
-55	167	15
-55	181	16
-62	220	19
-64	246	22
-59	252	22
-53	252	22
-47	252	22
-41	251	22
-35	250	22
-29	251	22
-23	250	22
-17	250	22
-11	250	22
-5	249	22
1	250	22
7	250	22
13	250	22
18	248	22
24	248	22
25	207	18
30	209	18
34	203	18
37	194	17
40	184	16
45	185	16
51	190	17
54	185	16
58	182	16
62	180	16
65	177	15
69	174	15
75	176	15
80	178	16
93	194	17
91	170	15
92	162	14
93	155	14
92	145	13
97	145	13
97	138	12
96	130	11
96	123	11
95	117	10
96	112	10
95	106	9
95	101	9
95	96	8
95	92	8
95	87	8
94	83	7
94	79	7
94	75	7
93	71	6
93	67	6
93	64	6
93	61	5
93	58	5
93	55	5
92	52	5
92	49	4
92	46	4
92	43	4
92	40	4
92	38	3
91	35	3
92	33	3
36	10	1
