0	0	0
-145	32	32
-139	33	33
-136	35	35
-137	38	38
-141	41	41
-141	44	44
-140	47	47
-135	48	48
-134	50	50
-137	54	54
-43	20	20
-41	20	20
-39	21	21
-40	22	22
-39	22	22
-38	23	23
-38	24	24
-37	24	24
-37	25	25
-36	26	26
-36	27	27
-35	27	27
-136	144	144
-143	158	158
-142	165	165
-139	169	169
-133	170	170
-127	171	171
-121	170	170
-115	172	172
-109	171	171
-103	171	171
-97	171	171
-91	171	171
-86	171	171
-80	171	171
-75	172	172
-70	171	171
-64	172	172
-59	171	171
-54	172	172
-49	173	173
-44	173	173
-39	172	172
-34	172	172
-29	173	173
-24	173	173
-19	172	172
-14	170	170
-8	156	156
-4	158	158
0	157	157
5	171	171
10	172	172
15	173	173
20	173	173
25	172	172
30	172	172
35	172	172
39	172	172
44	172	172
50	172	172
55	172	172
59	171	171
64	171	171
70	171	171
75	172	172
81	171	171
86	172	172
92	171	171
97	172	172
104	172	172
110	173	173
116	172	172
122	172	172
128	172	172
134	172	172
141	172	172
148	172	172
150	166	166
149	158	158
150	152	152
148	143	143
153	141	141
161	142	142
168	142	142
175	142	142
183	142	142
190	141	141
198	141	141
208	142	142
209	136	136
204	127	127
205	122	122
202	115	115
224	112	112
235	112	112
-144	33	28
-137	34	29
-135	36	31
-137	39	34
-141	43	37
-141	46	40
-139	48	42
-135	49	43
-44	19	16
-43	19	17
-42	20	17
-42	21	18
-41	21	18
-41	22	19
-40	23	20
-39	24	20
-39	24	21
-39	25	22
-39	26	23
-38	27	23
-134	125	108
-136	133	114
-136	138	119
-137	146	126
-136	152	131
-135	157	136
-136	165	143
-140	178	154
-142	190	164
-140	196	169
-133	196	169
-126	196	169
-114	187	161
-110	191	165
-107	196	170
-101	197	170
-95	197	170
-90	199	171
-84	198	171
-78	199	172
-73	200	173
-67	200	172
-61	200	173
-55	199	172
-50	199	172
-44	199	172
-39	199	172
-34	199	172
-28	198	171
-21	187	161
-16	180	155
-12	193	166
-6	171	147
-1	173	150
4	197	170
9	200	173
13	183	158
18	184	159
22	179	155
30	199	172
35	200	173
41	200	173
46	199	172
51	199	172
57	200	173
62	200	173
68	199	172
73	199	172
79	199	172
85	199	172
91	199	172
97	198	171
102	198	171
109	198	171
115	198	171
121	198	171
129	199	172
135	199	171
142	199	172
148	198	171
151	192	165
149	180	155
149	172	149
151	166	144
150	158	136
149	150	129
150	145	125
158	145	125
164	145	125
171	145	125
180	146	126
187	145	125
195	145	125
204	146	126
209	143	123
199	130	112
218	130	112
227	129	112
236	129	111
248	129	111
254	126	109
-147	31	23
-141	32	24
-136	34	25
-135	37	27
-138	40	30
-141	44	33
-141	47	35
-138	49	36
-134	50	37
-45	19	14
-42	19	14
-40	20	15
-40	21	15
-40	21	16
-39	22	16
-39	23	17
-39	24	18
-38	25	18
-38	26	19
-38	27	20
-39	28	21
-39	30	22
-42	33	24
-42	34	25
-134	123	91
-136	130	97
-136	136	101
-138	144	107
-136	148	110
-137	156	116
-137	164	121
-132	165	123
-135	177	131
-138	188	140
-131	188	139
-125	188	140
-117	187	138
-112	187	139
-105	186	138
-99	185	137
-94	186	138
-88	185	137
-83	186	138
-78	187	139
-73	186	138
-68	187	139
-63	189	140
-58	187	139
-52	186	138
-47	186	138
-43	186	138
-38	188	140
-33	185	138
-28	185	137
-24	186	138
-19	187	139
-14	189	141
-9	185	137
-5	185	137
0	186	138
4	185	137
9	185	138
15	206	153
22	235	174
28	238	176
34	237	176
40	237	176
46	238	176
52	236	175
58	236	175
64	236	175
71	236	175
77	236	175
83	235	175
89	235	174
96	235	175
102	234	174
109	235	174
116	236	175
124	237	176
130	235	175
137	235	175
144	234	174
150	231	172
149	219	163
151	210	156
152	202	150
151	191	142
152	184	137
152	175	130
147	163	121
148	156	116
149	151	112
152	147	109
158	146	108
165	146	109
171	145	108
180	146	109
189	147	109
195	146	108
214	146	109
221	145	108
228	143	106
229	137	102
238	136	101
247	135	100
244	121	90
243	115	85
-143	31	20
-138	33	21
-136	35	22
-136	38	24
-140	42	27
-142	46	29
-141	48	31
-134	49	31
-134	52	33
-137	57	36
-43	20	13
-41	21	13
-40	21	13
-39	22	14
-37	22	14
-37	23	14
-37	24	15
-38	25	16
-37	26	17
-37	27	17
-37	29	18
-42	36	23
-132	127	80
-136	136	86
-137	143	90
-137	148	94
-137	155	98
-138	163	103
-135	167	106
-132	171	108
-133	180	114
-134	190	120
-126	189	119
-121	190	120
-116	191	121
-109	189	120
-103	190	120
-97	189	120
-91	186	118
-87	190	120
-81	188	119
-77	191	121
-72	191	121
-67	191	121
-62	191	121
-57	190	120
-52	189	120
-47	188	119
-41	186	118
-37	187	119
-32	186	118
-28	189	120
-24	190	121
-19	189	119
-15	188	119
-10	188	119
-6	188	119
-1	187	118
3	186	117
8	186	118
15	246	155
21	245	155
27	245	155
33	244	155
39	246	156
45	246	156
51	246	155
57	246	156
63	245	155
69	246	156
75	246	155
81	245	155
87	243	154
94	245	155
100	244	154
108	246	156
114	244	155
120	244	154
127	244	154
133	241	153
141	243	154
147	239	151
151	233	148
151	223	141
152	213	135
152	204	129
151	194	122
152	185	117
151	176	112
154	171	108
148	158	100
149	152	96
151	147	93
157	147	93
163	147	93
170	146	93
177	146	92
187	148	94
195	147	93
203	147	93
211	146	92
221	146	93
228	144	91
227	137	87
239	138	87
244	134	85
228	119	76
229	108	68
-144	30	16
-138	31	17
-136	34	18
-136	37	20
-137	40	21
-141	44	24
-141	48	25
-136	49	26
-44	20	11
-43	20	11
-42	21	11
-42	22	12
-41	23	12
-40	24	13
-41	25	13
-40	26	14
-41	27	14
-41	28	15
-41	30	16
-41	31	17
-138	121	64
-135	123	66
-132	127	68
-137	137	73
-139	145	77
-137	149	79
-136	155	82
-137	162	86
-135	167	89
-131	169	90
-132	178	95
-141	200	107
-129	192	102
-123	192	102
-117	192	102
-111	192	102
-106	193	103
-100	192	102
-94	192	102
-90	193	103
-85	193	103
-78	191	102
-68	176	94
-60	168	89
-54	163	87
-49	160	85
-52	184	98
-49	191	102
-45	190	101
-40	190	101
-36	190	101
-31	190	101
-27	190	101
-22	189	101
-18	190	101
-13	190	101
-9	189	101
-5	189	101
0	188	100
4	188	100
8	188	100
16	246	131
21	249	132
27	250	133
27	199	106
39	249	133
44	249	132
50	248	132
56	248	132
62	247	131
68	247	131
74	249	132
80	248	132
86	247	132
93	247	132
98	246	131
105	247	131
112	246	131
118	247	131
124	245	130
132	246	131
138	245	130
147	247	131
151	241	128
151	229	122
152	219	117
153	210	112
152	200	106
152	191	102
151	181	96
152	175	93
148	163	86
148	156	83
149	150	80
153	148	79
160	148	79
168	148	79
175	148	79
181	148	78
192	149	79
199	149	79
208	148	79
216	147	78
226	147	78
228	142	76
233	138	74
229	130	69
260	120	64
-146	26	11
-141	28	12
-138	31	13
-136	33	15
-135	36	16
-137	40	17
-71	23	10
-67	24	10
-66	25	11
-64	26	11
-45	20	9
-43	21	9
-43	21	9
-43	22	10
-42	23	10
-42	24	11
-42	25	11
-42	27	12
-42	28	12
-42	29	13
-42	31	13
-42	32	14
-40	32	14
-37	31	14
-36	32	14
-36	33	14
-35	34	15
-35	35	15
-137	150	65
-137	157	69
-135	162	71
-133	166	73
-128	168	73
-130	177	77
-141	201	88
-128	192	84
-123	193	84
-117	192	84
-112	194	85
-106	194	85
-100	193	85
-93	189	83
-88	190	83
-81	186	82
-75	183	80
-66	173	76
-60	166	73
-53	159	70
-48	157	69
-45	159	70
-59	246	107
-40	186	81
-35	185	81
-31	186	81
-27	186	81
-23	186	81
-19	186	81
-15	186	81
-10	186	81
-6	186	82
-2	189	83
2	187	82
6	188	82
16	200	87
21	211	92
25	210	92
30	206	90
41	247	108
46	247	108
52	247	108
58	247	108
63	245	107
69	246	108
75	247	108
81	247	108
87	245	107
93	245	107
98	244	107
132	245	107
139	244	107
145	244	107
153	244	107
152	230	101
152	220	96
151	209	91
152	200	87
151	191	83
151	181	79
152	175	77
151	166	73
150	158	69
150	151	66
153	148	65
160	148	65
166	147	65
173	148	65
181	148	65
189	148	65
199	148	65
206	147	64
216	148	65
225	147	64
237	148	65
245	146	64
261	148	65
259	140	61
258	132	58
259	126	55
259	119	52
259	112	49
