-196	52	38
-189	54	40
-187	58	43
-186	62	46
-185	66	49
-184	70	52
-184	74	55
-193	82	61
-193	87	65
-193	92	68
-460	241	179
-272	151	112
-262	153	113
-245	150	111
-232	150	111
-189	129	96
-189	134	100
-189	141	104
-186	146	108
-175	143	106
-168	144	107
-159	143	106
-151	143	106
-142	141	105
-135	140	104
-127	139	103
-121	139	103
-117	140	104
-107	135	100
-102	136	101
-96	134	100
-93	137	101
-92	144	107
-92	150	111
-91	158	117
-90	166	123
-90	176	130
-89	185	137
-88	195	145
-81	194	144
-80	204	152
-68	190	141
-62	188	140
-57	188	140
-51	189	140
-29	179	133
-24	178	132
-19	177	132
-14	176	131
-9	177	131
-5	177	131
0	177	131
5	176	131
10	174	129
14	175	130
19	174	129
24	175	130
28	175	130
33	174	129
38	173	128
42	174	129
107	166	123
91	133	98
93	128	95
93	122	91
95	119	88
104	124	92
103	117	87
101	109	81
100	103	76
100	98	73
99	93	69
99	88	66
99	84	62
98	80	59
98	76	57
97	72	53
97	68	51
97	65	48
97	62	46
96	58	43
96	56	41
96	53	39
95	50	37
95	47	35
95	45	33
-193	52	33
-190	56	35
-196	62	39
-185	63	40
-186	68	43
-185	72	45
-188	78	49
-192	84	53
-193	90	57
-424	229	145
-270	155	98
-256	155	98
-241	153	97
-189	133	84
-189	139	88
-188	146	92
-183	148	94
-173	147	93
-164	146	93
-156	146	92
-148	145	92
-141	144	91
-133	143	91
-126	142	90
-120	142	90
-114	142	90
-106	139	88
-101	139	88
-95	138	87
-93	142	90
-92	149	94
-92	156	99
-90	163	103
-89	171	108
-89	181	114
-65	203	129
-59	203	128
-54	203	129
-48	201	127
-43	203	128
-38	202	128
-32	204	129
-27	203	128
-22	203	129
-16	200	127
-11	200	126
-6	203	128
-1	203	129
4	203	129
10	204	129
15	203	129
20	203	129
25	203	128
30	204	129
36	203	129
41	203	129
47	204	129
52	203	128
57	203	129
63	204	129
68	203	128
74	203	128
80	203	128
86	204	129
92	204	129
98	203	128
105	204	129
108	199	126
108	187	118
107	175	111
91	133	84
93	128	81
93	123	78
96	121	76
103	123	78
101	115	73
100	108	69
100	103	65
100	98	62
99	93	59
99	88	56
99	84	53
98	80	51
98	76	48
97	72	45
97	68	43
97	65	41
97	61	39
96	58	37
96	55	35
95	52	33
95	49	31
95	47	30
-193	43	23
-190	47	25
-194	52	28
-189	56	30
-196	62	33
-185	68	36
-185	72	39
-188	79	42
-191	85	45
-194	91	49
-193	96	51
-272	158	84
-254	155	83
-241	155	82
-189	135	72
-189	141	75
-188	147	78
-183	150	80
-171	147	78
-163	147	78
-156	147	78
-147	146	78
-139	144	77
-132	143	76
-126	144	77
-120	144	76
-114	144	76
-106	141	75
-101	140	75
-96	140	75
-93	143	76
-92	149	79
-91	156	83
-91	165	88
-90	172	91
-90	182	97
-89	192	102
-88	203	108
-87	213	113
-84	219	117
-77	220	117
-78	239	127
-72	240	127
-65	240	128
-59	241	128
-53	239	127
-46	236	125
-41	240	128
-34	239	127
-28	240	128
-23	240	128
-17	240	128
-10	236	126
-5	240	128
1	242	129
7	241	128
13	241	128
19	239	127
25	241	128
31	240	128
36	239	127
42	238	127
48	238	127
54	237	126
60	236	126
66	236	125
72	235	125
78	234	125
84	234	124
91	234	125
109	231	123
110	218	116
109	203	108
108	190	101
107	178	95
93	138	73
92	130	69
94	121	64
96	116	62
101	117	62
100	111	59
100	106	56
100	100	53
99	95	51
99	90	48
99	86	46
98	82	44
98	77	41
97	74	39
97	70	37
97	67	35
97	63	34
96	60	32
96	57	30
96	53	28
90	47	25
96	48	26
96	45	24
-147	28	12
-188	40	17
-194	50	22
-191	54	24
-190	58	25
-195	69	30
-195	75	33
-194	79	35
-193	84	37
-196	90	40
-193	95	41
-456	246	108
-275	157	69
-256	155	68
-242	154	67
-228	152	67
-190	134	59
-188	139	61
-188	146	64
-182	149	65
-172	147	64
-164	147	64
-155	146	64
-147	145	63
-140	145	63
-133	144	63
-127	144	63
-120	143	62
-114	143	63
-107	140	61
-101	140	61
-96	139	61
-93	142	62
-92	148	65
-92	156	68
-91	162	71
-90	171	75
-90	179	78
-88	187	82
-88	199	87
-87	209	91
-84	217	95
-79	218	95
-77	229	100
-67	236	103
-56	219	96
-54	232	102
-48	233	102
-42	231	101
-36	233	102
-31	232	102
-25	231	101
-19	232	101
-14	230	101
-8	230	101
-3	229	100
3	229	100
9	230	101
14	232	101
19	229	100
25	227	99
30	225	98
36	226	99
41	223	98
47	224	98
53	227	99
58	223	98
63	223	98
69	224	98
75	224	98
81	223	98
87	225	98
94	225	98
100	225	98
106	224	98
111	220	96
109	204	89
109	192	84
107	179	79
107	169	74
89	132	58
90	127	56
91	123	54
94	121	53
96	117	51
99	115	50
101	112	49
101	107	47
100	101	44
100	96	42
99	91	40
99	87	38
99	83	36
98	78	34
96	73	32
95	69	30
95	65	29
94	62	27
98	61	27
97	57	25
97	54	24
96	51	22
96	48	21
96	45	20
96	43	19
-181	42	14
-196	50	17
-191	53	18
-25	10	3
-23	10	3
-23	11	4
-23	11	4
-22	12	4
-22	12	4
-22	13	4
-189	140	49
-187	145	50
-182	149	52
-173	148	51
-164	147	51
-155	146	51
-147	145	50
-139	143	50
-133	144	50
-126	144	50
-119	142	49
-114	143	50
-106	139	48
-100	138	48
-95	138	48
-93	142	49
-92	148	52
-92	155	54
-91	163	57
-90	170	59
-90	179	62
-88	187	65
-88	198	69
-87	210	73
-86	221	77
-86	235	82
-84	249	87
-78	249	86
-71	248	86
-64	248	86
-58	248	86
-52	249	86
-46	247	86
-39	243	84
-29	215	75
-28	245	85
-22	246	85
-16	246	85
-10	245	85
-4	243	84
1	244	85
7	242	84
13	242	84
19	242	84
24	240	83
30	241	84
35	240	83
41	240	83
47	240	83
53	240	83
59	239	83
65	240	83
70	238	83
76	238	83
82	236	82
88	237	82
94	236	82
100	235	81
107	235	82
111	229	79
110	215	74
109	199	69
108	188	65
107	176	61
107	166	58
92	135	47
92	129	45
96	128	45
98	124	43
102	124	43
102	118	41
101	111	39
101	105	37
100	100	35
99	95	33
97	88	30
100	83	29
99	78	27
99	74	26
99	71	24
98	67	23
98	63	22
97	60	21
97	57	20
97	53	18
97	50	17
96	47	16
96	44	15
96	42	14
97	39	14
-146	24	6
-181	42	11
-196	50	13
-190	54	14
-23	10	2
-23	10	3
-23	11	3
-23	11	3
-22	12	3
-22	13	3
-22	13	3
-22	13	3
-21	14	4
-21	14	4
-21	15	4
-20	16	4
-20	16	4
-20	17	4
-20	17	4
-143	143	37
-137	144	37
-130	143	37
-110	140	36
-104	139	36
-99	139	36
-94	138	36
-93	144	37
-92	150	39
-91	157	41
-91	165	43
-90	173	45
-89	181	47
-88	189	49
-88	201	52
-87	212	55
-86	223	58
-85	237	62
-83	248	64
-76	248	64
-70	247	64
-64	249	65
-58	249	65
-51	247	64
-45	246	64
-39	245	64
-33	245	64
-27	245	64
-21	245	64
-16	244	63
-10	242	63
-4	243	63
1	241	63
7	241	63
13	240	62
18	240	62
24	240	62
29	239	62
35	239	62
40	238	62
46	239	62
52	238	62
57	237	62
63	237	62
69	237	61
75	236	61
69	201	52
70	187	49
75	189	49
81	191	50
86	189	49
89	185	48
110	217	56
109	203	53
108	190	49
107	177	46
107	169	44
106	159	41
105	150	39
105	141	37
105	134	35
104	127	33
103	120	31
102	114	30
103	109	28
101	103	27
101	97	25
101	93	24
100	88	23
100	84	22
99	79	21
99	75	20
99	71	18
98	67	18
98	64	17
98	61	16
98	57	15
97	54	14
97	51	13
97	48	12
96	45	12
96	42	11
96	39	10
96	37	10
-147	20	4
-141	23	4
-139	26	5
-196	50	9
-23	10	2
-23	10	2
-23	11	2
-22	11	2
-22	12	2
-22	12	2
-22	13	2
-21	13	2
-21	14	2
-21	15	3
-21	15	3
-21	15	3
-20	16	3
-20	16	3
-20	17	3
-19	18	3
-20	18	3
-19	19	3
-19	19	3
-117	141	25
-109	139	24
-104	139	24
-98	138	24
-93	138	24
-93	144	25
-92	150	26
-91	157	27
-91	164	29
-90	172	30
-89	181	31
-88	189	33
-88	201	35
-87	211	37
-85	222	39
-85	236	41
-82	247	43
-77	249	43
-69	246	43
-63	246	43
-57	246	43
-51	245	43
-45	244	42
-39	244	42
-33	244	42
-27	243	42
-22	243	42
-16	242	42
-10	241	42
-4	241	42
1	240	42
7	240	42
12	239	42
18	239	42
23	239	42
29	239	41
34	237	41
40	238	41
40	208	36
45	207	36
49	204	35
53	199	35
56	192	33
57	178	31
61	176	31
68	182	32
70	175	30
73	172	30
77	169	29
80	167	29
85	167	29
93	172	30
102	170	29
101	159	28
102	153	27
101	143	25
105	142	25
104	135	23
104	128	22
103	121	21
103	114	20
102	109	19
101	103	18
102	98	17
101	93	16
101	89	15
100	84	15
100	80	14
99	75	13
99	72	12
98	68	12
98	64	11
98	61	11
97	57	10
97	54	9
97	51	9
97	48	8
96	45	8
96	42	7
96	39	7
95	37	6
95	34	6
-148	18	2
-142	20	2
-139	23	2
-134	26	2
-23	9	1
-23	9	1
-23	10	1
-23	11	1
-22	12	1
-22	12	1
-22	12	1
-21	13	1
-21	13	1
-21	14	1
-21	14	1
-21	15	1
-21	15	1
-20	16	1
-20	16	1
-20	17	1
-19	18	2
-19	18	2
-19	19	2
-19	19	2
-115	140	12
-108	138	12
-102	137	12
-98	137	12
-93	137	12
-93	144	13
-92	150	13
-91	156	14
-91	165	14
-90	172	15
-76	154	14
-74	160	14
-71	164	14
-68	166	14
-61	160	14
-56	157	14
-51	157	14
-47	157	14
-44	159	14
-49	192	17
-54	233	20
-51	244	21
-45	243	21
-39	242	21
-33	243	21
-27	240	21
-21	240	21
-15	240	21
-10	240	21
-4	239	21
1	239	21
7	239	21
12	239	21
18	237	21
23	238	21
29	236	21
34	237	21
33	196	17
37	192	17
42	192	17
43	177	15
46	170	15
50	169	15
56	174	15
60	174	15
62	167	15
65	165	14
70	164	14
74	162	14
77	159	14
81	159	14
87	162	14
97	170	15
101	168	15
101	160	14
102	153	13
100	143	12
104	134	12
104	128	11
103	121	11
103	115	10
103	109	10
102	103	9
101	98	9
101	93	8
101	89	8
100	84	7
100	80	7
99	76	7
99	72	6
99	68	6
98	65	6
98	61	5
98	58	5
97	54	5
97	51	4
96	48	4
96	45	4
96	42	4
95	40	3
96	37	3
95	34	3
95	32	3
-148	15	0
-142	17	0
-139	20	0
-133	23	0
-133	26	0
-139	30	0
-24	9	0
-23	9	0
-23	10	0
-23	10	0
-22	11	0
-22	11	0
-22	12	0
-22	12	0
-21	13	0
-21	13	0
-21	14	0
-21	14	0
-21	15	0
-20	15	0
-20	16	0
-20	16	0
-20	17	0
-19	18	0
-19	18	0
-19	19	0
-19	20	0
-130	142	0
-121	139	0
-115	139	0
-108	137	0
-102	136	0
-97	135	0
-92	136	0
-92	143	0
-92	149	0
-91	156	0
-91	164	0
-81	156	0
-75	153	0
-70	152	0
-66	151	0
-63	155	0
-57	150	0
-54	153	0
-51	156	0
-48	159	0
-45	163	0
-42	169	0
-46	198	0
-44	214	0
-39	217	0
-33	213	0
-27	205	0
-23	210	0
-18	213	0
-13	214	0
-8	212	0
-3	215	0
2	216	0
7	215	0
12	215	0
17	215	0
23	221	0
28	219	0
33	218	0
33	190	0
36	182	0
40	179	0
44	174	0
48	173	0
51	168	0
54	164	0
57	161	0
60	159	0
65	161	0
69	158	0
72	157	0
77	157	0
82	158	0
89	163	0
101	165	0
101	157	0
101	149	0
100	140	0
99	132	0
100	127	0
104	126	0
103	119	0
102	113	0
103	108	0
102	101	0
101	96	0
101	92	0
101	87	0
100	83	0
99	78	0
99	74	0
99	71	0
98	67	0
99	64	0
98	60	0
98	57	0
97	54	0
97	50	0
96	47	0
96	45	0
96	42	0
96	39	0
95	36	0
95	34	0
95	31	0
94	29	0
96	27	0
-148	11	-1
-142	14	-1
-139	17	-2
-139	20	-2
-130	22	-2
-131	25	-2
-134	29	-3
-144	34	-3
-25	8	-1
-23	9	-1
-23	10	-1
-23	10	-1
-22	11	-1
-22	11	-1
-22	11	-1
-22	12	-1
-22	12	-1
-21	13	-1
-21	13	-1
-21	14	-1
-21	14	-1
-20	15	-1
-20	16	-1
-20	16	-1
-19	17	-2
-19	18	-2
-19	18	-2
-19	18	-2
-121	137	-12
-115	137	-12
-108	135	-12
-102	134	-12
-97	134	-12
-92	133	-12
-92	141	-13
-89	143	-13
-83	140	-13
-78	139	-13
-73	139	-13
-68	138	-12
-65	138	-12
-60	137	-12
-56	136	-12
-52	135	-12
-48	135	-12
-44	135	-12
-41	134	-12
-37	134	-12
-33	134	-12
-30	134	-12
-27	133	-12
-23	133	-12
-20	133	-12
-16	133	-12
-13	132	-12
-10	132	-12
-7	131	-12
-4	130	-12
0	130	-12
3	130	-12
6	129	-12
9	130	-12
12	129	-12
15	129	-12
18	129	-12
21	129	-12
24	128	-12
27	128	-12
31	128	-12
34	128	-12
37	127	-11
40	127	-11
43	127	-11
47	127	-11
50	126	-11
53	126	-11
57	126	-11
60	126	-11
63	125	-11
67	125	-11
71	125	-11
75	124	-11
79	125	-11
83	124	-11
87	124	-11
91	124	-11
98	127	-11
103	127	-11
103	122	-11
103	115	-10
103	110	-10
102	104	-9
102	99	-9
101	94	-8
101	89	-8
101	85	-8
100	80	-7
100	76	-7
99	72	-7
99	69	-6
98	65	-6
98	61	-6
98	58	-5
97	55	-5
97	52	-5
97	49	-4
96	46	-4
96	43	-4
96	40	-4
96	38	-3
95	35	-3
95	33	-3
95	30	-3
94	28	-2
94	25	-2
95	23	-2
