-101	21	11
-95	22	12
-99	25	13
-100	27	15
-104	33	18
-64	25	13
-61	25	13
-61	27	14
-63	29	15
-64	31	17
-65	34	18
-88	52	28
-83	52	27
-79	51	27
-38	30	16
-36	30	16
-35	31	16
-36	32	17
-50	51	27
-48	51	27
-45	51	27
-43	50	27
-41	50	27
-39	50	27
-37	50	27
-35	50	26
-33	50	26
-31	50	26
-30	50	26
-28	50	26
-26	50	26
-25	49	26
-23	50	26
-22	50	26
-21	50	26
-19	49	26
-18	49	26
-16	49	26
-15	49	26
-14	49	26
-12	49	26
-11	49	26
-10	49	26
-8	49	26
-7	49	26
-6	49	26
-5	49	26
-4	49	26
-2	49	26
-1	49	26
0	49	26
1	49	26
3	49	26
4	49	26
5	49	26
6	49	26
7	49	26
9	49	26
10	49	26
11	49	26
12	49	26
13	49	26
14	49	26
16	49	26
17	49	26
19	49	26
20	49	26
21	49	26
23	49	26
24	49	26
26	49	26
27	49	26
29	49	26
30	49	26
32	49	26
33	49	26
35	49	26
36	49	26
38	49	26
40	49	26
42	49	26
44	49	26
46	49	26
48	49	26
50	49	26
53	49	26
55	49	26
55	47	25
64	50	27
38	27	14
35	22	12
34	20	11
34	19	10
34	19	10
35	18	9
35	17	9
36	16	9
37	16	8
39	16	9
-103	19	10
-101	21	11
-95	22	12
-100	25	13
-100	28	15
-95	29	15
-104	33	18
-94	33	17
-64	25	13
-61	25	13
-61	27	14
-63	29	16
-64	31	17
-87	52	28
-83	52	28
-79	51	27
-38	30	16
-36	30	16
-35	31	16
-36	33	17
-50	51	27
-47	50	27
-45	50	27
-43	50	27
-41	50	27
-38	50	27
-37	50	27
-35	50	26
-33	50	26
-31	50	26
-30	50	26
-28	50	26
-26	50	26
-25	50	26
-23	50	26
-22	50	26
-20	50	27
-19	49	26
-17	49	26
-16	49	26
-15	49	26
-14	50	26
-12	49	26
-11	49	26
-10	49	26
-8	49	26
-7	49	26
-6	49	26
-5	49	26
-3	49	26
-2	49	26
-1	49	26
0	49	26
1	49	26
3	49	26
4	49	26
5	49	26
6	49	26
7	49	26
9	49	26
10	49	26
11	49	26
12	49	26
13	49	26
15	49	26
16	49	26
17	49	26
19	49	26
20	49	26
21	49	26
23	49	26
24	49	26
26	49	26
27	49	26
28	49	26
30	49	26
32	49	26
33	49	26
35	49	26
37	49	26
38	49	26
40	49	26
42	49	26
44	49	26
46	49	26
48	49	26
51	49	26
53	49	26
55	49	26
56	47	25
65	50	27
38	27	14
35	22	12
34	20	11
34	19	10
34	18	10
35	18	9
35	17	9
36	16	9
37	16	8
39	16	8
-103	19	10
-100	21	11
-97	23	12
-100	26	14
-99	28	15
-96	29	16
-104	34	18
-96	34	18
-64	25	13
-61	25	14
-62	27	15
-63	30	16
-65	32	17
-65	34	18
-87	52	28
-82	51	27
-78	52	27
-37	30	16
-35	30	16
-35	31	17
-35	33	17
-49	51	27
-47	51	27
-45	50	27
-43	50	27
-40	50	27
-38	50	27
-36	50	27
-34	50	26
-33	50	27
-31	50	27
-29	50	26
-28	50	26
-26	50	26
-24	50	26
-23	50	26
-21	50	26
-20	50	26
-19	49	26
-17	50	26
-16	49	26
-15	49	26
-13	49	26
-12	49	26
-11	49	26
-9	49	26
-8	49	26
-7	49	26
-6	49	26
-5	49	26
-3	49	26
-2	49	26
-1	49	26
0	49	26
2	49	26
3	49	26
4	49	26
5	49	26
6	49	26
8	49	26
9	49	26
10	49	26
11	49	26
12	49	26
14	49	26
15	49	26
16	49	26
18	49	26
19	49	26
20	49	26
21	49	26
23	49	26
24	49	26
26	49	26
27	49	26
29	49	26
30	49	26
32	49	26
33	49	26
35	49	26
37	49	26
39	49	26
40	49	26
42	49	26
44	49	26
46	49	26
49	49	26
51	49	26
53	49	26
56	50	26
65	50	27
39	27	15
35	22	12
34	20	11
34	19	10
34	19	10
35	18	9
35	17	9
36	16	9
37	16	9
39	16	8
-102	20	11
-99	22	12
-94	23	12
-100	27	14
-96	28	15
-104	32	17
-103	35	18
-62	25	13
-61	26	14
-62	28	15
-64	31	16
-65	33	17
-89	52	28
-85	52	28
-80	51	27
-38	30	16
-36	30	16
-35	30	16
-35	32	17
-51	51	27
-48	51	27
-46	51	27
-44	50	27
-41	50	27
-39	50	27
-37	50	27
-35	50	26
-34	50	27
-32	50	27
-30	50	27
-29	50	26
-27	50	27
-26	50	26
-24	50	26
-22	50	26
-21	50	26
-19	50	26
-18	49	26
-17	49	26
-15	49	26
-14	49	26
-13	49	26
-12	49	26
-10	49	26
-9	49	26
-8	49	26
-6	49	26
-5	49	26
-4	49	26
-3	49	26
-2	49	26
0	49	26
1	49	26
2	49	26
3	49	26
4	49	26
5	49	26
7	49	26
8	49	26
9	49	26
10	49	26
12	49	26
13	49	26
14	49	26
15	49	26
17	49	26
18	49	26
19	49	26
20	49	26
22	49	26
23	49	26
25	49	26
26	49	26
28	49	26
29	49	26
31	49	26
32	49	26
34	49	26
36	49	26
38	49	26
39	49	26
41	49	26
43	49	26
45	49	26
47	49	26
49	49	26
52	49	26
54	49	26
56	49	26
56	44	24
38	28	15
36	23	12
35	22	11
34	20	11
34	19	10
35	18	10
35	18	9
36	17	9
36	16	9
38	16	8
40	16	8
-102	21	11
-96	22	12
-98	24	13
-100	27	14
-97	28	15
-105	33	18
-98	33	18
-62	25	13
-61	26	14
-62	28	15
-64	31	17
-65	33	17
-89	52	28
-84	52	28
-80	52	27
-37	29	16
-36	30	16
-35	30	16
-35	32	17
-51	51	27
-48	51	27
-46	51	27
-44	51	27
-41	50	27
-39	50	27
-37	50	27
-35	50	27
-34	50	27
-32	50	26
-30	50	26
-29	50	26
-27	50	27
-25	50	27
-24	50	26
-22	50	26
-21	50	26
-19	50	26
-18	49	26
-16	49	26
-15	49	26
-14	50	26
-13	49	26
-11	49	26
-10	49	26
-9	49	26
-8	49	26
-6	49	26
-5	49	26
-4	49	26
-3	49	26
-1	49	26
0	49	26
1	49	26
2	49	26
3	49	26
4	49	26
6	49	26
7	49	26
8	49	26
9	49	26
11	49	26
12	49	26
13	49	26
14	49	26
16	49	26
17	49	26
18	49	26
19	49	26
21	49	26
22	49	26
24	49	26
25	49	26
26	49	26
28	49	26
30	49	26
31	49	26
33	49	26
34	49	26
36	49	26
38	49	26
40	49	26
41	49	26
44	50	26
45	49	26
47	49	26
50	49	26
52	50	26
54	49	26
57	49	26
55	44	23
37	27	14
35	23	12
34	21	11
34	20	10
34	19	10
35	18	10
35	17	9
36	17	9
36	16	9
38	16	8
-104	19	10
-101	21	11
-96	22	12
-100	25	14
-100	28	15
-104	34	18
-64	25	13
-61	25	13
-61	27	14
-63	29	16
-64	32	17
-65	34	18
-87	52	27
-83	52	27
-78	52	27
-37	30	16
-36	30	16
-35	31	16
-35	33	17
-50	51	27
-47	51	27
-45	51	27
-43	50	27
-41	50	27
-38	50	27
-36	50	27
-35	50	27
-33	50	27
-31	50	26
-30	50	27
-28	50	27
-26	50	26
-25	50	27
-23	50	26
-22	50	26
-20	50	26
-19	50	26
-17	49	26
-16	49	26
-15	49	26
-14	49	26
-12	49	26
-11	49	26
-9	49	26
-8	49	26
-7	49	26
-6	49	26
-5	49	26
-3	49	26
-2	49	26
-1	49	26
0	49	26
1	49	26
3	49	26
4	49	26
5	49	26
6	49	26
7	49	26
9	49	26
10	49	26
11	49	26
12	49	26
13	49	26
15	49	26
16	49	26
17	49	26
19	49	26
20	49	26
21	49	26
23	49	26
24	49	26
26	49	26
27	49	26
28	49	26
30	49	26
32	49	26
33	49	26
35	49	26
36	49	26
38	49	26
40	49	26
42	49	26
44	49	26
46	49	26
48	49	26
51	50	26
53	49	26
55	49	26
64	50	27
38	27	14
35	22	12
34	20	11
34	20	10
34	19	10
35	18	10
35	17	9
36	17	9
37	16	9
38	16	8
-104	19	10
-101	21	11
-97	22	12
-100	25	13
-100	28	15
-95	29	15
-104	33	18
-96	33	18
-64	25	13
-61	25	13
-61	27	14
-63	29	16
-64	31	17
-65	34	18
-87	52	28
-83	51	27
-79	51	27
-38	30	16
-36	30	16
-35	31	16
-35	32	17
-50	51	27
-47	51	27
-45	51	27
-43	50	27
-41	50	27
-38	50	27
-36	50	27
-35	50	27
-33	50	27
-31	50	26
-29	50	26
-28	50	27
-26	50	26
-25	50	26
-23	50	26
-22	50	26
-20	50	26
-19	49	26
-18	49	26
-16	49	26
-15	49	26
-13	49	26
-12	49	26
-11	49	26
-10	49	26
-8	49	26
-7	49	26
-6	49	26
-5	49	26
-3	49	26
-2	49	26
-1	49	26
0	49	26
1	49	26
2	49	26
4	49	26
5	49	26
6	49	26
7	49	26
9	49	26
10	49	26
11	49	26
12	49	26
13	49	26
14	49	26
16	49	26
17	49	26
19	49	26
20	49	26
21	49	26
23	49	26
24	49	26
25	49	26
27	49	26
28	49	26
30	49	26
31	49	26
33	49	26
35	49	26
36	49	26
38	49	26
40	49	26
42	49	26
44	49	26
46	49	26
48	49	26
50	49	26
53	49	26
55	49	26
55	47	25
64	50	27
38	28	15
35	22	12
34	20	11
34	19	10
34	19	10
35	18	9
35	17	9
36	16	9
37	16	9
39	16	8
-101	21	11
-96	22	12
-100	25	13
-100	27	15
-97	29	15
-104	33	18
-64	25	13
-61	25	13
-61	27	14
-63	29	16
-65	31	17
-65	33	18
-88	52	28
-83	52	28
-79	52	27
-38	30	16
-36	30	16
-35	31	16
-35	33	17
-50	51	27
-47	51	27
-45	51	27
-43	50	27
-41	50	27
-39	50	27
-37	50	27
-35	50	27
-33	50	27
-31	50	27
-29	50	27
-28	50	27
-26	50	27
-25	50	27
-23	50	27
-22	50	27
-20	50	27
-19	50	26
-17	50	26
-16	50	26
-15	50	26
-13	50	26
-12	50	26
-11	49	26
-9	49	26
-8	49	26
-7	49	26
-6	49	26
-5	49	26
-3	49	26
-2	49	26
-1	49	26
0	49	26
1	49	26
3	49	26
4	49	26
5	49	26
6	49	26
8	49	26
9	49	26
10	49	26
11	49	26
12	49	26
14	49	26
15	49	26
16	49	26
18	49	26
19	49	26
20	49	26
22	49	26
23	49	26
25	49	26
26	49	26
28	49	26
29	49	26
31	49	26
32	49	26
34	49	26
36	49	26
37	49	26
39	49	26
41	49	26
43	49	26
45	49	26
47	49	26
49	49	26
52	50	26
54	50	26
57	50	26
57	45	24
38	28	15
35	23	12
35	22	12
34	20	11
34	19	10
35	18	10
35	17	9
36	17	9
36	16	9
38	16	8
40	16	8
-102	19	8
-100	21	9
-97	23	10
-100	26	11
-100	28	12
-95	29	13
-105	34	15
-94	33	15
-64	25	11
-62	26	11
-62	27	12
-63	30	13
-64	32	14
-67	35	15
-66	37	16
-69	40	18
-83	52	23
-78	52	23
-71	50	22
-37	30	13
-35	30	13
-35	31	14
-36	33	15
-36	35	15
-47	51	23
-45	52	23
-43	51	22
-41	51	22
-39	51	22
-37	51	22
-35	51	22
-33	51	22
-31	51	22
-29	51	22
-28	51	22
-26	51	22
-25	51	22
-23	50	22
-22	50	22
-21	51	22
-19	50	22
-17	50	22
-16	50	22
-15	50	22
-14	50	22
-12	50	22
-11	50	22
-10	50	22
-8	50	22
-7	50	22
-6	50	22
-5	50	22
-4	50	22
-3	50	22
-1	50	22
0	50	22
1	50	22
2	50	22
3	50	22
4	50	22
6	50	22
7	50	22
8	50	22
9	50	22
11	50	22
12	50	22
13	50	22
14	50	22
15	50	22
17	50	22
18	50	22
19	50	22
21	50	22
22	50	22
23	50	22
25	50	22
26	50	22
28	50	22
29	50	22
31	50	22
32	50	22
34	50	22
36	50	22
38	50	22
39	50	22
41	50	22
43	50	22
45	50	22
47	50	22
49	50	22
52	50	22
54	50	22
57	50	22
38	28	12
38	27	12
35	24	10
34	21	9
34	20	9
34	19	8
34	18	8
35	18	8
35	17	7
36	16	7
37	16	7
39	16	7
-102	20	9
-99	22	9
-95	23	10
-100	26	12
-96	28	12
-104	32	14
-105	35	15
-62	25	11
-62	27	12
-62	28	12
-64	31	13
-65	33	15
-66	36	16
-68	38	17
-81	52	23
-77	52	23
-36	30	13
-35	31	13
-35	32	14
-36	34	15
-37	36	16
-47	51	23
-44	51	22
-42	51	22
-40	51	22
-38	51	22
-36	51	22
-34	51	22
-32	51	22
-31	51	22
-29	50	22
-28	51	22
-26	51	22
-24	50	22
-23	50	22
-22	51	22
-20	50	22
-19	50	22
-17	50	22
-16	50	22
-15	50	22
-13	50	22
-12	50	22
-11	50	22
-9	50	22
-8	50	22
-7	50	22
-6	50	22
-4	50	22
-3	50	22
-2	50	22
-1	50	22
0	50	22
2	50	22
3	50	22
4	50	22
5	50	22
6	50	22
7	50	22
9	50	22
10	50	22
11	50	22
12	50	22
13	50	22
15	50	22
16	50	22
17	50	22
18	50	22
20	50	22
21	50	22
22	50	22
24	50	22
25	50	22
27	50	22
28	50	22
30	50	22
31	50	22
33	50	22
35	50	22
36	50	22
38	50	22
40	50	22
42	50	22
44	50	22
46	50	22
48	50	22
50	50	22
52	50	22
55	50	22
56	49	21
38	27	12
38	26	11
35	23	10
34	21	9
34	20	9
34	19	8
34	18	8
35	17	8
36	17	7
37	16	7
38	16	7
-102	19	8
-100	21	9
-96	22	10
-100	25	11
-101	28	12
-105	34	15
-63	25	11
-62	26	11
-62	28	12
-63	30	13
-66	33	14
-66	35	15
-69	40	18
-83	53	23
-78	52	23
-72	50	22
-37	31	13
-35	30	13
-35	31	14
-36	33	15
-36	35	15
-47	51	23
-45	51	22
-43	52	23
-41	51	22
-39	51	22
-37	51	22
-35	51	22
-33	51	22
-31	51	22
-30	51	22
-28	51	22
-27	51	22
-25	51	22
-23	51	22
-22	50	22
-21	51	22
-19	50	22
-17	50	22
-16	50	22
-15	50	22
-14	50	22
-13	50	22
-11	50	22
-10	50	22
-9	50	22
-8	50	22
-6	50	22
-5	50	22
-4	50	22
-3	50	22
-1	50	22
0	50	22
1	50	22
2	50	22
3	50	22
5	50	22
6	50	22
7	50	22
8	50	22
9	50	22
10	50	22
12	50	22
13	50	22
14	50	22
15	50	22
17	50	22
18	50	22
19	50	22
20	50	22
22	50	22
23	50	22
25	50	22
26	50	22
28	50	22
29	50	22
31	50	22
32	50	22
34	50	22
36	50	22
37	50	22
39	50	22
41	50	22
43	50	22
45	50	22
47	50	22
49	50	22
52	50	22
54	50	22
56	50	22
38	28	12
38	27	12
36	24	10
34	22	9
34	20	9
34	19	8
34	18	8
35	18	8
35	17	7
36	17	7
37	16	7
39	16	7
-102	19	8
-100	21	9
-100	26	11
-100	28	12
-97	30	13
-105	35	15
-62	25	11
-62	26	11
-62	28	12
-63	30	13
-66	33	15
-66	35	15
-69	38	17
-82	52	23
-78	52	23
-71	51	22
-37	30	13
-35	30	13
-35	32	14
-36	33	15
-36	36	16
-47	52	23
-45	52	23
-43	51	22
-40	51	22
-39	51	22
-37	51	22
-35	51	22
-33	51	22
-31	51	22
-30	51	22
-28	51	22
-26	51	22
-25	51	22
-23	51	22
-22	51	22
-20	51	22
-19	50	22
-17	50	22
-16	50	22
-15	50	22
-14	50	22
-12	50	22
-11	50	22
-10	50	22
-8	50	22
-7	50	22
-6	50	22
-5	50	22
-4	50	22
-2	50	22
-1	50	22
0	50	22
1	50	22
2	50	22
4	50	22
5	50	22
6	50	22
7	50	22
8	50	22
10	50	22
11	50	22
12	50	22
13	50	22
14	50	22
16	50	22
17	50	22
18	50	22
20	50	22
21	50	22
22	50	22
24	50	22
25	50	22
27	50	22
28	50	22
30	50	22
31	50	22
33	50	22
35	50	22
36	50	22
38	50	22
40	50	22
42	50	22
43	50	22
46	50	22
48	50	22
50	50	22
52	50	22
55	50	22
57	51	22
57	48	21
37	28	12
38	26	11
35	23	10
34	21	9
34	20	9
34	19	8
34	18	8
35	17	8
36	17	7
37	16	7
38	16	7
-102	20	9
-99	22	10
-97	23	10
-100	26	12
-96	28	12
-104	32	14
-105	35	15
-62	25	11
-62	27	12
-62	28	12
-63	31	13
-65	33	15
-66	36	16
-68	39	17
-81	52	23
-77	52	23
-36	30	13
-35	31	13
-35	32	14
-36	34	15
-37	36	16
-46	52	23
-44	51	23
-42	51	22
-40	51	22
-38	51	22
-36	51	22
-34	51	22
-32	51	22
-31	51	22
-29	50	22
-27	51	22
-26	51	22
-24	50	22
-23	50	22
-21	50	22
-20	50	22
-18	50	22
-17	50	22
-16	50	22
-14	50	22
-13	50	22
-12	50	22
-10	50	22
-9	50	22
-8	50	22
-7	50	22
-5	50	22
-4	50	22
-3	50	22
-2	50	22
-1	50	22
1	50	22
2	50	22
3	50	22
4	50	22
5	50	22
6	50	22
8	50	22
9	50	22
10	50	22
11	50	22
12	50	22
14	50	22
15	50	22
16	50	22
17	50	22
19	50	22
20	50	22
21	50	22
22	50	22
24	50	22
25	50	22
27	50	22
28	50	22
30	50	22
32	50	22
33	50	22
35	50	22
37	50	22
38	50	22
40	50	22
42	50	22
44	50	22
46	50	22
48	50	22
50	50	22
53	50	22
55	50	22
66	53	23
38	27	12
35	22	10
34	21	9
34	20	9
34	19	8
34	18	8
35	17	8
36	17	7
37	16	7
38	16	7
-100	21	9
-95	22	10
-100	25	11
-101	28	12
-105	34	15
-64	25	11
-62	26	11
-62	27	12
-63	30	13
-64	32	14
-67	35	15
-66	37	16
-69	40	18
-83	53	23
-78	52	23
-71	50	22
-37	30	13
-35	30	13
-35	31	14
-36	33	15
-36	35	15
-47	52	23
-45	52	23
-43	51	22
-41	51	22
-39	51	22
-37	51	22
-35	51	22
-33	51	22
-31	51	22
-30	51	22
-28	51	22
-26	51	22
-25	51	22
-23	51	22
-22	51	22
-20	51	22
-19	50	22
-18	50	22
-16	50	22
-15	50	22
-14	50	22
-12	50	22
-11	50	22
-10	50	22
-8	50	22
-7	50	22
-6	50	22
-5	50	22
-3	50	22
-2	50	22
-1	50	22
0	50	22
1	50	22
2	50	22
4	50	22
5	50	22
6	50	22
7	50	22
9	50	22
10	50	22
11	50	22
12	50	22
13	50	22
14	50	22
16	50	22
17	50	22
18	50	22
20	50	22
21	50	22
22	50	22
24	50	22
25	50	22
27	50	22
28	50	22
30	50	22
31	50	22
33	50	22
35	50	22
36	50	22
38	50	22
40	50	22
42	50	22
44	50	22
46	50	22
48	50	22
50	50	22
52	50	22
55	50	22
56	49	21
38	27	12
35	23	10
34	21	9
34	20	9
34	19	8
34	18	8
35	17	8
36	17	7
37	16	7
38	16	7
-102	19	8
-99	21	9
-95	23	10
-100	26	11
-100	29	12
-105	35	15
-102	37	16
-63	25	11
-61	26	11
-63	28	12
-63	30	13
-65	33	14
-67	36	16
-69	38	17
-81	52	23
-77	52	23
-36	30	13
-35	31	13
-35	32	14
-36	34	15
-37	36	16
-47	52	23
-44	52	23
-42	51	22
-40	51	22
-38	51	22
-36	51	22
-34	51	22
-32	51	22
-31	51	22
-29	51	22
-27	51	22
-26	51	22
-24	51	22
-22	50	22
-21	51	22
-20	51	22
-18	50	22
-17	50	22
-16	50	22
-14	50	22
-13	50	22
-12	50	22
-10	50	22
-9	50	22
-8	50	22
-7	50	22
-5	50	22
-4	50	22
-3	50	22
-2	50	22
-1	50	22
0	50	22
2	50	22
3	50	22
4	50	22
5	50	22
6	50	22
8	50	22
9	50	22
10	50	22
11	50	22
12	50	22
14	50	22
15	50	22
16	50	22
18	50	22
19	50	22
20	50	22
22	50	22
23	50	22
24	50	22
26	50	22
27	50	22
29	50	22
30	50	22
32	50	22
34	50	22
35	50	22
37	50	22
39	50	22
40	50	22
42	50	22
44	50	22
47	50	22
49	50	22
51	50	22
53	50	22
56	50	22
54	47	20
38	27	12
36	24	11
34	22	10
34	21	9
34	19	8
34	19	8
35	18	8
35	17	7
36	16	7
37	16	7
39	16	7
-101	21	9
-97	22	10
-100	25	11
-100	28	12
-105	34	15
-62	24	11
-62	26	11
-61	27	12
-64	30	13
-65	32	14
-66	35	15
-66	37	16
-69	40	17
-83	53	23
-78	52	23
-72	51	22
-37	30	13
-36	30	13
-35	31	14
-36	33	14
-37	36	16
-47	52	23
-45	52	23
-43	52	23
-41	51	22
-39	51	22
-37	51	22
-35	51	22
-33	51	22
-31	51	22
-29	51	22
-28	51	22
-26	51	22
-24	51	22
-23	51	22
-22	51	22
-20	51	22
-19	50	22
-17	50	22
-16	50	22
-15	50	22
-13	50	22
-12	50	22
-11	50	22
-9	50	22
-8	50	22
-7	50	22
-6	50	22
-5	50	22
-3	50	22
-2	50	22
-1	50	22
0	50	22
2	50	22
3	50	22
4	50	22
5	50	22
6	50	22
7	50	22
9	50	22
10	50	22
11	50	22
12	50	22
13	50	22
15	50	22
16	50	22
17	50	22
19	50	22
20	50	22
21	50	22
23	50	22
24	50	22
25	50	22
27	50	22
28	50	22
30	50	22
32	50	22
33	50	22
35	50	22
37	50	22
39	50	22
40	50	22
42	50	22
44	50	22
46	50	22
49	50	22
51	50	22
53	50	22
55	50	22
55	48	21
65	51	23
38	27	12
36	24	11
35	22	10
34	21	9
34	20	9
34	19	8
35	18	8
35	17	8
36	17	7
37	16	7
39	16	7
-100	18	6
-99	20	7
-96	21	7
-100	25	9
-100	27	9
-96	29	10
-105	33	12
-63	25	9
-61	25	9
-62	27	9
-64	30	10
-65	32	11
-66	34	12
-69	37	13
-70	40	14
-82	52	18
-78	52	18
-37	30	10
-35	30	10
-35	31	11
-35	33	12
-36	35	12
-37	38	13
-39	43	15
-41	47	16
-41	49	17
-40	51	18
-38	50	18
-36	50	17
-34	50	17
-32	50	17
-31	50	17
-29	50	17
-28	50	17
-26	50	18
-25	50	17
-23	50	17
-22	50	17
-20	50	17
-19	50	17
-18	50	18
-16	51	18
-15	51	18
-14	50	17
-12	49	17
-11	49	17
-10	49	17
-9	49	17
-7	49	17
-6	49	17
-5	49	17
-4	49	17
-3	49	17
-2	49	17
-1	49	17
1	49	17
2	49	17
3	49	17
4	49	17
5	49	17
6	49	17
7	49	17
9	49	17
10	49	17
11	49	17
12	49	17
14	49	17
15	49	17
16	49	17
17	49	17
19	49	17
20	49	17
21	49	17
22	49	17
24	49	17
25	49	17
27	49	17
28	49	17
30	49	17
31	49	17
33	49	17
34	49	17
36	49	17
38	49	17
40	49	17
41	49	17
43	50	17
45	49	17
47	50	17
50	50	17
52	50	17
54	49	17
56	49	17
55	46	16
38	29	10
66	51	18
36	24	8
34	22	8
33	20	7
34	19	7
34	19	6
34	18	6
35	17	6
35	16	6
36	16	6
38	16	5
-100	18	6
-98	20	7
-97	22	8
-100	25	9
-100	28	10
-106	34	12
-63	25	9
-62	26	9
-63	28	10
-64	30	11
-65	33	11
-69	38	13
-81	52	18
-76	52	18
-36	29	10
-36	30	10
-35	30	11
-35	32	11
-36	34	12
-37	36	12
-39	41	14
-40	47	16
-42	51	18
-40	51	18
-38	50	18
-36	50	17
-34	50	17
-32	50	17
-30	50	17
-29	50	18
-28	50	17
-26	50	17
-24	50	17
-23	50	17
-21	50	17
-20	50	17
-19	50	17
-17	50	18
-16	50	17
-15	50	17
-13	50	17
-12	50	17
-11	50	17
-10	50	17
-8	49	17
-7	49	17
-6	50	17
-5	49	17
-3	49	17
-2	49	17
-1	49	17
0	49	17
1	49	17
2	49	17
4	49	17
5	49	17
6	49	17
7	49	17
8	49	17
9	49	17
10	49	17
12	49	17
13	49	17
14	49	17
15	49	17
16	49	17
18	49	17
19	49	17
20	49	17
22	49	17
23	49	17
24	49	17
26	49	17
27	49	17
29	49	17
30	49	17
32	49	17
33	49	17
35	49	17
37	49	17
38	49	17
40	49	17
42	49	17
44	49	17
46	49	17
48	50	17
50	50	17
53	50	17
55	50	17
38	28	10
66	50	17
35	23	8
34	21	7
34	20	7
34	19	7
34	18	6
34	17	6
35	17	6
36	16	6
37	16	5
38	16	5
-100	18	6
-98	21	7
-98	23	8
-100	26	9
-97	27	9
-102	31	11
-106	35	12
-63	25	9
-62	26	9
-62	28	10
-64	30	11
-67	36	12
-69	39	13
-80	52	18
-76	52	18
-66	47	16
-40	31	11
-36	30	10
-35	31	11
-35	32	11
-36	35	12
-37	36	13
-39	42	14
-40	47	16
-41	51	18
-39	51	18
-37	51	18
-35	50	18
-34	50	17
-32	50	17
-30	50	17
-29	51	18
-27	50	18
-26	50	17
-24	50	17
-23	50	17
-21	50	17
-20	50	17
-19	51	18
-17	50	18
-16	50	17
-14	50	17
-13	50	17
-12	50	17
-11	50	17
-9	50	17
-8	49	17
-7	49	17
-6	50	17
-4	49	17
-3	49	17
-2	49	17
-1	49	17
0	49	17
1	49	17
2	49	17
4	49	17
5	49	17
6	49	17
7	49	17
8	49	17
9	49	17
11	49	17
12	49	17
13	49	17
14	49	17
15	49	17
17	49	17
18	49	17
19	49	17
20	49	17
22	49	17
23	49	17
25	49	17
26	49	17
28	49	17
29	49	17
31	50	17
32	50	17
34	50	17
35	50	17
37	50	17
39	50	17
41	50	17
43	50	17
45	50	17
47	50	17
49	50	17
51	50	17
54	50	17
56	50	17
38	28	10
34	23	8
34	21	7
34	20	7
34	19	6
34	18	6
35	17	6
35	17	6
36	16	6
37	16	5
39	16	5
-100	19	7
-98	21	7
-97	23	8
-100	26	9
-99	28	10
-104	32	11
-104	35	12
-63	25	9
-62	26	9
-62	28	10
-65	31	11
-67	34	12
-67	36	13
-69	39	14
-84	52	18
-79	52	18
-38	30	10
-36	30	10
-35	31	11
-36	33	11
-36	35	12
-37	37	13
-39	42	15
-40	45	16
-41	51	18
-39	51	18
-37	51	18
-35	50	17
-33	50	17
-31	50	17
-30	50	17
-29	50	18
-27	50	18
-25	50	18
-23	50	17
-22	50	17
-21	50	17
-19	50	17
-18	51	18
-17	50	18
-16	50	17
-14	50	17
-13	50	17
-11	50	17
-10	50	17
-9	50	17
-8	49	17
-7	49	17
-5	49	17
-4	49	17
-3	49	17
-2	49	17
-1	49	17
0	49	17
2	49	17
3	49	17
4	49	17
5	49	17
6	49	17
7	49	17
8	49	17
10	49	17
11	49	17
12	49	17
13	49	17
14	49	17
16	49	17
17	49	17
18	49	17
19	49	17
21	49	17
22	49	17
23	49	17
25	49	17
26	49	17
28	49	17
29	49	17
31	49	17
32	49	17
34	50	17
36	49	17
38	50	17
39	50	17
41	49	17
43	49	17
45	49	17
47	50	17
49	50	17
51	50	17
54	50	17
56	50	17
39	29	10
34	22	8
34	21	7
33	20	7
34	19	6
34	18	6
34	17	6
35	17	6
36	16	6
37	16	5
39	16	5
-100	17	6
-99	19	7
-99	22	8
-95	23	8
-101	27	9
-96	28	10
-105	33	12
-97	33	12
-64	25	9
-62	25	9
-62	27	9
-64	30	10
-65	32	11
-67	35	12
-69	37	13
-70	40	14
-83	52	18
-78	52	18
-37	30	10
-35	30	10
-35	31	11
-35	33	11
-36	35	12
-37	37	13
-39	43	15
-41	46	16
-41	50	18
-39	51	18
-37	50	17
-34	50	17
-33	50	17
-31	50	17
-29	50	17
-28	50	17
-26	50	17
-25	50	17
-23	50	17
-22	50	17
-21	50	17
-19	50	17
-18	50	18
-16	50	17
-15	50	17
-14	50	17
-12	50	17
-11	49	17
-10	49	17
-9	49	17
-7	49	17
-6	49	17
-5	49	17
-4	49	17
-3	49	17
-2	49	17
0	49	17
1	49	17
2	49	17
3	49	17
4	49	17
5	49	17
6	49	17
7	49	17
9	49	17
10	49	17
11	49	17
12	49	17
13	49	17
15	49	17
16	49	17
17	49	17
18	49	17
20	49	17
21	49	17
22	49	17
24	49	17
25	49	17
27	49	17
28	49	17
29	49	17
31	49	17
33	49	17
34	49	17
36	50	17
38	50	17
40	49	17
42	49	17
43	50	17
45	50	17
48	50	17
50	49	17
52	50	17
54	50	17
57	50	17
55	46	16
38	29	10
66	51	18
36	25	9
34	22	8
33	21	7
34	19	7
34	19	6
34	18	6
35	17	6
35	16	6
36	16	6
38	15	5
-99	18	6
-99	20	7
-96	22	8
-100	25	9
-101	28	10
-95	29	10
-105	34	12
-63	25	9
-61	26	9
-62	27	10
-64	30	10
-65	32	11
-66	34	12
-69	38	13
-70	40	14
-82	52	18
-77	52	18
-36	30	10
-35	30	11
-35	31	11
-36	34	12
-36	36	12
-37	38	13
-39	41	14
-39	43	15
-41	47	16
-42	50	18
-40	51	18
-38	50	18
-36	50	17
-34	50	17
-32	50	17
-31	50	17
-29	50	17
-28	50	17
-26	50	18
-24	50	17
-23	50	17
-22	50	17
-20	50	17
-19	50	17
-18	51	18
-16	50	17
-15	51	18
-13	50	17
-12	50	17
-11	50	17
-10	50	17
-8	49	17
-7	49	17
-6	49	17
-5	49	17
-4	49	17
-3	49	17
-2	49	17
0	49	17
1	49	17
2	49	17
3	49	17
4	49	17
5	49	17
6	49	17
8	49	17
9	49	17
10	49	17
11	49	17
12	49	17
14	49	17
15	49	17
16	49	17
17	49	17
19	49	17
20	49	17
21	49	17
23	49	17
24	49	17
25	49	17
27	49	17
28	49	17
30	49	17
31	49	17
33	49	17
34	49	17
36	49	17
38	49	17
40	49	17
42	49	17
43	49	17
45	49	17
48	50	17
50	50	17
52	49	17
55	50	17
57	49	17
55	46	16
38	29	10
66	50	18
36	24	8
34	22	8
34	20	7
34	19	7
34	18	6
34	18	6
35	17	6
35	16	6
36	16	6
38	16	5
-99	19	7
-98	21	7
-97	23	8
-100	26	9
-98	28	10
-104	32	11
-103	35	12
-62	25	9
-62	27	9
-62	28	10
-65	31	11
-66	34	12
-69	39	14
-79	52	18
-37	30	10
-36	30	10
-35	31	11
-36	33	11
-36	34	12
-37	37	13
-40	45	16
-41	48	17
-41	51	18
-39	50	18
-37	50	18
-35	50	17
-33	50	17
-31	50	17
-30	50	17
-28	50	18
-27	50	18
-25	50	17
-23	50	17
-22	50	17
-21	50	17
-19	50	17
-18	50	18
-17	50	17
-15	50	17
-14	49	17
-12	49	17
-11	49	17
-10	49	17
-9	49	17
-8	49	17
-6	49	17
-5	49	17
-4	49	17
-3	49	17
-2	49	17
-1	49	17
0	49	17
2	49	17
3	49	17
4	49	17
5	49	17
6	49	17
7	49	17
9	49	17
10	49	17
11	49	17
12	49	17
13	49	17
15	49	17
16	49	17
17	49	17
18	49	17
20	49	17
21	49	17
22	49	17
24	49	17
25	49	17
27	49	17
28	49	17
30	49	17
31	49	17
33	49	17
34	49	17
36	50	17
38	50	17
40	49	17
42	50	17
43	49	17
45	50	17
48	50	17
50	49	17
52	50	17
54	50	17
57	50	17
56	47	16
38	29	10
36	25	9
34	22	8
34	21	7
34	19	7
34	19	6
34	18	6
35	17	6
35	16	6
36	16	6
38	16	5
-100	19	7
-98	21	7
-96	23	8
-100	26	9
-98	28	10
-104	32	11
-103	35	12
-62	25	9
-62	27	9
-62	28	10
-65	31	11
-66	34	12
-70	39	14
-79	52	18
-37	30	10
-36	30	10
-35	31	11
-36	33	11
-37	35	12
-37	37	13
-40	45	16
-41	48	17
-41	51	18
-39	50	18
-37	50	18
-35	50	17
-33	50	17
-31	50	17
-30	50	17
-28	50	17
-27	51	18
-25	50	17
-23	50	17
-22	50	17
-21	50	17
-19	50	17
-18	50	17
-16	50	17
-15	51	18
-14	50	17
-12	50	17
-11	49	17
-10	50	17
-9	49	17
-8	49	17
-6	49	17
-5	49	17
-4	49	17
-3	49	17
-2	49	17
0	49	17
1	49	17
2	49	17
3	49	17
4	49	17
5	49	17
6	49	17
7	49	17
9	49	17
10	49	17
11	49	17
12	49	17
14	49	17
15	49	17
16	49	17
17	49	17
19	49	17
20	49	17
21	49	17
23	49	17
24	49	17
25	49	17
27	49	17
28	49	17
30	49	17
31	49	17
33	49	17
34	50	17
36	49	17
38	49	17
40	49	17
42	50	17
44	50	17
46	50	17
48	50	17
50	50	17
52	50	17
55	50	17
57	50	17
57	47	16
38	29	10
66	50	18
36	24	8
34	22	8
34	20	7
34	19	7
34	18	6
34	18	6
35	17	6
36	16	6
37	16	5
38	16	5
-102	16	4
-98	18	5
-99	20	5
-98	22	6
-101	25	7
-100	28	7
-105	34	9
-94	33	9
-62	25	6
-61	26	7
-63	28	7
-65	31	8
-65	33	8
-69	38	10
-85	52	13
-80	51	13
-38	30	8
-36	30	8
-35	30	8
-35	32	8
-36	34	9
-37	36	9
-38	38	10
-39	42	11
-41	48	12
-42	51	13
-39	50	13
-37	50	13
-35	50	13
-34	50	13
-32	50	13
-30	50	13
-29	50	13
-27	50	13
-25	50	13
-24	49	13
-22	49	13
-21	50	13
-20	49	13
-18	49	13
-17	49	13
-16	49	13
-14	49	13
-13	49	13
-12	49	13
-11	49	13
-10	49	13
-8	49	13
-7	49	13
-6	49	13
-5	49	13
-4	49	13
-3	49	13
-1	49	13
0	49	13
1	49	13
2	49	13
3	49	13
4	49	13
5	49	13
7	49	13
8	49	13
9	49	13
10	49	13
11	49	13
12	49	13
13	49	13
15	49	13
16	49	13
17	49	13
19	49	13
20	49	13
21	49	13
22	49	13
24	49	13
25	49	13
26	49	13
28	49	13
29	49	13
31	49	13
32	49	13
34	49	13
36	49	13
37	49	13
39	49	13
41	49	13
43	49	13
45	49	13
47	49	13
49	49	13
52	49	13
54	49	13
56	49	13
37	28	7
64	49	13
36	25	6
34	22	6
33	20	5
34	20	5
34	18	5
34	18	5
34	17	4
35	16	4
36	16	4
37	15	4
39	15	4
-97	16	4
-98	18	5
-98	21	5
-98	23	6
-100	26	7
-97	28	7
-103	32	8
-105	35	9
-64	24	6
-62	25	6
-62	27	7
-63	29	7
-65	31	8
-69	39	10
-79	52	13
-37	30	8
-36	30	8
-35	31	8
-35	32	8
-36	35	9
-37	36	9
-38	39	10
-39	42	11
-42	49	13
-41	50	13
-39	50	13
-37	50	13
-35	50	13
-33	50	13
-32	50	13
-30	50	13
-28	50	13
-27	50	13
-25	49	13
-23	50	13
-22	49	13
-21	50	13
-19	50	13
-18	50	13
-17	49	13
-15	49	13
-14	49	13
-13	49	13
-12	49	13
-10	49	13
-9	49	13
-8	49	13
-7	49	13
-6	49	13
-4	49	13
-3	49	13
-2	49	13
-1	49	13
0	49	13
1	49	13
2	49	13
3	49	13
5	49	13
6	49	13
7	49	13
8	49	13
9	49	13
10	49	13
11	49	13
12	49	13
14	49	13
15	49	13
16	49	13
17	49	13
19	49	13
20	49	13
21	49	13
23	49	13
24	49	13
25	49	13
27	49	13
28	49	13
30	49	13
31	49	13
33	49	13
34	49	13
36	49	13
38	49	13
39	49	13
41	49	13
43	49	13
45	49	13
48	49	13
49	49	13
52	49	13
54	49	13
57	49	13
56	46	12
38	29	8
66	50	13
35	24	6
34	22	6
34	20	5
33	19	5
34	18	5
34	17	5
35	17	4
35	16	4
36	16	4
37	15	4
39	15	4
-98	18	5
-98	20	5
-97	23	6
-100	26	7
-95	27	7
-103	31	8
-105	35	9
-62	25	6
-62	26	7
-63	28	7
-65	31	8
-67	34	9
-69	39	10
-80	52	13
-38	30	8
-36	30	8
-35	30	8
-35	32	8
-36	35	9
-37	36	9
-38	39	10
-39	42	11
-41	49	13
-41	50	13
-39	50	13
-37	50	13
-35	50	13
-33	50	13
-32	50	13
-30	50	13
-28	50	13
-27	50	13
-25	50	13
-24	49	13
-22	49	13
-21	50	13
-20	50	13
-18	50	13
-17	49	13
-15	49	13
-14	49	13
-13	49	13
-12	49	13
-10	49	13
-9	49	13
-8	49	13
-7	49	13
-6	49	13
-4	49	13
-3	49	13
-2	49	13
-1	49	13
0	49	13
1	49	13
2	49	13
4	49	13
5	49	13
6	49	13
7	49	13
8	49	13
9	49	13
10	49	13
11	49	13
13	49	13
14	49	13
15	49	13
16	49	13
17	49	13
19	49	13
20	49	13
21	49	13
23	49	13
24	49	13
25	49	13
27	49	13
28	49	13
30	49	13
31	49	13
33	49	13
34	49	13
36	49	13
38	49	13
40	49	13
42	49	13
43	49	13
45	49	13
48	49	13
50	49	13
52	49	13
54	49	13
57	49	13
58	48	13
38	29	8
66	50	13
35	24	6
34	22	6
33	20	5
33	19	5
34	18	5
34	17	5
35	17	4
35	16	4
36	16	4
38	15	4
-102	16	4
-98	18	5
-99	20	5
-97	22	6
-101	25	7
-100	28	7
-105	34	9
-96	34	9
-62	25	6
-62	26	7
-63	29	7
-65	31	8
-70	39	10
-80	52	13
-38	30	8
-36	30	8
-35	30	8
-35	32	8
-37	35	9
-37	36	9
-39	42	11
-40	45	12
-42	49	13
-39	50	13
-37	50	13
-35	50	13
-33	50	13
-32	50	13
-30	50	13
-28	50	13
-27	50	13
-25	50	13
-24	50	13
-22	49	13
-21	50	13
-20	50	13
-18	50	13
-17	49	13
-15	49	13
-14	49	13
-13	49	13
-12	49	13
-10	49	13
-9	49	13
-8	49	13
-7	49	13
-6	49	13
-5	49	13
-3	49	13
-2	49	13
-1	49	13
0	49	13
1	49	13
2	49	13
3	49	13
4	49	13
6	49	13
7	49	13
8	49	13
9	49	13
10	49	13
11	49	13
13	49	13
14	49	13
15	49	13
16	49	13
18	49	13
19	49	13
20	49	13
21	49	13
22	49	13
24	49	13
25	49	13
27	49	13
28	49	13
30	49	13
31	49	13
33	49	13
34	49	13
36	49	13
38	49	13
39	49	13
41	49	13
43	49	13
45	49	13
48	49	13
50	49	13
52	49	13
54	49	13
57	49	13
58	48	12
38	29	8
66	50	13
35	24	6
34	22	6
34	20	5
34	19	5
34	18	5
34	18	5
34	17	4
35	16	4
36	16	4
38	15	4
-103	15	4
-99	17	4
-98	19	5
-98	21	6
-96	23	6
-101	27	7
-97	28	7
-104	33	8
-95	32	8
-64	24	6
-62	25	7
-62	27	7
-64	29	8
-65	32	8
-69	38	10
-70	40	10
-72	44	11
-82	52	13
-78	52	13
-37	30	8
-35	30	8
-35	31	8
-35	33	9
-36	35	9
-37	37	10
-38	40	11
-39	43	11
-41	49	13
-40	50	13
-38	50	13
-36	50	13
-34	50	13
-33	50	13
-31	50	13
-29	50	13
-28	50	13
-26	50	13
-24	49	13
-23	49	13
-22	49	13
-20	50	13
-19	49	13
-18	49	13
-16	49	13
-15	49	13
-14	49	13
-12	49	13
-11	49	13
-10	49	13
-9	49	13
-8	49	13
-6	49	13
-5	49	13
-4	49	13
-3	49	13
-2	49	13
-1	49	13
1	49	13
2	49	13
3	49	13
4	49	13
5	49	13
6	49	13
7	49	13
8	49	13
10	49	13
11	49	13
12	49	13
13	49	13
14	49	13
15	49	13
17	49	13
18	49	13
19	49	13
20	49	13
22	49	13
23	49	13
24	49	13
26	49	13
27	49	13
29	49	13
31	49	13
32	49	13
34	49	13
35	49	13
37	49	13
39	49	13
41	49	13
43	49	13
45	49	13
46	49	13
49	49	13
51	49	13
53	49	13
56	49	13
38	28	7
65	48	13
34	22	6
34	21	5
33	20	5
34	19	5
34	18	5
34	17	4
35	16	4
36	16	4
37	16	4
39	15	4
-102	15	4
-97	17	4
-98	20	5
-98	22	6
-100	25	6
-101	27	7
-96	29	7
-104	33	9
-63	24	6
-62	26	7
-63	28	7
-64	30	8
-66	33	8
-69	38	10
-70	41	11
-81	51	13
-38	30	8
-36	30	8
-35	30	8
-35	31	8
-36	34	9
-37	36	9
-37	38	10
-39	43	11
-42	51	13
-39	50	13
-38	50	13
-36	50	13
-34	50	13
-32	50	13
-30	50	13
-29	50	13
-27	49	13
-25	49	13
-24	49	13
-22	49	13
-21	50	13
-20	50	13
-18	49	13
-17	49	13
-16	49	13
-14	49	13
-13	49	13
-12	49	13
-11	49	13
-10	49	13
-8	49	13
-7	49	13
-6	49	13
-5	49	13
-4	49	13
-2	49	13
-1	49	13
0	49	13
1	49	13
2	49	13
3	49	13
4	49	13
6	49	13
6	49	13
8	49	13
9	49	13
10	49	13
11	49	13
12	49	13
14	49	13
15	49	13
16	49	13
17	49	13
18	49	13
20	49	13
21	49	13
22	49	13
24	49	13
25	49	13
26	49	13
28	49	13
29	49	13
31	49	13
33	49	13
34	49	13
36	49	13
38	49	13
39	49	13
41	49	13
43	49	13
45	49	13
47	50	13
49	49	13
52	49	13
54	50	13
57	50	13
38	29	8
66	50	13
36	24	6
34	22	6
34	20	5
33	19	5
34	18	5
34	18	5
35	17	4
35	16	4
36	16	4
38	15	4
40	15	4
-102	16	4
-98	17	5
-98	20	5
-97	22	6
-100	25	6
-100	27	7
-96	29	7
-104	33	9
-95	33	9
-63	24	6
-62	26	7
-63	28	7
-64	30	8
-66	33	9
-66	35	9
-69	38	10
-70	41	11
-81	52	13
-38	30	8
-36	30	8
-35	30	8
-35	32	8
-36	34	9
-37	36	9
-37	38	10
-38	40	11
-40	44	12
-40	47	12
-42	51	13
-39	50	13
-38	50	13
-35	50	13
-34	50	13
-32	50	13
-30	50	13
-29	50	13
-27	49	13
-25	49	13
-24	49	13
-22	49	13
-21	50	13
-20	50	13
-18	49	13
-17	49	13
-15	49	13
-14	49	13
-13	49	13
-12	49	13
-11	49	13
-10	49	13
-8	49	13
-7	49	13
-6	49	13
-5	49	13
-4	49	13
-2	49	13
-1	49	13
0	49	13
1	49	13
2	49	13
3	49	13
4	49	13
5	49	13
7	49	13
8	49	13
9	49	13
10	49	13
11	49	13
12	49	13
14	49	13
15	49	13
16	49	13
17	49	13
18	49	13
20	49	13
21	49	13
23	49	13
24	49	13
25	49	13
27	49	13
28	49	13
30	49	13
31	49	13
33	49	13
34	49	13
36	49	13
38	49	13
40	49	13
42	49	13
43	49	13
45	49	13
48	49	13
50	49	13
52	49	13
55	49	13
57	49	13
57	47	12
38	29	7
66	50	13
35	24	6
34	22	6
33	20	5
34	19	5
34	18	5
34	18	5
35	17	4
35	16	4
36	16	4
38	16	4
-103	15	4
-98	16	4
-99	19	5
-99	21	5
-97	23	6
-100	26	7
-95	27	7
-104	32	8
-96	32	8
-64	24	6
-62	25	7
-62	27	7
-63	29	8
-66	32	8
-66	34	9
-69	37	10
-70	40	10
-72	43	11
-82	52	13
-79	52	13
-37	30	8
-36	30	8
-35	31	8
-36	33	9
-36	35	9
-37	38	10
-38	40	10
-39	43	11
-40	46	12
-41	49	13
-40	50	13
-38	50	13
-36	50	13
-34	50	13
-32	50	13
-31	50	13
-29	50	13
-27	49	13
-26	49	13
-24	49	13
-23	49	13
-21	49	13
-20	49	13
-19	49	13
-17	49	13
-16	49	13
-15	49	13
-14	49	13
-12	49	13
-11	49	13
-10	49	13
-9	49	13
-7	49	13
-6	49	13
-5	49	13
-4	49	13
-3	49	13
-2	49	13
0	49	13
1	49	13
2	49	13
3	49	13
4	49	13
5	49	13
6	49	13
8	49	13
9	49	13
10	49	13
11	49	13
12	49	13
13	49	13
15	49	13
16	49	13
17	49	13
19	49	13
20	49	13
21	49	13
22	49	13
24	49	13
25	49	13
26	49	13
28	49	13
29	49	13
31	49	13
33	49	13
34	49	13
36	49	13
38	49	13
39	49	13
41	49	13
43	49	13
45	49	13
47	49	13
50	49	13
52	49	13
54	49	13
57	50	13
56	46	12
38	29	8
66	50	13
36	24	6
34	22	6
33	20	5
33	19	5
34	18	5
34	17	5
35	17	4
35	16	4
36	16	4
38	15	4
-102	14	2
-97	15	3
-99	18	3
-99	20	4
-97	22	4
-100	26	4
-97	27	5
-104	31	5
-105	34	6
-62	25	4
-62	26	5
-62	28	5
-66	31	5
-67	34	6
-70	39	7
-84	51	9
-80	51	9
-37	29	5
-35	29	5
-35	30	5
-36	34	6
-37	36	6
-38	39	7
-39	41	7
-41	50	9
-39	50	9
-37	50	9
-35	50	9
-33	50	9
-31	49	9
-30	49	9
-28	49	9
-26	49	9
-25	49	9
-24	49	9
-22	49	9
-21	49	9
-19	49	9
-18	49	9
-17	49	9
-16	49	9
-14	49	9
-13	49	9
-12	49	8
-11	49	9
-9	49	8
-8	49	8
-7	49	8
-6	49	8
-5	49	8
-4	49	8
-2	49	8
-1	48	8
0	49	8
1	48	8
2	49	8
3	49	8
4	48	8
5	48	8
6	49	8
8	49	8
9	49	8
10	48	8
11	48	8
12	48	8
13	49	8
15	48	8
16	49	8
17	48	8
18	49	8
20	49	8
16	34	6
26	49	8
28	48	8
29	49	8
30	48	8
32	48	8
33	48	8
35	48	8
37	49	8
39	49	8
41	49	8
42	49	8
44	49	8
46	49	8
48	49	8
51	49	8
53	49	8
56	49	8
38	28	5
66	49	8
34	22	4
33	21	4
33	20	3
33	18	3
34	18	3
34	17	3
35	16	3
36	16	3
37	15	3
39	15	3
68	23	4
-102	14	2
-98	16	3
-99	18	3
-99	21	4
-99	23	4
-100	26	5
-98	28	5
-103	32	6
-96	32	6
-64	24	4
-62	25	4
-62	27	5
-65	29	5
-66	32	5
-67	34	6
-69	37	6
-70	40	7
-83	51	9
-79	51	9
-37	29	5
-35	30	5
-35	31	5
-35	32	6
-36	35	6
-37	37	6
-38	40	7
-39	42	7
-41	50	9
-38	50	9
-36	50	9
-35	50	9
-33	50	9
-31	50	9
-29	50	9
-28	49	9
-26	49	9
-25	49	9
-23	49	9
-22	49	9
-21	49	9
-19	49	9
-18	49	9
-16	49	9
-15	49	9
-14	49	9
-13	49	9
-12	49	9
-10	49	9
-9	49	8
-8	49	8
-7	49	8
-6	49	8
-4	49	8
-3	49	9
-2	49	8
-1	49	8
0	49	8
1	49	8
2	49	8
3	49	8
4	49	8
6	49	8
7	49	8
8	49	8
9	48	8
10	48	8
11	48	8
12	48	8
13	48	8
15	48	8
16	48	8
17	48	8
19	49	8
20	49	8
16	35	6
17	35	6
26	48	8
28	49	8
29	48	8
31	49	8
32	48	8
34	49	8
36	49	8
37	49	8
39	49	8
41	49	8
43	49	8
45	49	8
47	49	8
49	49	8
51	49	9
54	49	8
56	49	9
39	28	5
36	24	4
34	22	4
34	20	4
34	19	3
34	18	3
34	17	3
34	17	3
35	16	3
36	16	3
37	15	3
39	15	3
68	23	4
-101	15	3
-98	16	3
-98	19	3
-99	21	4
-99	24	4
-101	27	5
-104	33	6
-64	24	4
-62	25	4
-62	27	5
-68	35	6
-70	38	7
-71	41	7
-82	51	9
-36	29	5
-35	30	5
-35	31	5
-36	33	6
-37	35	6
-37	37	7
-38	40	7
-39	43	7
-42	50	9
-40	50	9
-38	50	9
-36	50	9
-34	50	9
-33	50	9
-31	50	9
-29	49	9
-27	49	9
-26	49	9
-24	49	9
-23	49	9
-21	49	9
-20	49	9
-19	49	9
-17	49	9
-16	50	9
-15	49	9
-14	49	9
-13	49	9
-11	49	9
-10	49	9
-9	49	9
-8	49	9
-7	49	8
-5	49	8
-4	49	9
-3	49	8
-2	49	8
-1	49	8
0	49	8
1	49	8
2	49	8
4	49	8
5	49	8
6	49	8
7	49	8
8	49	8
9	48	8
10	49	8
12	49	8
13	49	8
14	49	8
15	49	8
16	49	8
18	49	8
19	49	8
20	49	8
16	34	6
17	34	6
27	49	8
28	49	8
30	49	8
31	49	9
33	49	8
34	49	8
36	49	8
38	49	9
40	49	8
42	49	8
44	49	8
46	49	8
48	49	9
50	49	8
52	49	8
55	49	9
57	49	8
38	29	5
66	50	9
35	24	4
34	21	4
33	20	3
33	19	3
34	18	3
34	17	3
35	17	3
35	16	3
37	16	3
38	15	3
-102	14	2
-98	16	3
-99	19	3
-99	21	4
-96	23	4
-101	26	5
-103	32	6
-97	32	6
-63	24	4
-62	25	4
-62	27	5
-67	33	6
-67	34	6
-69	37	6
-71	40	7
-83	51	9
-79	52	9
-37	30	5
-35	30	5
-35	31	5
-36	33	6
-36	35	6
-37	37	6
-38	40	7
-39	43	7
-40	46	8
-40	50	9
-38	50	9
-36	50	9
-34	50	9
-33	50	9
-31	50	9
-29	49	9
-28	49	9
-26	49	9
-24	49	9
-23	49	9
-22	49	9
-20	49	9
-19	49	9
-18	49	9
-17	49	9
-15	49	9
-14	49	9
-13	49	9
-11	49	9
-10	49	9
-9	49	8
-8	49	9
-7	49	8
-5	49	8
-4	49	9
-3	49	8
-2	49	8
-1	49	8
0	49	8
1	49	8
3	49	8
4	49	8
5	49	8
6	49	8
7	49	8
8	49	8
9	49	8
10	49	8
12	49	8
13	49	8
14	49	8
15	49	8
16	49	8
18	49	8
19	49	9
20	49	8
16	34	6
17	35	6
27	49	9
28	49	8
30	49	8
31	49	9
33	49	8
35	49	8
36	49	8
38	49	9
40	49	9
42	49	8
44	49	8
46	49	9
48	49	8
50	49	9
52	49	9
55	49	9
57	49	8
38	29	5
66	50	9
35	24	4
34	21	4
34	20	3
33	19	3
34	18	3
34	17	3
35	16	3
35	16	3
37	16	3
38	15	3
-103	13	2
-100	15	3
-96	17	3
-98	20	3
-96	22	4
-101	25	4
-101	27	5
-95	28	5
-105	34	6
-95	33	6
-62	24	4
-62	26	5
-62	28	5
-65	31	5
-67	33	6
-70	39	7
-85	51	9
-80	51	9
-37	29	5
-36	30	5
-35	30	5
-35	32	6
-36	34	6
-36	36	6
-38	39	7
-38	41	7
-39	44	8
-41	50	9
-39	50	9
-37	50	9
-35	50	9
-33	50	9
-32	50	9
-30	49	9
-28	49	9
-27	49	9
-25	49	9
-24	49	9
-22	49	9
-21	49	9
-20	49	9
-18	49	9
-17	49	9
-16	49	9
-14	49	9
-13	49	9
-12	49	9
-11	49	9
-9	49	9
-8	49	8
-7	49	8
-6	49	8
-5	49	8
-4	49	8
-2	49	8
-1	49	8
0	49	8
1	49	8
2	49	8
3	49	8
5	49	8
5	49	8
7	49	8
8	49	8
9	49	8
10	49	8
11	49	8
12	49	8
14	49	8
15	49	8
16	49	8
17	49	8
18	49	8
20	49	8
16	35	6
17	35	6
26	49	8
28	49	8
29	49	8
31	49	8
33	49	8
34	49	8
36	49	8
37	49	8
39	49	8
41	49	9
43	49	8
45	49	8
47	49	8
49	49	9
52	49	9
54	49	9
56	49	9
39	28	5
35	24	4
34	22	4
34	20	4
33	19	3
33	18	3
34	17	3
34	17	3
35	16	3
36	16	3
37	15	3
39	15	3
68	23	4
-102	14	2
-97	15	3
-98	18	3
-99	20	4
-97	22	4
-101	25	4
-96	27	5
-103	31	5
-105	34	6
-62	25	4
-62	26	5
-63	28	5
-65	31	5
-67	34	6
-70	39	7
-83	51	9
-79	51	9
-37	29	5
-35	30	5
-35	31	5
-36	33	6
-36	34	6
-37	36	6
-38	40	7
-39	42	7
-41	50	9
-38	50	9
-36	50	9
-35	50	9
-33	50	9
-31	50	9
-30	50	9
-28	49	9
-26	49	9
-25	49	9
-23	49	9
-22	49	8
-21	49	9
-19	49	9
-18	50	9
-16	49	9
-15	49	9
-14	49	9
-13	49	9
-12	49	9
-10	49	9
-9	49	8
-8	49	8
-7	49	8
-6	49	8
-4	49	8
-3	49	8
-2	49	8
-1	49	8
0	49	8
1	49	8
2	48	8
4	49	8
5	49	8
6	49	8
7	49	8
8	49	8
9	49	8
10	49	8
12	49	8
13	49	8
14	49	8
15	49	8
16	49	8
18	49	8
19	49	8
20	49	8
16	35	6
17	34	6
27	49	8
28	49	8
30	49	8
31	49	8
33	49	8
34	49	8
36	49	8
38	49	8
40	49	8
41	49	8
43	49	8
46	49	8
47	49	8
50	49	9
52	49	9
55	49	9
57	49	9
55	45	8
38	28	5
35	24	4
34	21	4
34	20	3
33	19	3
34	18	3
34	17	3
35	17	3
35	16	3
37	16	3
38	15	3
-101	14	2
-98	16	3
-98	18	3
-99	21	4
-96	23	4
-100	26	5
-97	28	5
-103	32	6
-96	32	6
-64	24	4
-62	25	4
-62	27	5
-63	29	5
-66	32	6
-67	34	6
-69	37	6
-71	40	7
-79	52	9
-37	29	5
-36	30	5
-35	31	5
-36	33	6
-36	35	6
-37	37	6
-38	40	7
-39	43	7
-40	46	8
-41	49	8
-40	50	9
-38	50	9
-36	50	9
-34	50	9
-32	49	9
-31	49	9
-29	49	9
-27	49	9
-26	49	9
-24	49	9
-23	49	9
-21	49	9
-20	49	9
-19	49	9
-17	49	9
-16	49	9
-15	49	9
-14	49	9
-12	49	9
-11	49	9
-10	49	9
-9	49	8
-8	49	8
-7	49	8
-5	49	8
-4	49	8
-3	49	8
-2	49	8
-1	49	8
0	49	8
2	49	8
3	49	8
4	49	8
5	49	8
6	49	8
7	49	8
8	49	8
9	49	8
10	48	8
12	49	8
13	49	8
14	49	8
15	49	8
16	49	8
18	48	8
19	49	8
20	48	8
16	34	6
17	35	6
27	49	8
28	49	8
30	49	8
31	49	8
33	49	8
35	49	8
36	49	8
38	49	8
40	49	8
42	49	8
44	49	8
46	49	8
48	49	8
50	49	9
52	49	9
55	49	9
56	47	8
55	45	8
38	29	5
67	50	9
35	23	4
34	21	4
33	20	3
33	19	3
34	18	3
34	17	3
35	17	3
36	16	3
37	16	3
38	15	3
-100	15	3
-96	17	3
-98	19	3
-96	21	4
-100	25	4
-101	27	5
-96	29	5
-104	33	6
-97	34	6
-63	24	4
-62	26	4
-62	28	5
-64	30	5
-66	32	6
-67	35	6
-70	38	7
-85	51	9
-80	51	9
-38	29	5
-36	30	5
-35	30	5
-36	32	6
-36	34	6
-37	36	6
-37	38	7
-38	41	7
-41	50	9
-39	50	9
-37	50	9
-35	50	9
-33	49	9
-32	50	9
-30	49	9
-28	49	9
-27	49	9
-25	49	9
-23	49	9
-22	49	9
-21	49	9
-20	49	9
-18	49	9
-17	49	9
-15	49	9
-14	49	9
-13	49	9
-12	49	9
-11	49	9
-9	49	9
-8	49	8
-7	49	8
-6	49	8
-5	49	8
-4	49	8
-2	49	8
-1	49	8
0	49	8
1	49	8
2	49	8
3	49	8
4	49	8
5	49	8
7	49	8
8	48	8
9	49	8
10	49	8
11	49	8
12	49	8
14	49	8
15	49	8
16	49	8
17	49	8
18	49	8
20	48	8
16	35	6
17	35	6
27	49	8
28	49	8
29	49	8
31	49	8
33	49	8
34	49	8
36	49	8
38	49	8
39	49	8
41	49	8
43	49	8
45	49	8
47	49	8
49	49	8
52	49	9
54	49	8
57	49	9
56	46	8
35	24	4
34	22	4
33	20	4
33	19	3
34	18	3
34	17	3
35	17	3
35	16	3
37	16	3
38	15	3
40	15	3
69	23	4
-100	13	1
-93	15	1
-98	18	2
-99	20	2
-96	22	2
-101	25	2
-97	27	2
-103	31	3
-105	34	3
-62	24	2
-62	26	2
-63	28	2
-65	31	3
-67	33	3
-69	36	3
-71	39	3
-79	51	4
-70	47	4
-37	29	3
-35	29	3
-35	30	3
-35	32	3
-36	34	3
-37	36	3
-38	38	3
-38	41	4
-39	44	4
-41	47	4
-41	49	4
-39	49	4
-37	49	4
-35	49	4
-33	49	4
-31	49	4
-30	49	4
-28	49	4
-27	49	4
-25	49	4
-24	49	4
-22	49	4
-21	49	4
-19	49	4
-18	49	4
-17	49	4
-15	49	4
-14	49	4
-13	48	4
-12	48	4
-11	48	4
-9	48	4
-8	48	4
-7	48	4
-6	48	4
-5	48	4
-4	48	4
-2	48	4
-1	48	4
0	48	4
1	48	4
2	48	4
3	48	4
4	48	4
5	48	4
6	48	4
8	48	4
9	48	4
10	48	4
11	48	4
12	48	4
13	48	4
14	48	4
16	48	4
17	48	4
18	48	4
19	48	4
22	49	4
24	49	4
24	48	4
26	48	4
27	48	4
29	48	4
30	48	4
32	48	4
33	48	4
35	48	4
37	48	4
38	48	4
40	48	4
42	48	4
44	48	4
46	48	4
48	48	4
50	48	4
53	48	4
55	48	4
38	28	2
67	49	4
35	23	2
34	21	2
33	20	2
34	19	2
34	18	2
34	17	1
35	16	1
35	16	1
36	15	1
38	15	1
-100	13	1
-98	18	2
-99	20	2
-95	22	2
-101	25	2
-98	27	2
-103	31	3
-104	34	3
-63	23	2
-62	24	2
-62	26	2
-64	29	3
-65	31	3
-67	34	3
-69	37	3
-71	39	3
-73	43	4
-83	51	4
-79	51	4
-69	47	4
-36	29	3
-35	29	3
-35	31	3
-35	32	3
-36	34	3
-37	36	3
-37	39	3
-38	41	4
-41	48	4
-40	49	4
-38	49	4
-36	49	4
-34	49	4
-33	49	4
-31	49	4
-29	49	4
-28	49	4
-26	49	4
-25	49	4
-23	49	4
-22	49	4
-20	49	4
-19	49	4
-18	49	4
-17	49	4
-15	49	4
-14	48	4
-13	48	4
-12	48	4
-10	48	4
-9	48	4
-8	48	4
-7	48	4
-6	48	4
-5	48	4
-4	48	4
-2	48	4
-1	48	4
0	48	4
1	48	4
2	48	4
3	48	4
4	48	4
6	48	4
7	48	4
8	48	4
9	48	4
10	48	4
11	48	4
12	48	4
13	48	4
15	48	4
16	48	4
17	48	4
18	48	4
20	48	4
22	48	4
24	49	4
25	48	4
26	48	4
28	48	4
29	48	4
30	48	4
32	48	4
33	48	4
35	48	4
37	48	4
38	48	4
40	48	4
42	48	4
44	48	4
46	48	4
48	48	4
51	48	4
53	48	4
55	48	4
38	28	2
67	49	4
34	22	2
33	20	2
33	19	2
33	18	2
34	17	2
34	17	1
35	16	1
36	15	1
37	15	1
38	15	1
-102	12	1
-99	14	1
-96	16	1
-99	18	2
-99	21	2
-97	23	2
-101	26	2
-96	27	2
-104	32	3
-96	32	3
-64	24	2
-62	25	2
-62	27	2
-65	29	3
-66	32	3
-67	34	3
-70	37	3
-71	40	3
-73	43	4
-82	51	4
-78	51	4
-36	29	3
-36	30	3
-35	31	3
-35	33	3
-36	34	3
-37	37	3
-38	39	3
-39	42	4
-40	48	4
-40	49	4
-38	49	4
-36	49	4
-34	49	4
-32	49	4
-31	49	4
-29	49	4
-28	49	4
-26	49	4
-25	49	4
-23	49	4
-22	49	4
-20	49	4
-19	49	4
-18	49	4
-16	49	4
-15	49	4
-14	48	4
-13	48	4
-11	48	4
-10	48	4
-9	48	4
-8	48	4
-7	48	4
-6	48	4
-5	48	4
-3	48	4
-2	48	4
-1	48	4
0	48	4
1	48	4
2	48	4
3	48	4
4	48	4
6	48	4
7	48	4
8	48	4
9	48	4
10	48	4
11	48	4
12	48	4
14	48	4
15	48	4
16	48	4
17	48	4
18	48	4
20	48	4
16	35	3
22	48	4
24	49	4
25	48	4
26	48	4
28	48	4
29	48	4
30	48	4
32	48	4
34	48	4
35	48	4
37	48	4
39	48	4
41	48	4
42	48	4
44	48	4
46	48	4
48	48	4
51	48	4
53	48	4
56	48	4
39	28	2
68	49	4
34	22	2
33	20	2
33	19	2
34	18	2
34	17	2
34	17	1
35	16	1
36	16	1
37	15	1
39	15	1
67	22	2
-102	12	1
-99	14	1
-96	16	1
-99	19	2
-99	21	2
-98	23	2
-101	26	2
-98	28	2
-104	32	3
-96	32	3
-64	24	2
-62	25	2
-62	27	2
-64	29	3
-66	32	3
-68	34	3
-69	37	3
-71	40	3
-82	51	4
-36	29	3
-35	30	3
-35	31	3
-36	33	3
-36	34	3
-37	37	3
-38	39	3
-39	42	4
-40	45	4
-40	47	4
-40	49	4
-38	49	4
-36	49	4
-34	49	4
-32	49	4
-31	49	4
-29	49	4
-28	49	4
-26	49	4
-25	49	4
-23	49	4
-22	49	4
-20	49	4
-19	49	4
-17	49	4
-16	49	4
-15	48	4
-14	48	4
-12	48	4
-11	49	4
-10	48	4
-9	48	4
-8	48	4
-7	48	4
-6	48	4
-4	48	4
-3	48	4
-2	48	4
-1	48	4
0	48	4
1	48	4
2	48	4
4	48	4
4	48	4
6	48	4
7	48	4
8	48	4
9	48	4
10	48	4
11	48	4
12	48	4
14	48	4
15	48	4
16	48	4
17	48	4
19	48	4
20	48	4
16	35	3
22	48	4
24	49	4
25	48	4
26	48	4
28	48	4
29	48	4
31	48	4
32	48	4
34	48	4
35	48	4
37	48	4
39	48	4
41	48	4
43	48	4
45	48	4
47	48	4
49	48	4
51	48	4
53	48	4
56	48	4
38	27	2
34	22	2
34	20	2
33	19	2
33	18	2
34	17	2
34	17	1
35	16	1
36	15	1
37	15	1
39	15	1
67	22	2
-100	13	1
-99	18	2
-99	20	2
-96	22	2
-101	25	2
-98	27	2
-104	31	3
-104	34	3
-65	23	2
-62	24	2
-62	26	2
-63	28	2
-65	31	3
-67	34	3
-69	36	3
-71	39	3
-79	51	4
-69	47	4
-37	29	3
-35	29	3
-35	30	3
-35	32	3
-36	34	3
-36	36	3
-37	38	3
-38	41	4
-41	49	4
-39	49	4
-37	49	4
-35	49	4
-33	49	4
-31	49	4
-30	49	4
-28	49	4
-27	49	4
-25	49	4
-24	49	4
-22	48	4
-21	49	4
-20	49	4
-18	49	4
-17	48	4
-16	48	4
-14	48	4
-13	48	4
-12	48	4
-11	48	4
-10	48	4
-8	48	4
-7	48	4
-6	48	4
-5	48	4
-4	48	4
-3	48	4
-2	48	4
0	48	4
1	48	4
2	48	4
3	48	4
4	48	4
5	48	4
6	48	4
7	48	4
8	48	4
10	48	4
11	48	4
12	48	4
13	48	4
14	48	4
15	48	4
17	48	4
18	48	4
19	48	4
20	48	4
24	48	4
26	48	4
27	48	4
28	48	4
30	48	4
31	48	4
33	48	4
34	48	4
36	48	4
38	48	4
40	48	4
41	48	4
43	48	4
45	48	4
48	48	4
50	48	4
52	48	4
54	48	4
56	47	4
55	44	4
38	27	2
35	24	2
34	21	2
33	20	2
34	19	2
34	18	2
34	17	1
34	16	1
35	16	1
36	15	1
37	15	1
39	15	1
67	22	2
-100	13	1
-99	18	2
-99	20	2
-96	22	2
-101	25	2
-97	27	2
-104	31	3
-104	34	3
-65	23	2
-62	24	2
-62	26	2
-63	28	2
-65	31	3
-67	33	3
-69	36	3
-71	39	3
-79	51	4
-69	47	4
-37	29	3
-35	29	3
-35	30	3
-35	32	3
-36	34	3
-37	36	3
-37	38	3
-39	41	4
-39	43	4
-41	49	4
-39	49	4
-37	49	4
-35	49	4
-33	49	4
-31	49	4
-29	49	4
-28	49	4
-27	49	4
-25	49	4
-24	49	4
-22	49	4
-21	49	4
-19	49	4
-18	49	4
-17	48	4
-16	48	4
-14	48	4
-13	48	4
-12	48	4
-11	48	4
-10	48	4
-8	48	4
-7	48	4
-6	48	4
-5	48	4
-4	48	4
-3	48	4
-1	48	4
0	48	4
1	48	4
2	48	4
3	48	4
4	48	4
5	48	4
6	48	4
7	48	4
8	48	4
9	48	4
11	48	4
12	48	4
13	48	4
14	48	4
15	48	4
16	48	4
18	48	4
19	48	4
20	48	4
24	48	4
25	48	4
27	48	4
28	48	4
30	48	4
31	48	4
33	48	4
35	48	4
36	48	4
38	48	4
40	48	4
42	48	4
43	48	4
45	48	4
48	48	4
50	48	4
52	48	4
55	48	4
56	47	4
39	27	2
35	24	2
34	21	2
33	20	2
33	19	2
34	18	2
34	17	1
35	16	1
35	16	1
36	15	1
37	15	1
39	15	1
67	22	2
-101	13	1
-98	15	1
-96	17	1
-99	20	2
-96	22	2
-101	25	2
-102	27	2
-95	28	2
-104	33	3
-63	24	2
-62	26	2
-63	28	2
-65	30	3
-67	33	3
-68	35	3
-70	38	3
-80	51	4
-38	29	3
-36	29	3
-35	30	3
-35	31	3
-36	33	3
-37	35	3
-37	38	3
-38	41	4
-39	43	4
-42	50	4
-39	49	4
-37	49	4
-35	49	4
-34	49	4
-32	49	4
-30	49	4
-29	49	4
-27	49	4
-26	49	4
-24	49	4
-23	49	4
-21	49	4
-20	49	4
-19	49	4
-17	49	4
-16	49	4
-15	49	4
-13	49	4
-12	48	4
-11	48	4
-10	48	4
-8	48	4
-7	48	4
-6	48	4
-5	48	4
-4	48	4
-3	48	4
-2	48	4
-1	48	4
1	48	4
2	48	4
3	48	4
4	48	4
5	48	4
6	48	4
7	48	4
8	48	4
9	48	4
10	48	4
12	48	4
13	48	4
14	48	4
15	48	4
16	48	4
18	48	4
19	48	4
20	48	4
24	48	4
25	48	4
27	48	4
28	48	4
30	48	4
31	48	4
33	48	4
34	48	4
36	48	4
38	48	4
39	48	4
41	48	4
43	48	4
45	48	4
47	48	4
50	48	4
52	48	4
54	48	4
57	48	4
55	44	4
56	43	4
38	27	2
36	24	2
34	21	2
33	20	2
33	19	2
33	18	2
34	17	1
34	16	1
35	16	1
36	15	1
37	15	1
39	15	1
67	22	2
-101	13	1
-98	15	1
-95	17	1
-99	20	2
-97	22	2
-101	25	2
-101	27	2
-96	28	2
-104	33	3
-62	24	2
-62	26	2
-63	28	2
-65	30	3
-66	33	3
-68	35	3
-70	39	3
-80	51	4
-69	46	4
-37	29	3
-35	29	3
-35	30	3
-35	32	3
-36	34	3
-37	36	3
-38	38	3
-39	41	4
-40	44	4
-41	49	4
-39	49	4
-37	49	4
-35	49	4
-33	49	4
-31	49	4
-30	49	4
-28	49	4
-27	49	4
-25	49	4
-24	49	4
-22	49	4
-21	49	4
-19	49	4
-18	49	4
-17	49	4
-16	49	4
-14	49	4
-13	49	4
-12	49	4
-11	49	4
-9	48	4
-8	48	4
-7	48	4
-6	48	4
-5	48	4
-4	48	4
-3	48	4
-1	48	4
0	48	4
1	48	4
2	48	4
3	48	4
4	48	4
5	48	4
6	48	4
8	48	4
9	48	4
10	48	4
11	48	4
12	48	4
13	48	4
14	48	4
16	48	4
17	48	4
18	48	4
19	48	4
22	50	4
24	49	4
24	48	4
26	48	4
27	48	4
29	48	4
30	48	4
32	48	4
33	48	4
35	48	4
37	48	4
39	48	4
40	48	4
42	48	4
44	48	4
46	48	4
48	48	4
51	48	4
53	48	4
55	48	4
38	28	2
67	49	4
35	22	2
34	21	2
33	19	2
34	19	2
34	18	2
34	17	1
35	16	1
36	16	1
36	15	1
38	15	1
-103	9	0
-99	11	0
-97	13	0
-94	15	0
-99	18	0
-99	20	0
-95	22	0
-101	25	0
-95	26	0
-104	31	0
-99	32	0
-63	23	0
-62	24	0
-63	26	0
-64	29	0
-65	31	0
-68	34	0
-69	36	0
-71	39	0
-73	42	0
-82	50	0
-78	50	0
-74	50	0
-70	50	0
-36	28	0
-35	29	0
-35	30	0
-35	32	0
-36	34	0
-37	36	0
-38	38	0
-41	47	0
-40	49	0
-38	48	0
-36	49	0
-34	48	0
-33	48	0
-31	48	0
-30	48	0
-28	48	0
-27	48	0
-25	48	0
-23	48	0
-22	48	0
-20	48	0
-19	48	0
-18	48	0
-17	48	0
-15	48	0
-14	48	0
-13	48	0
-12	48	0
-10	47	0
-9	48	0
-8	48	0
-7	48	0
-6	47	0
-5	47	0
-4	47	0
-3	47	0
-1	47	0
0	47	0
1	47	0
2	47	0
3	47	0
4	47	0
5	47	0
6	47	0
7	47	0
9	47	0
10	47	0
11	47	0
12	47	0
13	47	0
14	47	0
15	47	0
16	47	0
18	47	0
19	47	0
20	47	0
22	49	0
24	49	0
24	47	0
25	47	0
27	47	0
28	47	0
30	47	0
31	47	0
33	47	0
34	47	0
36	47	0
38	47	0
39	47	0
41	47	0
43	47	0
45	47	0
47	47	0
49	47	0
57	48	0
55	44	0
56	42	0
38	27	0
36	23	0
34	21	0
33	20	0
33	18	0
34	17	0
34	17	0
34	16	0
35	15	0
36	15	0
37	14	0
39	14	0
67	21	0
56	16	0
-102	10	0
-99	12	0
-97	14	0
-95	16	0
-98	19	0
-96	20	0
-101	24	0
-102	26	0
-96	27	0
-105	32	0
-97	32	0
-63	23	0
-62	25	0
-63	27	0
-65	29	0
-67	32	0
-67	34	0
-70	37	0
-81	50	0
-77	50	0
-72	49	0
-69	50	0
-36	29	0
-35	29	0
-35	30	0
-36	32	0
-36	34	0
-37	37	0
-37	39	0
-39	42	0
-41	48	0
-40	49	0
-38	48	0
-36	48	0
-34	48	0
-32	48	0
-31	48	0
-29	48	0
-27	48	0
-26	48	0
-24	48	0
-23	48	0
-22	48	0
-20	48	0
-19	48	0
-18	48	0
-16	48	0
-15	48	0
-14	48	0
-12	47	0
-12	48	0
-10	47	0
-9	47	0
-8	47	0
-7	48	0
-6	48	0
-5	47	0
-3	47	0
-2	47	0
-1	47	0
0	47	0
1	47	0
2	47	0
3	47	0
4	47	0
6	47	0
7	47	0
8	47	0
9	47	0
10	47	0
11	47	0
12	47	0
13	47	0
14	47	0
16	47	0
17	47	0
18	47	0
19	47	0
16	35	0
22	47	0
24	49	0
25	47	0
26	47	0
27	47	0
29	47	0
30	47	0
32	47	0
33	47	0
35	47	0
37	47	0
38	47	0
40	47	0
42	47	0
44	47	0
46	47	0
48	47	0
50	47	0
55	48	0
65	49	0
38	26	0
35	22	0
34	20	0
33	19	0
33	18	0
34	17	0
34	17	0
34	16	0
35	15	0
36	15	0
38	14	0
40	14	0
67	21	0
54	15	0
-102	9	0
-99	11	0
-97	13	0
-97	15	0
-99	18	0
-99	20	0
-96	22	0
-102	26	0
-97	27	0
-105	32	0
-96	31	0
-63	23	0
-62	24	0
-63	26	0
-64	28	0
-66	31	0
-68	34	0
-69	36	0
-71	39	0
-82	50	0
-77	49	0
-73	50	0
-70	50	0
-36	28	0
-35	29	0
-35	30	0
-35	32	0
-36	34	0
-37	36	0
-37	38	0
-40	44	0
-40	49	0
-38	49	0
-36	49	0
-34	49	0
-33	48	0
-31	48	0
-29	48	0
-28	48	0
-26	48	0
-25	48	0
-23	48	0
-22	48	0
-20	48	0
-19	48	0
-18	48	0
-17	48	0
-15	48	0
-14	48	0
-13	48	0
-11	48	0
-10	48	0
-9	48	0
-8	48	0
-7	48	0
-6	48	0
-4	47	0
-3	47	0
-2	47	0
-1	47	0
0	47	0
1	47	0
2	47	0
3	47	0
4	47	0
5	47	0
7	47	0
8	47	0
9	47	0
10	47	0
11	47	0
12	47	0
13	47	0
15	47	0
16	47	0
17	47	0
18	47	0
19	47	0
22	47	0
24	49	0
25	47	0
26	47	0
27	47	0
29	47	0
30	47	0
32	47	0
33	47	0
35	47	0
37	47	0
38	47	0
40	47	0
42	47	0
44	47	0
46	47	0
48	47	0
50	47	0
55	48	0
56	46	0
65	50	0
38	26	0
35	22	0
34	20	0
33	19	0
33	18	0
34	17	0
34	16	0
34	16	0
35	15	0
36	14	0
38	14	0
55	17	0
54	15	0
-100	11	0
-97	13	0
-99	15	0
-99	18	0
-99	20	0
-97	22	0
-101	25	0
-97	26	0
-104	31	0
-104	33	0
-64	23	0
-62	24	0
-63	26	0
-64	28	0
-66	31	0
-68	33	0
-69	36	0
-71	39	0
-79	50	0
-75	50	0
-70	50	0
-36	28	0
-35	29	0
-35	30	0
-35	31	0
-36	33	0
-37	36	0
-41	49	0
-39	49	0
-37	49	0
-35	49	0
-33	49	0
-31	48	0
-30	48	0
-28	48	0
-27	48	0
-25	48	0
-24	48	0
-22	48	0
-21	48	0
-19	48	0
-18	48	0
-17	48	0
-16	48	0
-14	48	0
-13	48	0
-12	48	0
-10	48	0
-9	48	0
-8	48	0
-7	47	0
-6	47	0
-5	47	0
-4	47	0
-3	47	0
-1	47	0
0	47	0
1	47	0
2	47	0
3	47	0
4	47	0
5	47	0
6	47	0
7	47	0
8	47	0
10	47	0
11	47	0
12	47	0
13	47	0
14	47	0
15	47	0
17	47	0
18	47	0
19	47	0
22	49	0
24	49	0
24	47	0
25	47	0
27	47	0
28	47	0
30	47	0
31	47	0
33	47	0
34	47	0
36	47	0
38	47	0
40	47	0
41	47	0
43	47	0
45	47	0
48	47	0
50	47	0
56	49	0
56	46	0
56	44	0
57	43	0
39	27	0
36	23	0
34	21	0
33	19	0
33	18	0
34	17	0
34	17	0
34	16	0
35	15	0
36	15	0
37	15	0
39	14	0
67	21	0
56	16	0
-101	10	0
-99	12	0
-97	14	0
-98	16	0
-98	19	0
-95	20	0
-101	24	0
-102	26	0
-96	27	0
-105	32	0
-62	23	0
-62	25	0
-62	27	0
-65	29	0
-65	31	0
-68	34	0
-70	37	0
-81	50	0
-77	50	0
-73	50	0
-37	29	0
-36	29	0
-35	29	0
-35	31	0
-36	32	0
-36	35	0
-38	37	0
-40	43	0
-42	49	0
-40	49	0
-38	49	0
-36	49	0
-34	49	0
-32	48	0
-31	48	0
-29	48	0
-27	48	0
-26	48	0
-24	48	0
-23	48	0
-21	48	0
-20	48	0
-19	48	0
-17	48	0
-16	48	0
-15	48	0
-13	48	0
-12	48	0
-11	48	0
-10	48	0
-9	48	0
-7	48	0
-6	47	0
-5	48	0
-4	47	0
-3	47	0
-2	47	0
-1	47	0
0	47	0
2	47	0
3	47	0
4	47	0
5	47	0
6	47	0
7	47	0
8	47	0
9	47	0
10	47	0
11	47	0
13	47	0
14	47	0
15	47	0
16	47	0
17	47	0
18	47	0
20	47	0
24	47	0
25	47	0
27	47	0
28	47	0
29	47	0
31	47	0
32	47	0
34	47	0
36	47	0
37	47	0
39	47	0
41	47	0
43	47	0
45	47	0
47	47	0
49	47	0
46	42	0
57	48	0
36	24	0
34	21	0
34	20	0
33	19	0
33	18	0
34	17	0
34	16	0
35	16	0
36	15	0
37	14	0
39	14	0
67	22	0
56	16	0
-101	10	0
-98	12	0
-97	14	0
-97	17	0
-99	19	0
-96	21	0
-101	24	0
-103	27	0
-105	33	0
-62	24	0
-63	25	0
-63	27	0
-65	30	0
-66	32	0
-69	35	0
-70	38	0
-80	50	0
-76	50	0
-72	50	0
-37	29	0
-35	29	0
-35	29	0
-35	31	0
-36	33	0
-37	35	0
-37	37	0
-40	43	0
-42	49	0
-37	49	0
-35	49	0
-34	49	0
-32	49	0
-30	49	0
-29	48	0
-27	48	0
-25	48	0
-24	48	0
-22	48	0
-21	48	0
-20	48	0
-18	48	0
-17	48	0
-16	48	0
-14	48	0
-13	48	0
-12	48	0
-11	48	0
-9	48	0
-8	48	0
-7	48	0
-6	48	0
-5	47	0
-4	48	0
-3	47	0
-1	47	0
0	47	0
1	47	0
2	47	0
3	47	0
4	47	0
5	47	0
6	47	0
7	47	0
8	47	0
10	47	0
11	47	0
12	47	0
13	47	0
14	47	0
15	47	0
17	47	0
18	47	0
19	47	0
20	47	0
22	49	0
23	49	0
24	47	0
25	47	0
27	47	0
28	47	0
30	47	0
31	47	0
33	47	0
35	47	0
36	47	0
38	47	0
40	47	0
42	47	0
44	47	0
46	48	0
48	47	0
50	48	0
56	49	0
57	48	0
55	44	0
38	27	0
36	23	0
34	21	0
34	19	0
33	18	0
34	17	0
34	16	0
34	16	0
35	15	0
36	15	0
37	14	0
39	14	0
67	21	0
56	16	0
-102	9	0
-100	11	0
-97	13	0
-96	15	0
-99	18	0
-99	20	0
-97	22	0
-102	26	0
-97	27	0
-105	31	0
-98	32	0
-64	23	0
-62	24	0
-63	26	0
-64	28	0
-65	31	0
-68	34	0
-70	37	0
-71	39	0
-82	50	0
-77	50	0
-73	50	0
-70	50	0
-36	29	0
-35	29	0
-35	30	0
-36	32	0
-36	34	0
-37	36	0
-37	39	0
-40	45	0
-40	47	0
-40	49	0
-38	49	0
-36	49	0
-34	49	0
-32	48	0
-31	48	0
-29	48	0
-28	48	0
-26	48	0
-24	48	0
-23	48	0
-22	48	0
-20	48	0
-19	48	0
-18	48	0
-16	48	0
-15	48	0
-14	48	0
-12	48	0
-11	48	0
-10	48	0
-9	48	0
-8	48	0
-6	47	0
-5	47	0
-4	48	0
-3	47	0
-2	47	0
-1	47	0
0	47	0
2	47	0
3	47	0
4	47	0
5	47	0
6	47	0
7	47	0
8	47	0
9	47	0
10	47	0
11	47	0
13	47	0
14	47	0
15	47	0
16	47	0
17	47	0
19	47	0
20	47	0
16	34	0
25	47	0
27	47	0
28	47	0
29	47	0
31	47	0
32	47	0
34	47	0
36	47	0
37	47	0
39	47	0
41	48	0
43	47	0
45	47	0
47	48	0
49	48	0
46	42	0
57	48	0
64	48	0
36	24	0
34	21	0
33	20	0
33	19	0
33	18	0
34	17	0
34	16	0
35	16	0
36	15	0
37	14	0
39	14	0
67	22	0
56	16	0
-102	9	0
-99	11	0
-97	13	0
-96	15	0
-99	18	0
-99	21	0
-99	23	0
-102	26	0
-96	27	0
-105	32	0
-97	32	0
-63	23	0
-62	25	0
-63	26	0
-64	28	0
-66	32	0
-68	34	0
-70	37	0
-82	50	0
-77	50	0
-73	50	0
-69	50	0
-37	29	0
-35	29	0
-35	30	0
-36	32	0
-36	34	0
-37	37	0
-39	42	0
-40	45	0
-42	49	0
-40	49	0
-38	49	0
-36	49	0
-34	48	0
-32	49	0
-31	48	0
-29	48	0
-27	48	0
-26	48	0
-24	48	0
-23	48	0
-21	48	0
-20	48	0
-19	48	0
-17	48	0
-16	48	0
-15	48	0
-13	48	0
-12	48	0
-11	48	0
-10	48	0
-9	48	0
-7	48	0
-6	47	0
-5	48	0
-4	47	0
-3	47	0
-2	47	0
-1	47	0
1	47	0
2	47	0
3	47	0
4	47	0
5	47	0
6	47	0
7	47	0
8	47	0
9	47	0
11	47	0
12	47	0
13	47	0
14	47	0
15	47	0
16	47	0
18	47	0
19	47	0
20	47	0
24	47	0
25	47	0
27	47	0
28	47	0
30	47	0
31	47	0
33	47	0
35	47	0
36	47	0
38	47	0
40	47	0
41	47	0
43	47	0
45	47	0
47	47	0
50	47	0
55	49	0
56	47	0
56	45	0
56	42	0
38	27	0
35	23	0
34	21	0
33	20	0
33	18	0
34	17	0
34	17	0
34	16	0
35	15	0
36	15	0
37	14	0
39	14	0
67	21	0
57	16	0
-99	9	-1
-97	11	-1
-98	13	-1
-96	15	-1
-100	18	-2
-100	20	-2
-103	25	-2
-106	31	-3
-64	23	-2
-62	24	-2
-64	26	-2
-64	28	-3
-66	30	-3
-66	32	-3
-70	36	-3
-72	39	-3
-74	42	-4
-83	49	-4
-79	49	-4
-75	49	-4
-71	49	-4
-37	28	-3
-36	29	-3
-35	29	-3
-35	31	-3
-37	33	-3
-37	35	-3
-38	37	-3
-39	40	-4
-39	43	-4
-41	48	-4
-37	48	-4
-35	48	-4
-33	48	-4
-31	48	-4
-30	48	-4
-28	48	-4
-27	48	-4
-25	48	-4
-19	39	-4
-17	37	-3
-16	38	-3
-17	47	-4
-15	47	-4
-14	47	-4
-13	47	-4
-12	47	-4
-11	47	-4
-10	47	-4
-8	47	-4
-7	47	-4
-6	47	-4
-5	47	-4
-4	47	-4
-2	47	-4
-2	47	-4
0	47	-4
1	47	-4
2	46	-4
3	46	-4
4	46	-4
5	46	-4
6	47	-4
8	47	-4
9	47	-4
10	46	-4
11	47	-4
12	46	-4
13	47	-4
14	45	-4
15	46	-4
17	47	-4
18	47	-4
19	47	-4
16	35	-3
24	47	-4
26	47	-4
27	46	-4
29	46	-4
30	47	-4
32	47	-4
33	47	-4
35	47	-4
37	47	-4
38	47	-4
40	47	-4
42	47	-4
44	47	-4
44	45	-4
43	41	-4
42	39	-3
45	39	-4
44	37	-3
66	47	-4
36	23	-2
34	21	-2
34	19	-2
33	18	-2
34	17	-2
34	16	-1
34	16	-1
35	15	-1
36	14	-1
37	14	-1
39	14	-1
67	21	-2
55	15	-1
-99	9	-1
-97	11	-1
-98	13	-1
-97	15	-1
-99	18	-2
-100	20	-2
-103	26	-2
-96	26	-2
-106	31	-3
-63	23	-2
-63	24	-2
-64	26	-2
-65	28	-3
-67	31	-3
-70	36	-3
-72	39	-4
-83	49	-4
-78	49	-4
-74	49	-4
-70	49	-4
-36	28	-3
-35	29	-3
-35	30	-3
-35	31	-3
-37	34	-3
-37	35	-3
-38	38	-3
-39	41	-4
-40	43	-4
-41	47	-4
-38	48	-4
-37	48	-4
-35	48	-4
-33	48	-4
-31	48	-4
-30	48	-4
-28	48	-4
-27	48	-4
-25	48	-4
-18	38	-3
-17	37	-3
-16	38	-3
-16	47	-4
-15	47	-4
-14	47	-4
-13	47	-4
-12	47	-4
-10	47	-4
-9	47	-4
-8	47	-4
-7	47	-4
-6	47	-4
-4	47	-4
-3	47	-4
-2	47	-4
-1	47	-4
0	47	-4
1	47	-4
2	46	-4
3	46	-4
4	47	-4
5	46	-4
7	46	-4
8	46	-4
9	47	-4
10	46	-4
11	47	-4
12	47	-4
14	47	-4
14	44	-4
16	46	-4
17	47	-4
18	47	-4
19	47	-4
16	35	-3
25	46	-4
26	47	-4
27	46	-4
29	46	-4
31	47	-4
32	47	-4
33	47	-4
35	47	-4
37	47	-4
38	46	-4
40	47	-4
42	47	-4
44	47	-4
44	44	-4
42	41	-4
42	38	-3
45	39	-4
44	37	-3
66	47	-4
35	22	-2
34	20	-2
34	19	-2
33	18	-2
33	17	-2
34	16	-1
35	15	-1
35	15	-1
36	14	-1
37	14	-1
39	14	-1
68	21	-2
55	15	-1
-99	9	-1
-97	11	-1
-97	13	-1
-97	15	-1
-99	18	-2
-100	20	-2
-102	25	-2
-97	26	-2
-106	31	-3
-99	32	-3
-63	23	-2
-62	24	-2
-62	26	-2
-67	31	-3
-68	33	-3
-70	36	-3
-71	39	-3
-83	49	-4
-79	49	-4
-74	49	-4
-70	49	-4
-37	28	-3
-35	29	-3
-35	29	-3
-35	31	-3
-37	34	-3
-36	35	-3
-38	38	-3
-40	43	-4
-40	46	-4
-38	48	-4
-37	48	-4
-35	48	-4
-33	48	-4
-31	48	-4
-30	48	-4
-28	48	-4
-27	48	-4
-25	48	-4
-18	38	-3
-17	37	-3
-16	38	-3
-17	47	-4
-15	47	-4
-14	47	-4
-13	47	-4
-12	47	-4
-10	47	-4
-9	47	-4
-8	47	-4
-7	47	-4
-6	47	-4
-5	47	-4
-3	47	-4
-2	47	-4
-1	47	-4
0	47	-4
1	47	-4
2	46	-4
3	46	-4
4	46	-4
5	46	-4
6	46	-4
7	46	-4
9	46	-4
10	46	-4
11	46	-4
12	46	-4
13	47	-4
14	46	-4
16	46	-4
17	47	-4
18	47	-4
20	47	-4
16	35	-3
24	46	-4
26	46	-4
27	46	-4
29	46	-4
30	46	-4
32	47	-4
33	46	-4
35	47	-4
37	47	-4
38	46	-4
40	47	-4
42	47	-4
44	47	-4
44	44	-4
42	41	-4
42	39	-3
45	39	-4
44	37	-3
66	47	-4
35	22	-2
34	20	-2
34	19	-2
33	18	-2
34	17	-2
34	16	-1
34	15	-1
35	15	-1
36	14	-1
37	14	-1
39	14	-1
67	21	-2
56	15	-1
-99	9	-1
-97	11	-1
-97	13	-1
-98	15	-1
-99	18	-2
-100	20	-2
-99	22	-2
-102	25	-2
-97	26	-2
-106	31	-3
-98	31	-3
-63	23	-2
-62	24	-2
-62	25	-2
-67	31	-3
-68	33	-3
-70	36	-3
-72	38	-3
-79	49	-4
-75	49	-4
-71	49	-4
-37	28	-3
-35	28	-3
-35	29	-3
-35	31	-3
-36	33	-3
-37	35	-3
-37	37	-3
-39	40	-4
-39	43	-4
-41	46	-4
-41	48	-4
-37	48	-4
-35	48	-4
-33	48	-4
-31	48	-4
-30	48	-4
-28	48	-4
-27	48	-4
-25	48	-4
-19	39	-4
-17	37	-3
-16	38	-3
-17	47	-4
-16	47	-4
-14	47	-4
-13	47	-4
-12	47	-4
-11	47	-4
-9	47	-4
-8	47	-4
-7	47	-4
-6	47	-4
-5	47	-4
-4	47	-4
-2	47	-4
-1	47	-4
0	46	-4
1	47	-4
2	46	-4
3	46	-4
4	46	-4
5	46	-4
6	46	-4
7	46	-4
8	46	-4
10	46	-4
11	46	-4
12	46	-4
13	47	-4
14	46	-4
15	46	-4
17	47	-4
18	47	-4
19	47	-4
16	35	-3
24	46	-4
26	46	-4
27	46	-4
28	46	-4
30	46	-4
32	46	-4
33	46	-4
35	46	-4
36	47	-4
38	47	-4
40	46	-4
42	46	-4
44	47	-4
44	45	-4
43	41	-4
42	39	-3
45	39	-4
44	37	-3
65	47	-4
36	23	-2
34	21	-2
34	19	-2
33	18	-2
33	17	-2
34	16	-1
34	16	-1
35	15	-1
36	14	-1
37	14	-1
39	14	-1
67	21	-2
56	15	-1
-102	7	-1
-99	9	-1
-97	11	-1
-97	13	-1
-97	16	-1
-99	18	-2
-100	20	-2
-102	26	-2
-95	26	-2
-106	31	-3
-63	23	-2
-62	24	-2
-63	26	-2
-65	28	-3
-66	31	-3
-70	36	-3
-82	49	-4
-78	49	-4
-73	49	-4
-70	49	-4
-36	28	-3
-35	28	-3
-35	30	-3
-35	31	-3
-36	34	-3
-36	35	-3
-38	38	-3
-38	40	-4
-39	43	-4
-38	48	-4
-36	48	-4
-35	48	-4
-33	48	-4
-31	47	-4
-29	47	-4
-28	47	-4
-26	47	-4
-25	47	-4
-18	38	-3
-17	37	-3
-16	38	-3
-17	47	-4
-15	47	-4
-14	47	-4
-13	47	-4
-12	47	-4
-10	47	-4
-9	47	-4
-8	47	-4
-7	47	-4
-6	47	-4
-5	47	-4
-3	47	-4
-2	47	-4
-1	47	-4
0	46	-4
1	47	-4
2	46	-4
3	46	-4
4	46	-4
5	47	-4
6	46	-4
8	46	-4
9	46	-4
10	46	-4
11	46	-4
12	46	-4
13	47	-4
14	46	-4
15	46	-4
17	47	-4
18	47	-4
19	47	-4
16	35	-3
24	46	-4
26	46	-4
27	46	-4
29	46	-4
30	46	-4
32	46	-4
33	46	-4
35	46	-4
36	46	-4
38	46	-4
40	46	-4
42	46	-4
44	46	-4
44	44	-4
43	41	-4
42	38	-3
44	39	-4
44	37	-3
65	47	-4
36	23	-2
34	20	-2
34	19	-2
33	18	-2
34	17	-2
34	16	-1
34	16	-1
35	15	-1
36	14	-1
37	14	-1
39	14	-1
67	21	-2
56	16	-1
-99	9	-1
-97	11	-1
-97	13	-1
-97	15	-1
-99	18	-2
-100	20	-2
-99	22	-2
-102	25	-2
-95	26	-2
-106	31	-3
-96	31	-3
-63	23	-2
-62	24	-2
-62	26	-2
-65	28	-3
-66	31	-3
-68	33	-3
-70	36	-3
-71	39	-3
-83	49	-4
-78	49	-4
-74	49	-4
-70	49	-4
-36	28	-3
-36	29	-3
-35	30	-3
-35	31	-3
-37	34	-3
-36	35	-3
-38	38	-3
-40	43	-4
-38	48	-4
-37	48	-4
-35	48	-4
-33	48	-4
-31	48	-4
-29	48	-4
-28	48	-4
-27	48	-4
-25	47	-4
-18	38	-3
-17	37	-3
-16	38	-3
-17	47	-4
-15	47	-4
-14	47	-4
-13	47	-4
-12	47	-4
-10	47	-4
-9	47	-4
-8	47	-4
-7	47	-4
-6	47	-4
-5	47	-4
-3	47	-4
-2	47	-4
-1	47	-4
0	47	-4
1	47	-4
2	46	-4
3	46	-4
4	47	-4
5	47	-4
7	46	-4
8	46	-4
9	46	-4
10	46	-4
11	46	-4
12	46	-4
13	47	-4
14	46	-4
16	46	-4
17	47	-4
18	47	-4
20	47	-4
16	35	-3
24	46	-4
26	46	-4
27	46	-4
29	46	-4
30	46	-4
32	46	-4
33	46	-4
35	46	-4
37	46	-4
38	47	-4
40	47	-4
42	47	-4
44	46	-4
44	44	-4
42	41	-4
42	38	-3
44	39	-4
44	37	-3
66	46	-4
35	22	-2
34	20	-2
34	19	-2
33	18	-2
33	17	-2
34	16	-1
34	15	-1
35	15	-1
36	14	-1
37	14	-1
39	14	-1
67	21	-2
56	15	-1
67	16	-1
-101	8	-1
-98	10	-1
-97	12	-1
-97	14	-1
-97	16	-1
-99	19	-2
-97	21	-2
-102	24	-2
-103	27	-2
-96	27	-2
-106	32	-3
-62	23	-2
-62	25	-2
-63	27	-2
-66	29	-3
-67	32	-3
-67	34	-3
-71	37	-3
-80	49	-4
-76	49	-4
-72	49	-4
-38	28	-3
-35	28	-3
-35	29	-3
-35	30	-3
-36	32	-3
-36	34	-3
-37	36	-3
-38	39	-3
-40	42	-4
-40	44	-4
-42	48	-4
-39	48	-4
-38	48	-4
-36	48	-4
-34	48	-4
-32	48	-4
-30	48	-4
-29	48	-4
-27	48	-4
-26	47	-4
-24	47	-4
-17	37	-3
-16	38	-3
-16	38	-3
-16	47	-4
-15	47	-4
-13	47	-4
-12	47	-4
-11	47	-4
-10	47	-4
-9	47	-4
-7	47	-4
-6	47	-4
-5	47	-4
-4	47	-4
-3	47	-4
-2	47	-4
-1	47	-4
0	46	-4
2	47	-4
3	46	-4
4	47	-4
5	46	-4
6	46	-4
7	46	-4
8	46	-4
9	46	-4
10	46	-4
12	46	-4
13	46	-4
14	47	-4
15	45	-4
16	47	-4
18	47	-4
19	47	-4
16	37	-3
16	33	-3
25	46	-4
27	46	-4
28	46	-4
29	46	-4
31	46	-4
33	46	-4
34	46	-4
36	46	-4
37	46	-4
39	47	-4
41	46	-4
43	46	-4
45	46	-4
43	42	-4
42	39	-4
43	38	-3
44	38	-3
44	36	-3
38	25	-2
34	21	-2
34	20	-2
34	18	-2
33	17	-2
34	16	-1
34	16	-1
35	15	-1
36	15	-1
37	14	-1
38	14	-1
56	16	-1
-101	7	-1
-99	9	-1
-97	11	-1
-97	13	-1
-97	15	-1
-99	18	-2
-99	20	-2
-96	22	-2
-103	26	-2
-97	26	-2
-106	31	-3
-97	31	-3
-63	23	-2
-62	24	-2
-63	26	-2
-65	29	-3
-67	31	-3
-67	33	-3
-70	36	-3
-82	49	-4
-77	49	-4
-73	49	-4
-70	49	-4
-36	28	-3
-35	29	-3
-35	30	-3
-35	31	-3
-36	34	-3
-37	36	-3
-38	38	-3
-39	41	-4
-40	43	-4
-38	48	-4
-36	48	-4
-34	48	-4
-33	48	-4
-31	48	-4
-29	48	-4
-28	47	-4
-26	48	-4
-25	47	-4
-18	38	-3
-16	37	-3
-16	38	-3
-16	47	-4
-15	47	-4
-14	47	-4
-12	47	-4
-11	47	-4
-10	47	-4
-9	47	-4
-8	47	-4
-6	47	-4
-5	47	-4
-4	47	-4
-3	47	-4
-2	47	-4
-1	47	-4
0	46	-4
1	47	-4
2	46	-4
4	47	-4
5	47	-4
6	47	-4
7	46	-4
8	47	-4
9	46	-4
10	46	-4
12	46	-4
13	47	-4
14	47	-4
15	46	-4
16	47	-4
18	47	-4
19	47	-4
16	37	-3
16	34	-3
25	46	-4
27	46	-4
28	46	-4
29	46	-4
31	46	-4
33	46	-4
34	46	-4
36	46	-4
37	46	-4
39	47	-4
41	47	-4
43	47	-4
45	47	-4
43	42	-4
42	39	-4
43	38	-3
45	38	-3
44	36	-3
36	23	-2
34	21	-2
34	20	-2
34	18	-2
34	17	-2
34	16	-1
34	16	-1
35	15	-1
36	15	-1
37	14	-1
39	14	-1
67	21	-2
56	16	-1
-99	5	-1
-97	7	-1
-97	9	-2
-98	12	-2
-98	14	-3
-99	16	-3
-100	19	-3
-95	20	-4
-94	22	-4
-104	26	-5
-107	32	-6
-63	23	-4
-62	24	-4
-65	26	-5
-67	29	-5
-68	31	-6
-87	49	-9
-82	49	-9
-78	48	-9
-74	48	-9
-70	49	-9
-36	28	-5
-35	28	-5
-35	29	-5
-36	31	-6
-36	33	-6
-38	38	-7
-38	40	-7
-40	43	-8
-40	46	-8
-38	47	-9
-36	47	-9
-35	47	-9
-33	47	-9
-31	47	-9
-29	47	-9
-28	47	-9
-26	47	-9
-25	47	-9
-18	38	-7
-16	37	-7
-16	38	-7
-16	47	-9
-15	47	-9
-14	46	-9
-13	46	-9
-11	46	-9
-10	46	-9
-9	46	-9
-8	46	-9
-7	46	-9
-5	46	-9
-4	46	-9
-3	46	-9
-2	46	-9
-1	46	-9
0	46	-8
1	46	-8
3	46	-9
4	46	-9
5	46	-8
6	46	-8
7	46	-9
8	46	-9
9	46	-8
10	46	-8
12	46	-8
13	47	-9
14	47	-9
15	46	-8
16	45	-8
17	45	-8
18	45	-8
16	34	-6
25	46	-8
27	46	-8
28	46	-8
30	46	-9
31	46	-9
33	46	-8
34	46	-8
36	46	-8
37	46	-8
39	46	-8
41	46	-9
43	46	-9
45	46	-9
43	40	-7
43	37	-7
43	36	-7
44	35	-6
34	21	-4
34	19	-4
33	18	-3
33	17	-3
34	16	-3
34	16	-3
35	15	-3
35	14	-3
36	14	-3
38	14	-3
40	13	-2
54	14	-3
67	14	-3
-99	6	-1
-97	8	-1
-97	10	-2
-98	12	-2
-99	14	-3
-99	19	-3
-94	22	-4
-104	26	-5
-108	32	-6
-66	22	-4
-63	23	-4
-63	25	-5
-64	27	-5
-66	29	-5
-68	31	-6
-86	49	-9
-82	49	-9
-77	48	-9
-73	48	-9
-37	27	-5
-36	28	-5
-35	28	-5
-35	30	-5
-36	31	-6
-37	34	-6
-37	35	-7
-38	40	-7
-40	43	-8
-41	46	-9
-38	47	-9
-36	47	-9
-34	47	-9
-33	47	-9
-31	47	-9
-29	47	-9
-28	47	-9
-26	47	-9
-25	47	-9
-18	37	-7
-16	37	-7
-16	38	-7
-16	47	-9
-15	47	-9
-14	46	-9
-12	46	-9
-11	46	-9
-10	46	-9
-9	46	-9
-8	46	-9
-6	46	-9
-5	46	-9
-4	46	-9
-3	46	-9
-2	46	-9
-1	46	-9
0	46	-8
1	46	-8
3	46	-9
4	46	-9
5	46	-8
6	46	-8
7	46	-9
8	46	-9
9	46	-9
10	46	-8
12	46	-8
13	47	-9
14	47	-9
15	46	-8
16	46	-8
18	46	-9
19	45	-8
16	35	-6
25	46	-8
27	46	-8
28	46	-8
30	46	-9
31	46	-9
33	46	-9
34	46	-8
36	46	-8
38	46	-8
40	46	-9
42	46	-9
44	46	-9
45	46	-9
43	40	-7
43	37	-7
43	36	-7
44	35	-6
36	23	-4
34	21	-4
34	19	-4
33	18	-3
33	17	-3
34	16	-3
34	16	-3
35	15	-3
36	14	-3
36	14	-3
38	14	-3
55	16	-3
67	15	-3
67	13	-2
-98	6	-1
-97	8	-2
-97	10	-2
-98	12	-2
-94	14	-3
-100	17	-3
-96	19	-3
-93	22	-4
-98	26	-5
-107	30	-6
-108	33	-6
-63	22	-4
-62	23	-4
-63	25	-5
-64	27	-5
-66	29	-5
-68	32	-6
-85	49	-9
-80	48	-9
-76	49	-9
-72	48	-9
-37	27	-5
-35	28	-5
-34	28	-5
-35	30	-6
-36	32	-6
-36	34	-6
-39	39	-7
-39	41	-8
-40	44	-8
-42	48	-9
-37	47	-9
-36	47	-9
-34	47	-9
-32	47	-9
-30	47	-9
-29	47	-9
-27	47	-9
-26	47	-9
-24	47	-9
-17	37	-7
-16	37	-7
-17	47	-9
-16	46	-9
-15	47	-9
-13	46	-9
-12	46	-9
-11	46	-9
-10	46	-9
-9	46	-9
-7	46	-9
-6	46	-9
-5	46	-8
-4	46	-8
-3	46	-9
-2	46	-8
0	46	-8
1	46	-8
2	46	-8
3	46	-8
4	46	-8
5	46	-8
6	46	-8
7	46	-8
9	46	-8
10	46	-8
11	46	-8
12	46	-8
14	48	-9
14	46	-8
16	46	-8
17	46	-8
18	46	-8
19	45	-8
16	34	-6
25	46	-8
26	46	-8
27	46	-8
29	46	-8
30	46	-8
32	46	-8
33	46	-8
35	46	-8
37	46	-8
38	46	-8
40	46	-8
42	46	-8
44	46	-9
46	46	-9
44	42	-8
43	39	-7
42	36	-7
43	36	-7
66	46	-8
35	22	-4
34	20	-4
34	19	-3
33	18	-3
33	17	-3
34	16	-3
34	15	-3
35	15	-3
36	14	-3
37	14	-3
38	14	-3
67	21	-4
56	15	-3
68	16	-3
67	14	-3
67	13	-2
-101	4	-1
-98	6	-1
-96	9	-2
-97	11	-2
-98	13	-2
-97	15	-3
-100	17	-3
-96	19	-4
-96	21	-4
-94	23	-4
-96	25	-5
-107	31	-6
-63	22	-4
-62	23	-4
-63	25	-5
-67	30	-6
-84	49	-9
-80	49	-9
-75	48	-9
-71	48	-9
-37	27	-5
-35	28	-5
-34	28	-5
-35	30	-6
-36	32	-6
-36	34	-6
-39	39	-7
-39	42	-8
-41	45	-8
-42	48	-9
-39	47	-9
-37	47	-9
-35	47	-9
-33	47	-9
-32	47	-9
-30	47	-9
-28	47	-9
-27	47	-9
-25	47	-9
-19	38	-7
-17	37	-7
-16	37	-7
-17	47	-9
-16	46	-9
-14	46	-9
-13	46	-9
-12	46	-9
-11	46	-9
-9	46	-9
-8	46	-9
-7	46	-9
-6	46	-9
-5	46	-8
-4	46	-8
-3	46	-9
-1	46	-8
0	46	-8
1	46	-8
2	46	-8
3	46	-8
4	46	-8
5	46	-8
7	46	-8
8	46	-8
9	46	-8
10	46	-8
11	46	-8
12	46	-8
14	47	-9
15	46	-9
16	45	-8
17	46	-9
18	45	-8
19	45	-8
16	34	-6
25	46	-8
26	46	-8
27	46	-8
29	46	-8
31	46	-8
32	46	-8
34	46	-8
35	46	-8
37	46	-8
38	46	-8
41	46	-8
42	46	-8
44	46	-8
44	42	-8
43	38	-7
42	36	-7
44	36	-7
66	46	-9
35	22	-4
34	20	-4
33	18	-3
33	17	-3
33	17	-3
34	16	-3
34	15	-3
35	14	-3
36	14	-3
37	14	-3
39	14	-3
67	20	-4
56	15	-3
67	15	-3
67	14	-3
68	13	-2
-101	5	-1
-98	7	-1
-96	8	-2
-97	11	-2
-97	13	-2
-98	15	-3
-100	18	-3
-96	19	-4
-97	22	-4
-94	23	-4
-94	25	-5
-107	31	-6
-63	22	-4
-62	23	-4
-62	25	-5
-65	28	-5
-66	30	-6
-83	48	-9
-79	48	-9
-75	48	-9
-71	48	-9
-36	27	-5
-35	28	-5
-35	29	-5
-35	30	-6
-36	32	-6
-36	34	-6
-39	39	-7
-39	41	-8
-41	45	-8
-41	48	-9
-39	47	-9
-37	47	-9
-35	47	-9
-33	47	-9
-31	47	-9
-30	47	-9
-28	47	-9
-27	47	-9
-25	47	-9
-19	38	-7
-17	37	-7
-16	37	-7
-17	47	-9
-15	46	-9
-14	46	-9
-13	46	-9
-12	46	-9
-10	46	-9
-9	46	-9
-8	46	-9
-7	46	-9
-6	46	-9
-5	46	-9
-4	46	-9
-2	46	-8
-1	46	-8
0	46	-8
1	46	-8
2	46	-8
3	46	-8
4	46	-8
5	46	-8
7	46	-8
8	46	-8
9	46	-8
10	46	-8
11	46	-8
12	46	-8
14	47	-9
15	46	-9
16	45	-8
17	46	-8
18	45	-8
19	45	-8
24	46	-9
25	46	-8
26	46	-8
28	46	-8
29	45	-8
31	46	-8
32	46	-8
34	46	-8
35	46	-8
37	46	-8
39	45	-8
41	45	-8
43	46	-8
44	46	-8
43	40	-7
43	38	-7
42	36	-7
43	35	-6
66	46	-8
35	21	-4
34	20	-4
33	18	-3
33	17	-3
34	16	-3
34	16	-3
34	15	-3
35	14	-3
36	14	-3
37	14	-3
39	13	-2
67	20	-4
56	15	-3
67	15	-3
67	14	-3
-99	6	-1
-96	8	-1
-97	10	-2
-97	12	-2
-98	14	-3
-98	16	-3
-97	18	-3
-95	20	-4
-94	22	-4
-103	26	-5
-107	32	-6
-67	23	-4
-62	23	-4
-63	25	-5
-65	27	-5
-65	29	-5
-68	32	-6
-69	34	-6
-85	49	-9
-80	48	-9
-76	48	-9
-73	48	-9
-37	27	-5
-36	27	-5
-35	28	-5
-35	30	-5
-36	32	-6
-36	34	-6
-37	36	-7
-38	38	-7
-39	40	-7
-40	43	-8
-41	47	-9
-40	47	-9
-38	47	-9
-36	47	-9
-34	47	-9
-32	47	-9
-30	47	-9
-29	47	-9
-27	47	-9
-26	47	-9
-24	47	-9
-17	37	-7
-16	37	-7
-17	47	-9
-16	47	-9
-15	46	-9
-13	46	-9
-12	46	-9
-11	46	-9
-10	46	-9
-8	46	-9
-7	46	-9
-6	46	-9
-5	46	-9
-4	46	-9
-3	46	-9
-2	46	-8
-1	46	-8
1	46	-8
2	46	-8
3	46	-8
4	46	-8
5	46	-8
6	46	-8
7	46	-8
8	46	-8
10	46	-8
11	46	-8
12	46	-8
14	48	-9
14	46	-9
15	45	-8
17	46	-8
18	45	-8
19	45	-8
16	34	-6
24	46	-8
26	46	-8
27	46	-8
29	46	-8
30	46	-8
32	46	-8
34	46	-8
35	46	-8
37	46	-8
38	46	-8
40	46	-8
42	46	-8
44	46	-8
43	43	-8
44	42	-8
43	39	-7
42	36	-7
44	36	-7
66	46	-8
35	22	-4
34	20	-4
34	19	-3
33	17	-3
34	17	-3
34	16	-3
34	15	-3
35	15	-3
36	14	-3
37	14	-3
39	14	-3
67	20	-4
56	15	-3
66	15	-3
67	14	-3
67	12	-2
-99	6	-1
-97	8	-1
-97	10	-2
-97	12	-2
-98	14	-3
-98	16	-3
-98	19	-3
-94	22	-4
-102	26	-5
-107	32	-6
-63	21	-4
-62	23	-4
-63	24	-5
-65	27	-5
-66	29	-5
-67	31	-6
-68	33	-6
-85	49	-9
-80	48	-9
-76	48	-9
-72	48	-9
-37	28	-5
-35	28	-5
-35	28	-5
-35	30	-5
-36	32	-6
-36	33	-6
-39	39	-7
-39	41	-8
-40	43	-8
-42	48	-9
-39	47	-9
-37	47	-9
-36	47	-9
-34	47	-9
-32	47	-9
-30	47	-9
-29	47	-9
-27	47	-9
-25	47	-9
-24	47	-9
-17	37	-7
-16	37	-7
-17	46	-9
-16	46	-9
-14	46	-9
-13	46	-9
-12	46	-9
-11	46	-9
-10	46	-9
-8	46	-9
-7	46	-9
-6	46	-9
-5	46	-9
-4	46	-9
-2	46	-9
-1	46	-8
0	46	-8
1	46	-8
2	46	-8
3	46	-8
4	46	-8
5	46	-8
6	46	-8
8	46	-8
9	46	-8
10	46	-8
11	46	-8
12	46	-8
14	47	-9
15	46	-9
16	45	-8
17	46	-8
18	45	-8
19	45	-8
16	34	-6
25	46	-8
26	46	-8
28	46	-8
29	46	-8
31	46	-8
32	46	-8
34	46	-8
36	46	-8
37	46	-8
39	46	-8
41	46	-8
43	46	-9
45	46	-8
43	41	-7
43	38	-7
43	36	-7
44	35	-6
67	46	-9
35	21	-4
34	19	-4
33	18	-3
33	17	-3
34	16	-3
34	16	-3
34	15	-3
35	14	-3
36	14	-3
37	14	-3
39	14	-3
58	17	-3
55	14	-3
67	13	-2
-99	6	-1
-97	8	-1
-97	10	-2
-97	12	-2
-96	14	-3
-99	17	-3
-96	19	-3
-95	21	-4
-94	22	-4
-97	25	-5
-106	30	-6
-107	33	-6
-64	22	-4
-62	23	-4
-63	25	-5
-64	27	-5
-66	29	-5
-67	32	-6
-72	38	-7
-84	48	-9
-80	48	-9
-75	48	-9
-71	48	-9
-37	28	-5
-35	28	-5
-34	28	-5
-35	30	-6
-36	32	-6
-37	34	-6
-39	39	-7
-39	42	-8
-40	45	-8
-41	48	-9
-39	47	-9
-37	47	-9
-35	47	-9
-33	47	-9
-32	47	-9
-30	47	-9
-28	47	-9
-27	47	-9
-25	47	-9
-19	38	-7
-17	37	-7
-16	37	-7
-16	46	-9
-15	46	-9
-14	46	-9
-13	46	-9
-11	46	-9
-10	46	-9
-9	46	-9
-8	46	-9
-7	46	-9
-6	46	-9
-4	46	-9
-3	46	-9
-2	46	-8
-1	46	-8
0	46	-8
1	46	-8
2	46	-8
4	46	-8
5	46	-8
6	46	-8
7	46	-8
8	46	-8
9	46	-8
10	46	-8
11	46	-8
14	47	-9
15	46	-8
16	46	-8
17	46	-8
19	45	-8
16	35	-6
25	46	-8
27	46	-8
28	46	-8
30	46	-8
31	46	-8
33	46	-8
34	46	-8
36	46	-8
38	46	-8
40	46	-8
41	46	-8
43	46	-8
45	46	-8
44	42	-8
43	39	-7
42	37	-7
43	36	-7
58	43	-8
65	46	-8
36	23	-4
34	20	-4
34	19	-4
33	18	-3
33	17	-3
34	16	-3
34	15	-3
35	15	-3
36	14	-3
37	14	-3
38	13	-2
67	21	-4
56	15	-3
67	14	-3
68	13	-2
-98	3	-1
-96	5	-1
-96	7	-2
-96	9	-3
-97	11	-3
-98	13	-4
-96	15	-4
-100	18	-5
-96	19	-6
-102	23	-6
-93	23	-7
-96	26	-7
-108	31	-9
-62	22	-6
-62	23	-7
-63	25	-7
-65	27	-8
-67	30	-9
-68	32	-9
-70	35	-10
-72	37	-11
-73	40	-11
-69	40	-11
-63	40	-11
-60	40	-12
-37	27	-8
-35	27	-8
-35	28	-8
-35	30	-8
-36	31	-9
-36	33	-10
-38	36	-10
-38	38	-11
-39	40	-12
-37	41	-12
-36	41	-12
-34	41	-12
-32	41	-12
-31	41	-12
-29	41	-12
-27	41	-12
-26	41	-12
-25	41	-12
-23	41	-12
-22	41	-12
-19	38	-11
-17	36	-10
-16	36	-10
-16	38	-11
-16	41	-12
-15	41	-12
-13	41	-12
-12	41	-12
-11	41	-12
-10	41	-12
-9	41	-12
-8	41	-12
-7	41	-12
-6	41	-12
-5	41	-12
-4	41	-12
-3	41	-12
-2	41	-12
-1	41	-12
0	41	-12
1	41	-12
2	41	-12
4	41	-12
4	41	-12
6	41	-12
6	41	-12
8	41	-12
9	41	-12
10	41	-12
11	41	-12
18	42	-12
16	35	-10
23	42	-12
24	42	-12
26	42	-12
27	42	-12
28	42	-12
30	42	-12
31	42	-12
33	43	-12
35	43	-12
37	44	-12
38	43	-12
41	43	-12
43	44	-13
44	43	-12
41	35	-10
48	34	-10
36	22	-6
34	20	-6
33	18	-5
33	17	-5
33	16	-5
34	16	-4
34	15	-4
35	14	-4
35	14	-4
36	13	-4
38	13	-4
56	16	-4
67	14	-4
66	13	-4
67	11	-3
67	10	-3
-98	3	-1
-96	5	-1
-95	7	-2
-96	9	-3
-97	11	-3
-98	13	-4
-95	15	-4
-99	17	-5
-100	20	-6
-95	21	-6
-93	23	-6
-95	25	-7
-104	29	-8
-63	22	-6
-62	23	-7
-63	25	-7
-65	27	-8
-67	29	-8
-68	32	-9
-70	34	-10
-72	37	-11
-74	40	-11
-70	40	-11
-68	41	-12
-63	40	-11
-60	40	-12
-37	27	-8
-36	27	-8
-34	28	-8
-35	29	-8
-36	31	-9
-36	33	-9
-37	35	-10
-38	37	-11
-39	40	-12
-38	41	-12
-36	41	-12
-34	41	-12
-33	41	-12
-31	41	-12
-29	41	-12
-28	41	-12
-26	41	-12
-25	41	-12
-24	41	-12
-22	41	-12
-21	41	-12
-17	36	-10
-16	36	-10
-15	41	-12
-14	41	-12
-13	41	-12
-12	41	-12
-10	41	-12
-9	41	-12
-8	41	-12
-7	41	-12
-6	41	-12
-5	41	-12
-4	41	-12
-3	41	-12
-2	41	-12
-1	41	-12
0	41	-12
1	41	-12
2	41	-12
3	41	-12
4	41	-12
5	41	-12
6	41	-12
7	41	-12
9	41	-12
10	41	-12
11	41	-12
16	35	-10
22	42	-12
24	42	-12
25	42	-12
27	42	-12
28	42	-12
29	42	-12
31	42	-12
32	42	-12
35	43	-12
36	42	-12
38	43	-12
40	43	-12
42	44	-13
44	44	-13
36	23	-6
34	20	-6
33	19	-5
33	18	-5
33	17	-5
34	16	-5
34	15	-4
34	15	-4
35	14	-4
36	14	-4
37	13	-4
39	13	-4
67	19	-6
56	14	-4
67	15	-4
66	13	-4
67	12	-3
67	10	-3
-99	3	-1
-96	5	-1
-95	7	-2
-96	9	-2
-97	11	-3
-98	13	-4
-97	15	-4
-100	17	-5
-101	19	-6
-96	21	-6
-94	22	-6
-95	25	-7
-106	30	-8
-108	33	-9
-63	22	-6
-62	23	-6
-63	25	-7
-66	27	-8
-67	29	-8
-68	32	-9
-70	34	-10
-71	37	-10
-73	40	-11
-72	41	-12
-68	41	-12
-64	41	-12
-61	40	-11
-37	27	-8
-35	27	-8
-34	28	-8
-35	29	-8
-36	31	-9
-36	33	-9
-37	37	-11
-39	40	-11
-38	41	-12
-36	41	-12
-34	41	-12
-32	41	-12
-31	41	-12
-30	41	-12
-28	41	-12
-27	41	-12
-25	41	-12
-24	41	-12
-22	41	-12
-21	41	-12
-17	36	-10
-16	36	-10
-15	41	-12
-14	41	-12
-13	41	-12
-11	41	-12
-10	41	-12
-9	41	-12
-8	41	-12
-7	41	-12
-6	41	-12
-5	41	-12
-4	41	-12
-3	41	-12
-2	41	-12
-1	41	-12
0	41	-12
1	41	-12
2	41	-12
3	41	-12
4	41	-12
5	41	-12
6	41	-12
7	41	-12
9	41	-12
9	41	-12
11	41	-12
16	35	-10
22	42	-12
24	42	-12
25	42	-12
26	42	-12
28	42	-12
29	42	-12
31	42	-12
32	42	-12
34	43	-12
36	42	-12
38	44	-12
39	43	-12
42	44	-13
44	44	-13
36	22	-6
34	20	-6
33	19	-5
33	18	-5
33	17	-5
34	16	-5
34	15	-4
34	15	-4
35	14	-4
36	14	-4
37	13	-4
39	13	-4
67	19	-6
56	15	-4
67	15	-4
66	13	-4
66	12	-3
67	10	-3
-100	2	-1
-97	4	-1
-95	6	-2
-96	8	-2
-97	10	-3
-98	12	-3
-96	14	-4
-97	16	-5
-100	19	-5
-97	20	-6
-104	24	-7
-93	23	-7
-96	26	-8
-108	32	-9
-64	21	-6
-62	22	-6
-63	24	-7
-64	26	-7
-66	28	-8
-67	30	-9
-69	33	-9
-71	36	-10
-73	39	-11
-71	40	-11
-69	40	-12
-67	42	-12
-61	40	-11
-59	41	-12
-36	27	-8
-35	28	-8
-35	28	-8
-35	30	-9
-36	32	-9
-37	34	-10
-37	36	-10
-38	39	-11
-38	41	-12
-37	41	-12
-35	41	-12
-33	41	-12
-32	41	-12
-30	41	-12
-29	41	-12
-27	41	-12
-26	41	-12
-24	41	-12
-23	41	-12
-22	41	-12
-18	37	-10
-17	36	-10
-16	37	-11
-15	41	-12
-14	41	-12
-13	41	-12
-12	41	-12
-11	41	-12
-10	41	-12
-9	41	-12
-7	41	-12
-7	41	-12
-5	41	-12
-4	41	-12
-3	41	-12
-2	41	-12
-1	41	-12
0	41	-12
1	41	-12
2	41	-12
3	41	-12
4	41	-12
5	41	-12
6	41	-12
7	41	-12
8	41	-12
9	41	-12
10	41	-12
11	41	-12
16	34	-10
23	42	-12
25	42	-12
26	42	-12
27	42	-12
29	42	-12
30	42	-12
32	43	-12
33	42	-12
36	43	-12
37	43	-12
39	43	-12
42	44	-12
44	44	-13
48	35	-10
35	21	-6
34	19	-5
33	18	-5
33	17	-5
34	16	-5
34	15	-4
34	15	-4
35	14	-4
36	14	-4
37	13	-4
39	13	-4
67	20	-6
56	15	-4
67	14	-4
67	12	-4
66	11	-3
67	10	-3
-101	1	0
-98	3	-1
-95	5	-2
-96	7	-2
-97	9	-3
-97	12	-3
-99	14	-4
-97	16	-4
-100	18	-5
-95	20	-6
-103	23	-7
-93	23	-7
-96	26	-7
-108	31	-9
-65	21	-6
-62	22	-6
-63	24	-7
-64	25	-7
-65	28	-8
-67	30	-9
-69	33	-9
-70	35	-10
-73	38	-11
-74	41	-12
-72	42	-12
-65	40	-12
-62	40	-11
-61	41	-12
-36	27	-8
-35	27	-8
-35	28	-8
-35	30	-9
-36	32	-9
-36	34	-10
-38	37	-10
-38	39	-11
-38	41	-12
-37	41	-12
-35	41	-12
-34	41	-12
-32	41	-12
-30	41	-12
-29	42	-12
-27	41	-12
-26	41	-12
-25	41	-12
-23	41	-12
-22	41	-12
-19	38	-11
-17	36	-10
-16	37	-10
-15	38	-11
-16	41	-12
-15	41	-12
-13	41	-12
-12	41	-12
-11	41	-12
-10	41	-12
-9	41	-12
-8	41	-12
-7	41	-12
-5	41	-12
-5	41	-12
-4	41	-12
-2	41	-12
-1	41	-12
0	41	-12
1	41	-12
2	41	-12
3	41	-12
4	41	-12
5	41	-12
6	41	-12
7	41	-12
8	41	-12
9	41	-12
10	41	-12
11	41	-12
16	34	-10
23	42	-12
24	42	-12
26	42	-12
27	41	-12
29	42	-12
30	43	-12
32	43	-12
33	42	-12
35	43	-12
37	43	-12
39	44	-13
42	45	-13
43	44	-13
44	42	-12
41	35	-10
48	35	-10
36	22	-6
34	20	-6
33	18	-5
33	17	-5
33	16	-5
34	16	-5
34	15	-4
35	14	-4
35	14	-4
37	13	-4
38	13	-4
56	15	-4
67	14	-4
66	13	-4
66	11	-3
67	10	-3
-99	3	-1
-96	5	-1
-95	7	-2
-96	9	-2
-97	11	-3
-98	13	-4
-97	15	-4
-100	17	-5
-100	19	-6
-95	21	-6
-94	22	-6
-96	25	-7
-104	29	-8
-110	33	-10
-63	22	-6
-62	23	-7
-63	25	-7
-65	27	-8
-67	30	-8
-68	32	-9
-70	34	-10
-72	37	-11
-73	40	-11
-73	42	-12
-67	40	-11
-64	41	-12
-60	40	-12
-37	27	-8
-35	27	-8
-34	28	-8
-35	29	-8
-35	31	-9
-36	33	-9
-37	35	-10
-37	37	-11
-39	40	-12
-38	41	-12
-36	41	-12
-34	41	-12
-33	41	-12
-31	41	-12
-29	41	-12
-28	41	-12
-27	41	-12
-25	41	-12
-24	41	-12
-22	41	-12
-21	41	-12
-17	36	-10
-16	36	-10
-15	41	-12
-14	41	-12
-12	41	-12
-12	41	-12
-10	41	-12
-9	41	-12
-8	41	-12
-7	41	-12
-6	41	-12
-5	41	-12
-4	41	-12
-3	41	-12
-2	41	-12
-1	41	-12
0	41	-12
1	41	-12
2	41	-12
3	41	-12
4	41	-12
5	41	-12
6	41	-12
8	41	-12
9	41	-12
10	41	-12
11	41	-12
16	35	-10
22	42	-12
24	42	-12
25	42	-12
27	42	-12
28	42	-12
29	42	-12
31	43	-12
32	42	-12
35	43	-12
35	42	-12
39	44	-13
40	43	-12
43	44	-13
45	44	-13
36	23	-7
34	20	-6
33	19	-5
33	18	-5
33	17	-5
34	16	-5
34	15	-4
34	15	-4
35	14	-4
36	14	-4
37	13	-4
39	13	-4
67	19	-6
56	14	-4
67	15	-4
66	13	-4
66	12	-3
67	10	-3
-98	3	-1
-96	5	-1
-95	7	-2
-96	9	-3
-97	11	-3
-98	13	-4
-97	15	-4
-100	18	-5
-99	20	-6
-94	21	-6
-94	23	-6
-96	25	-7
-108	31	-9
-96	30	-8
-63	22	-6
-62	23	-7
-63	25	-7
-66	28	-8
-67	30	-8
-68	32	-9
-70	35	-10
-72	37	-11
-73	40	-11
-70	40	-11
-67	41	-12
-62	40	-11
-60	40	-12
-37	27	-8
-35	27	-8
-35	28	-8
-35	30	-9
-35	31	-9
-38	36	-10
-38	38	-11
-39	41	-12
-38	41	-12
-36	41	-12
-34	41	-12
-32	41	-12
-31	41	-12
-29	41	-12
-28	41	-12
-27	41	-12
-25	41	-12
-23	41	-12
-22	41	-12
-19	38	-11
-17	36	-10
-16	37	-10
-15	41	-12
-13	41	-12
-12	41	-12
-11	41	-12
-10	41	-12
-9	41	-12
-8	41	-12
-7	41	-12
-6	41	-12
-5	41	-12
-4	41	-12
-2	41	-12
-2	41	-12
0	41	-12
0	41	-12
1	41	-12
3	41	-12
4	41	-12
5	41	-12
6	41	-12
7	41	-12
8	41	-12
9	41	-12
10	41	-12
11	41	-12
16	34	-10
23	42	-12
24	42	-12
26	42	-12
27	42	-12
28	42	-12
30	43	-12
31	42	-12
33	42	-12
35	43	-12
37	43	-12
39	43	-12
41	44	-13
43	44	-13
43	42	-12
41	35	-10
48	35	-10
35	22	-6
34	19	-6
33	18	-5
33	17	-5
33	16	-5
34	16	-5
34	15	-4
35	14	-4
35	14	-4
36	13	-4
38	13	-4
56	15	-4
67	14	-4
67	13	-4
66	11	-3
67	10	-3
-98	3	-1
-96	5	-1
-96	7	-2
-97	9	-3
-98	11	-3
-99	13	-4
-96	15	-4
-100	18	-5
-97	19	-5
-103	23	-6
-94	23	-7
-97	26	-7
-108	31	-9
-95	30	-8
-63	22	-6
-62	23	-7
-63	25	-7
-66	28	-8
-67	30	-9
-69	32	-9
-70	35	-10
-72	38	-11
-73	40	-11
-70	41	-12
-68	41	-12
-63	41	-12
-60	40	-12
-37	27	-8
-35	27	-8
-35	28	-8
-36	30	-9
-36	31	-9
-36	34	-10
-38	36	-10
-38	39	-11
-39	41	-12
-37	41	-12
-35	41	-12
-34	41	-12
-32	41	-12
-31	41	-12
-29	41	-12
-28	42	-12
-26	41	-12
-25	41	-12
-23	41	-12
-22	41	-12
-18	37	-11
-17	36	-10
-16	37	-11
-15	38	-11
-16	41	-12
-14	41	-12
-13	41	-12
-12	41	-12
-11	41	-12
-10	41	-12
-9	41	-12
-8	41	-12
-7	41	-12
-6	41	-12
-4	41	-12
-4	41	-12
-2	41	-12
-1	41	-12
0	41	-12
1	41	-12
2	41	-12
3	41	-12
4	41	-12
5	41	-12
6	41	-12
7	41	-12
8	41	-12
9	41	-12
10	41	-12
11	41	-12
17	34	-10
23	42	-12
25	42	-12
26	42	-12
27	42	-12
29	42	-12
31	43	-12
32	43	-12
35	44	-12
36	43	-12
38	43	-12
41	45	-13
42	44	-13
44	44	-13
34	21	-6
33	19	-5
33	18	-5
33	17	-5
34	16	-5
34	15	-4
34	15	-4
35	14	-4
36	14	-4
37	13	-4
39	13	-4
67	20	-6
56	15	-4
67	15	-4
66	13	-4
67	12	-3
67	10	-3
