0	0	0
-242	57	43
-253	65	48
-251	70	52
-256	77	57
-215	79	59
-217	85	63
-217	90	67
-266	116	86
-261	120	89
-260	126	94
-200	103	76
-198	107	79
-195	110	82
-253	149	111
-245	152	113
-235	152	113
-224	153	113
-215	154	114
-206	154	114
-199	155	115
-190	156	115
-182	156	116
-175	157	116
-168	157	116
-160	157	116
-153	157	116
-147	158	117
-141	158	117
-135	158	117
-129	159	118
-123	159	118
-117	159	118
-111	159	118
-106	160	118
-101	160	118
-96	161	119
-91	161	119
-86	161	119
-81	160	119
-76	161	120
-72	162	120
-67	163	121
-63	162	121
-58	163	121
-54	163	121
-49	164	121
-45	163	121
-41	163	121
-36	164	122
-32	164	122
-28	164	122
-24	164	122
-19	164	122
-15	165	122
5	110	81
8	109	81
11	110	81
13	109	81
16	110	82
19	110	81
22	109	81
25	110	82
28	110	82
31	110	81
33	110	81
36	109	81
40	110	81
43	110	82
46	111	82
49	110	82
56	111	82
60	111	82
63	111	82
66	110	82
66	105	78
73	109	81
69	98	72
71	96	71
74	95	71
77	94	70
79	92	68
83	93	69
86	92	68
87	89	66
88	86	64
96	90	67
98	88	66
104	89	66
109	85	63
106	79	59
112	80	59
114	78	58
118	77	57
121	76	56
115	65	48
-279	66	42
-286	74	47
-285	80	51
-274	83	53
-219	82	52
-275	109	69
-212	95	60
-209	99	63
-266	132	84
-263	145	92
-261	151	96
-254	155	98
-245	157	99
-231	155	98
-222	156	99
-211	155	98
-202	155	98
-193	156	98
-186	157	99
-176	155	98
-168	155	98
-161	155	98
-154	155	98
-147	156	99
-141	156	99
-133	155	98
-128	155	98
-122	155	98
-116	155	98
-110	155	98
-105	155	98
-101	156	99
-95	155	98
-90	155	98
-85	156	98
-81	156	99
-76	156	99
-71	155	98
-67	156	99
-62	155	98
-58	155	98
-54	155	98
-49	154	98
-45	155	98
-41	154	98
-37	155	98
-33	155	98
-29	154	98
-25	154	97
-22	154	97
-18	154	98
-14	154	98
-10	154	98
-6	154	98
-2	154	97
1	153	97
5	154	97
9	153	97
13	153	97
16	147	93
19	142	90
24	152	96
27	153	97
22	105	67
47	97	61
51	100	63
54	100	63
57	99	63
60	100	63
63	99	63
66	99	63
70	99	63
73	99	62
76	99	62
83	98	62
88	99	63
92	99	63
96	99	63
99	98	62
103	98	62
108	98	62
112	97	62
117	97	61
121	96	61
128	97	61
149	103	65
148	98	62
110	69	44
112	66	42
115	65	41
140	76	48
130	67	42
130	64	40
-284	64	34
-271	74	39
-281	89	48
-273	94	50
-259	95	51
-215	95	51
-212	99	53
-232	114	61
-229	119	63
-230	126	67
-228	131	70
-226	137	73
-257	163	87
-256	170	90
-253	176	94
-240	175	93
-229	175	93
-217	174	93
-210	176	93
-200	175	93
-192	175	93
-182	175	93
-175	175	93
-167	175	93
-159	174	93
-152	174	93
-145	174	93
-138	174	92
-132	174	92
-125	173	92
-120	174	93
-114	175	93
-109	175	93
-102	173	92
-97	174	93
-92	174	93
-87	174	93
-82	173	92
-77	174	93
-73	175	93
-68	174	93
-63	174	92
-58	174	92
-54	173	92
-50	174	93
-45	173	92
-41	174	93
-36	173	92
-32	174	92
-28	174	92
-15	119	64
-12	117	62
-10	118	63
20	111	59
23	112	59
25	111	59
28	111	59
34	111	59
36	111	59
39	111	59
42	111	59
45	110	59
48	110	59
51	110	59
54	110	58
57	110	59
61	110	59
64	110	58
67	110	58
70	110	58
73	109	58
78	110	58
80	108	57
85	109	58
89	109	58
92	109	58
97	110	58
101	109	58
104	108	57
109	108	57
112	106	56
118	107	57
124	107	57
129	107	57
98	77	41
98	73	39
102	73	39
105	72	38
112	73	39
116	73	39
122	72	38
140	79	42
133	71	38
-278	62	27
-273	67	29
-259	76	33
-267	84	37
-268	91	40
-278	101	44
-211	105	46
-226	118	52
-224	124	54
-227	132	58
-223	136	60
-223	143	63
-228	153	67
-251	176	77
-250	184	81
-245	189	83
-243	196	86
-240	203	89
-231	204	89
-219	203	89
-211	204	89
-201	203	89
-191	203	89
-183	203	89
-175	203	89
-167	203	89
-159	203	89
-152	203	89
-145	204	89
-138	204	89
-132	205	90
-125	203	89
-119	204	89
-113	204	89
-107	205	90
-101	204	89
-95	205	90
-89	204	89
-83	202	88
-76	199	87
-70	195	85
-64	193	84
-59	191	83
-53	189	83
-48	188	82
-43	186	81
-38	184	81
-33	182	80
-29	179	78
-24	179	78
-11	134	59
-8	134	59
-5	133	58
-2	133	58
1	133	58
4	133	58
7	132	58
10	133	58
13	132	58
16	133	58
19	133	58
29	133	58
32	133	58
35	132	58
39	133	58
42	133	58
46	133	58
49	133	58
52	133	58
50	119	52
52	117	51
54	113	49
56	111	49
60	112	49
62	110	48
64	107	47
68	109	48
72	110	48
74	106	46
75	103	45
82	108	47
85	107	47
88	106	46
96	111	48
98	108	47
96	101	44
99	99	43
102	98	43
106	97	43
107	93	41
101	70	31
105	70	31
110	70	31
114	69	30
51	28	12
49	25	11
48	23	10
-290	62	22
-283	67	23
-270	77	27
-268	83	29
-270	90	31
-264	95	33
-273	105	36
-273	111	39
-271	118	41
-262	121	42
-255	124	43
-205	124	43
-219	139	48
-224	149	52
-221	155	54
-220	161	56
-248	190	66
-244	195	68
-235	235	82
-233	244	85
-221	242	84
-212	242	84
-198	238	83
-185	233	81
-175	230	80
-147	204	71
-140	203	71
-142	217	75
-135	216	75
-126	213	74
-117	207	72
-109	204	71
-96	201	70
-89	198	69
-82	194	67
-76	192	67
-70	190	66
-65	189	66
-59	187	65
-54	185	64
-49	183	64
-44	182	63
-39	180	62
-35	177	61
-30	176	61
-26	175	61
-13	131	46
-10	130	45
-7	129	45
-4	129	45
-1	133	46
2	134	46
5	133	46
8	133	46
11	131	45
14	130	45
17	130	45
20	128	44
23	131	46
26	129	45
28	126	44
31	124	43
33	123	43
37	124	43
40	125	43
42	121	42
44	120	42
47	118	41
50	117	41
51	113	39
53	112	39
56	111	39
59	110	38
60	107	37
64	108	38
68	109	38
70	107	37
72	104	36
78	108	38
76	100	35
79	99	34
81	97	34
86	99	35
91	101	35
95	101	35
99	100	35
102	98	34
104	95	33
102	78	27
104	77	27
112	79	27
46	28	10
45	27	9
45	25	9
45	24	8
45	23	8
44	21	7
47	20	7
46	18	6
-266	51	13
-270	58	15
-285	67	17
-284	74	19
-256	73	19
-266	82	21
-266	88	23
-271	97	25
-260	100	26
-259	106	28
-259	113	29
-269	124	32
-265	130	34
-264	136	35
-260	142	37
-259	149	39
-258	156	41
-252	160	42
-243	162	42
-232	162	42
-190	160	42
-189	167	43
-187	172	45
-186	179	47
-186	187	49
-186	195	51
-182	200	52
-179	206	54
-197	237	62
-186	235	61
-173	228	59
-163	225	59
-137	199	52
-132	202	52
-131	210	54
-125	210	55
-116	207	54
-109	204	53
-102	202	52
-96	200	52
-88	196	51
-81	192	50
-75	189	49
-70	189	49
-64	185	48
-59	184	48
-54	182	47
-49	181	47
-44	180	47
-40	178	46
-35	174	45
-31	173	45
-26	172	45
-22	170	44
-10	128	33
-7	125	33
-4	125	32
-2	124	32
1	127	33
4	125	32
7	124	32
10	124	32
12	122	32
15	121	32
17	120	31
20	118	31
23	122	32
27	126	33
29	124	32
31	121	31
34	119	31
36	118	31
40	120	31
42	119	31
45	117	30
47	115	30
49	113	29
50	109	28
53	108	28
55	106	28
82	98	26
86	98	26
90	98	25
94	98	26
98	98	26
103	99	26
107	98	26
112	98	26
117	98	25
122	98	25
127	97	25
106	77	20
46	30	8
44	27	7
44	26	7
44	25	6
44	23	6
44	22	6
44	21	5
44	19	5
44	18	5
44	17	4
44	16	4
-264	45	8
-261	50	9
-266	58	10
-285	68	12
-284	75	13
-255	73	13
-256	80	14
-264	89	15
-261	94	16
-276	107	19
-258	106	18
-256	113	20
-264	123	21
-255	126	22
-264	138	24
-262	144	25
-257	149	26
-256	156	27
-252	161	28
-245	173	30
-236	174	30
-229	177	31
-185	172	30
-179	175	30
-178	182	32
-184	196	34
-178	198	34
-176	204	36
-196	238	41
-185	235	41
-171	228	40
-161	225	39
-135	199	35
-130	202	35
-132	214	37
-124	211	37
-115	207	36
-107	204	35
-100	201	35
-93	198	34
-87	197	34
-80	192	33
-74	191	33
-68	187	33
-63	185	32
-58	185	32
-53	183	32
-48	180	31
-43	178	31
-38	175	30
-34	175	30
-29	172	30
-25	171	30
-21	169	29
-9	126	22
-6	125	22
-4	124	22
-1	124	21
2	124	21
5	123	21
7	122	21
10	120	21
12	119	21
15	118	20
18	117	20
20	115	20
23	115	20
25	114	20
27	108	19
29	108	19
31	108	19
34	107	19
36	106	18
38	105	18
41	105	18
44	105	18
45	103	18
51	108	19
53	108	19
57	109	19
60	108	19
66	109	19
70	108	19
73	108	19
76	108	19
81	110	19
85	109	19
88	109	19
93	109	19
97	109	19
101	109	19
105	109	19
111	110	19
123	106	18
126	105	18
104	82	14
111	84	15
118	85	15
112	77	13
114	75	13
116	72	13
47	26	5
47	24	4
46	23	4
46	21	4
46	17	3
46	17	3
46	15	3
-255	36	3
-270	44	4
-291	54	5
-257	60	5
-269	69	6
-256	72	6
-263	80	7
-265	87	8
-264	94	8
-261	99	9
-259	105	9
-257	111	10
-254	117	10
-252	123	11
-249	128	11
-249	135	12
-245	140	12
-244	147	13
-240	152	13
-238	158	14
-241	168	15
-235	172	15
-242	185	16
-241	193	17
-238	199	17
-236	207	18
-227	217	19
-223	224	20
-209	220	19
-165	218	19
-142	197	17
-133	194	17
-129	198	17
-128	205	18
-120	203	18
-112	200	18
-105	197	17
-98	195	17
-91	191	17
-84	189	17
-78	186	16
-73	184	16
-67	182	16
-62	181	16
-57	180	16
-52	178	16
-47	174	15
-42	173	15
-38	172	15
-34	170	15
-29	168	15
-25	167	15
-21	165	14
-5	139	12
-2	138	12
2	139	12
5	138	12
8	138	12
11	138	12
14	139	12
17	139	12
20	139	12
23	139	12
27	139	12
30	141	12
39	137	12
42	136	12
45	135	12
48	134	12
51	132	12
54	131	11
57	130	11
60	129	11
63	127	11
66	127	11
69	125	11
72	125	11
75	123	11
78	122	11
81	121	11
85	120	11
88	119	10
91	118	10
94	117	10
97	115	10
100	114	10
104	113	10
107	111	10
111	110	10
114	108	9
118	107	9
112	93	8
106	83	7
111	83	7
113	82	7
113	78	7
117	76	7
46	25	2
45	23	2
45	22	2
45	21	2
45	20	2
45	18	2
46	15	1
46	14	1
-237	27	0
-247	33	0
-270	42	0
-291	52	0
-291	58	0
-290	65	0
-286	70	0
-281	76	0
-280	82	0
-278	89	0
-241	95	0
-238	100	0
-239	106	0
-251	118	0
-247	130	0
-246	137	0
-244	142	0
-241	148	0
-239	154	0
-236	160	0
-231	164	0
-232	173	0
-227	177	0
-226	184	0
-224	191	0
-221	197	0
-221	206	0
-219	214	0
-216	220	0
-211	225	0
-201	224	0
-190	221	0
-177	216	0
-166	212	0
-145	195	0
-132	187	0
-126	187	0
-122	189	0
-120	195	0
-111	191	0
-104	188	0
-97	185	0
-90	183	0
-84	180	0
-79	180	0
-73	178	0
-67	175	0
-62	173	0
-57	171	0
-52	170	0
-48	168	0
-43	166	0
-39	165	0
-34	163	0
-30	161	0
-26	159	0
-22	158	0
-14	155	0
-8	121	0
-5	121	0
-3	120	0
0	119	0
3	119	0
6	121	0
9	134	0
11	113	0
13	115	0
16	120	0
19	117	0
21	116	0
27	133	0
30	134	0
39	131	0
31	94	0
34	97	0
36	94	0
54	126	0
53	116	0
57	118	0
60	117	0
62	116	0
69	122	0
72	120	0
74	119	0
78	118	0
81	117	0
79	109	0
78	103	0
83	104	0
89	107	0
91	105	0
93	102	0
97	102	0
102	103	0
105	101	0
101	93	0
101	89	0
113	96	0
115	93	0
116	89	0
113	83	0
111	78	0
113	76	0
43	25	0
43	24	0
42	23	0
42	22	0
43	20	0
43	19	0
43	18	0
43	17	0
43	16	0
43	15	0
43	14	0
43	13	0
43	12	0
44	11	0
-239	22	-2
-252	29	-3
-275	37	-3
-293	46	-4
-292	52	-5
-289	58	-5
-285	64	-6
-285	70	-6
-283	76	-7
-280	82	-7
-275	87	-8
-247	84	-8
-274	100	-9
-269	105	-9
-267	111	-10
-268	118	-11
-266	124	-11
-264	130	-12
-260	135	-12
-259	142	-13
-257	148	-13
-255	154	-14
-253	161	-15
-250	167	-15
-247	173	-16
-244	179	-16
-243	186	-17
-240	193	-17
-238	199	-18
-234	206	-19
-232	213	-19
-229	220	-20
-216	217	-20
-203	213	-19
-189	208	-19
-178	205	-18
-167	202	-18
-140	178	-16
-134	178	-16
-129	179	-16
-122	179	-16
-120	184	-17
-113	183	-16
-106	181	-16
-99	177	-16
-93	175	-16
-87	174	-16
-81	172	-15
-75	170	-15
-70	168	-15
-65	166	-15
-60	165	-15
-55	163	-15
-50	162	-15
-46	161	-14
-41	159	-14
-37	157	-14
-33	156	-14
-29	154	-14
1	108	-10
3	107	-10
6	108	-10
10	108	-10
13	105	-9
15	104	-9
17	104	-9
20	103	-9
22	102	-9
24	101	-9
26	100	-9
28	99	-9
31	99	-9
33	98	-9
36	99	-9
38	97	-9
40	97	-9
42	96	-9
44	94	-9
46	92	-8
48	92	-8
50	90	-8
51	87	-8
54	87	-8
56	86	-8
61	90	-8
66	88	-8
78	84	-8
42	28	-3
40	26	-2
40	24	-2
40	23	-2
40	22	-2
40	21	-2
40	20	-2
40	19	-2
41	18	-2
41	17	-2
41	16	-1
41	15	-1
41	14	-1
41	13	-1
41	12	-1
41	11	-1
41	10	-1
42	9	-1
-204	14	-3
-213	18	-3
-232	25	-5
-254	32	-6
-283	42	-8
-291	49	-9
-290	55	-10
-287	61	-11
-288	68	-12
-282	73	-13
-278	78	-14
-277	84	-16
-275	90	-17
-260	91	-17
-271	101	-19
-269	108	-20
-266	113	-21
-266	120	-22
-264	126	-23
-258	130	-24
-259	137	-25
-257	143	-26
-255	150	-28
-253	156	-29
-249	161	-30
-247	167	-31
-245	174	-32
-242	180	-33
-238	186	-34
-236	193	-36
-233	199	-37
-195	174	-32
-198	185	-34
-195	191	-35
-211	215	-40
-197	210	-39
-184	206	-38
-172	201	-37
-162	199	-37
-137	176	-33
-131	177	-33
-126	178	-33
-119	178	-33
-116	181	-34
-109	180	-33
-102	177	-33
-95	174	-32
-88	172	-32
-83	170	-32
-77	168	-31
-71	166	-31
-66	164	-30
-61	163	-30
-56	161	-30
-51	159	-29
-46	158	-29
-42	157	-29
-38	155	-29
-34	154	-28
-29	152	-28
-25	150	-28
-10	145	-27
-4	144	-27
0	143	-26
3	142	-26
10	140	-26
13	140	-26
16	138	-25
19	136	-25
22	134	-25
26	134	-25
29	133	-25
32	133	-25
35	132	-24
38	130	-24
41	129	-24
44	128	-24
47	127	-23
50	126	-23
53	125	-23
56	124	-23
59	123	-23
62	122	-22
65	121	-22
57	80	-15
59	80	-15
60	77	-14
63	77	-14
100	109	-20
104	108	-20
107	107	-20
110	105	-19
114	104	-19
118	103	-19
123	102	-19
126	101	-19
130	99	-18
134	98	-18
138	97	-18
42	26	-5
41	24	-4
41	23	-4
41	21	-4
41	20	-4
41	19	-4
41	18	-3
41	17	-3
41	16	-3
41	15	-3
42	14	-3
42	13	-2
42	12	-2
42	11	-2
43	11	-2
42	10	-2
42	9	-2
-206	5	-1
-196	9	-2
-190	12	-4
-202	17	-5
-219	23	-7
-238	30	-8
-264	38	-11
-294	48	-14
-290	54	-15
-287	59	-17
-286	65	-19
-284	71	-20
-280	76	-22
-279	82	-23
-276	87	-25
-271	92	-26
-272	98	-28
-271	104	-30
-266	109	-31
-265	115	-33
-262	120	-34
-261	127	-36
-259	132	-38
-255	137	-39
-253	143	-41
-251	149	-43
-249	155	-44
-247	161	-46
-243	166	-47
-218	157	-45
-213	160	-46
-210	165	-47
-200	165	-47
-188	162	-46
-189	170	-49
-184	173	-49
-179	176	-50
-176	181	-52
-174	187	-54
-179	202	-58
-167	197	-56
-156	193	-55
-147	191	-54
-138	188	-54
-129	184	-53
-120	181	-52
-113	179	-51
-106	178	-51
-99	174	-50
-91	171	-49
-85	169	-48
-79	167	-48
-71	160	-46
-66	160	-46
-62	160	-46
-56	157	-45
-52	156	-45
-47	155	-44
-43	154	-44
-33	146	-42
-29	146	-42
-26	148	-42
-22	146	-42
-14	143	-41
-11	142	-41
0	140	-40
3	138	-39
7	137	-39
10	136	-39
13	136	-39
17	135	-38
20	134	-38
22	129	-37
26	131	-37
29	130	-37
32	129	-37
35	127	-36
38	126	-36
41	126	-36
44	124	-36
47	124	-35
50	122	-35
53	121	-35
56	121	-34
59	120	-34
62	118	-34
65	117	-33
68	116	-33
72	117	-33
75	115	-33
77	113	-32
80	112	-32
58	76	-22
60	75	-21
97	106	-30
100	105	-30
103	104	-30
107	103	-29
110	102	-29
114	101	-29
118	100	-28
122	98	-28
126	97	-28
129	95	-27
134	94	-27
138	93	-27
40	24	-7
40	22	-6
40	21	-6
40	20	-6
40	19	-5
40	18	-5
40	17	-5
40	16	-5
40	15	-4
41	14	-4
41	14	-4
41	13	-4
41	12	-3
42	8	-2
42	7	-2
42	7	-2
42	6	-2
