-90	17	9
-75	16	9
-84	23	12
-73	22	12
-83	29	15
-70	26	14
-81	36	19
-80	38	20
-79	40	21
-79	42	22
-78	43	23
-78	45	24
-77	47	25
-82	52	28
-85	56	30
-72	55	29
-73	59	31
-74	62	33
-72	63	34
-71	64	34
-69	66	35
-63	63	33
-61	64	34
-67	73	39
-66	75	40
-66	78	41
-64	80	43
-63	82	43
-61	83	44
-60	86	46
-62	93	49
-62	97	52
-60	99	53
-57	99	52
-54	99	53
-57	110	58
-56	114	61
-54	117	62
-51	118	63
-48	118	63
-48	125	67
-46	129	69
-46	138	74
-43	139	74
-42	148	79
-41	157	84
-42	177	94
-38	176	93
-33	176	93
-32	194	103
-30	210	112
-25	211	112
-21	221	118
-16	223	118
-11	221	117
-6	219	117
-1	218	116
5	215	115
9	215	115
14	215	114
19	214	114
24	214	114
29	213	113
34	211	112
39	210	112
44	208	111
48	205	109
53	203	108
57	201	107
62	201	107
67	199	106
71	197	105
75	193	103
28	62	33
28	59	31
28	55	30
29	54	29
30	53	28
31	52	28
32	51	27
32	49	26
34	49	26
37	51	27
39	52	28
191	225	120
199	224	119
206	222	118
212	218	116
253	239	127
255	230	123
259	224	119
253	209	111
259	205	109
209	158	84
267	193	103
402	266	142
412	260	139
423	255	136
248	127	68
245	119	63
241	111	59
252	110	59
-91	17	9
-88	18	10
-84	23	12
-73	22	12
-82	30	16
-81	36	19
-80	37	20
-80	39	21
-79	41	22
-79	43	23
-78	45	24
-78	47	25
-82	52	27
-85	56	30
-72	55	29
-73	58	31
-74	62	33
-72	63	33
-71	64	34
-70	66	35
-63	63	33
-61	64	34
-67	73	39
-67	75	40
-66	78	41
-65	80	43
-63	81	43
-62	84	45
-60	86	46
-62	93	49
-62	97	52
-60	99	53
-57	99	52
-54	99	53
-57	110	58
-56	114	61
-54	117	62
-51	118	63
-48	118	63
-48	125	67
-46	129	69
-46	139	74
-43	139	74
-42	148	79
-41	156	83
-42	177	94
-37	176	94
-33	176	93
-32	193	103
-30	210	112
-25	211	112
-21	221	118
-16	223	119
-11	221	117
-5	219	116
0	218	116
5	215	115
10	215	115
15	216	115
19	213	114
25	214	114
29	213	113
34	211	112
39	210	112
44	208	111
48	205	109
53	203	108
57	201	107
62	201	107
67	200	106
71	197	105
75	193	102
28	62	33
28	59	31
28	55	29
29	54	29
30	53	28
31	52	28
32	51	27
32	49	26
34	49	26
37	51	27
39	52	27
192	224	119
198	222	118
207	221	118
215	220	117
253	238	126
256	230	122
259	223	119
253	208	111
262	206	110
210	157	84
413	259	138
428	256	136
467	253	135
246	125	67
243	118	63
242	110	59
249	108	57
-90	17	9
-73	16	9
-84	23	12
-73	22	12
-82	29	15
-70	27	14
-74	30	16
-82	35	19
-81	36	19
-80	38	20
-79	40	21
-79	41	22
-78	43	23
-78	45	24
-77	47	25
-82	52	28
-85	57	30
-71	55	29
-73	59	31
-74	62	33
-72	63	34
-71	65	35
-69	66	35
-62	63	33
-61	64	34
-67	73	39
-66	76	40
-65	78	42
-64	80	43
-62	82	44
-61	84	45
-61	87	46
-62	94	50
-62	98	52
-60	99	53
-56	98	52
-54	100	53
-57	110	59
-56	114	61
-54	117	62
-51	118	63
-48	119	63
-48	126	67
-48	136	72
-45	139	74
-42	140	75
-41	148	79
-41	161	86
-40	176	94
-36	175	93
-34	185	99
-31	194	103
-29	210	112
-24	212	113
-20	223	119
-14	221	118
-9	219	117
-4	219	116
1	217	115
6	216	115
11	215	115
16	215	114
21	213	113
26	214	114
31	212	113
36	211	112
41	210	112
45	208	111
50	205	109
54	203	108
59	202	107
64	200	107
69	199	106
72	193	103
27	64	34
28	57	30
28	55	29
29	53	28
30	53	28
31	52	28
32	50	27
32	48	25
36	52	27
38	51	27
40	52	27
194	223	119
201	222	118
209	220	117
215	217	115
253	244	130
255	236	125
261	231	123
261	221	117
258	208	111
263	204	108
212	156	83
280	198	105
394	267	142
409	265	141
424	261	139
439	258	137
454	254	135
474	252	134
245	122	65
241	114	61
244	109	58
-90	17	9
-73	16	9
-84	24	13
-73	22	12
-82	29	15
-70	27	14
-80	36	19
-80	38	20
-79	40	21
-79	42	22
-78	44	23
-78	46	24
-77	47	25
-83	53	28
-85	57	30
-71	55	29
-74	60	32
-74	62	33
-72	63	34
-71	65	35
-69	67	35
-62	62	33
-61	65	34
-67	74	39
-66	76	41
-65	79	42
-64	81	43
-62	82	44
-61	84	45
-61	88	47
-63	95	51
-61	98	52
-59	99	53
-55	98	52
-56	105	56
-56	111	59
-56	116	62
-53	117	62
-50	118	63
-47	119	63
-47	127	68
-47	136	73
-44	137	73
-40	137	73
-40	150	80
-42	172	92
-39	177	94
-35	175	93
-33	192	102
-31	203	108
-27	210	112
-23	218	116
-18	223	119
-12	220	117
-7	220	117
-2	219	116
3	217	115
8	215	115
13	214	114
19	215	114
23	213	113
28	213	113
33	211	112
38	210	112
42	208	111
47	206	110
52	203	108
56	202	107
61	200	106
66	200	106
71	200	107
74	194	103
27	62	33
28	59	32
28	56	30
28	54	29
30	53	28
31	52	28
32	51	27
32	49	26
33	48	26
37	51	27
39	51	27
190	223	119
198	222	118
206	222	118
212	218	116
255	240	128
259	233	124
259	223	119
254	209	111
262	206	110
210	157	84
277	199	106
394	272	145
402	265	141
415	261	139
436	261	139
452	258	137
462	251	133
246	125	67
241	116	62
241	110	59
249	108	57
-92	16	7
-88	17	8
-75	17	7
-84	24	11
-82	29	13
-74	28	12
-81	35	15
-80	37	16
-80	39	17
-79	41	18
-79	43	19
-78	44	19
-78	46	20
-78	49	21
-85	55	24
-85	58	25
-73	55	24
-71	57	25
-74	61	27
-74	64	28
-72	65	28
-70	66	29
-66	65	29
-61	63	28
-61	65	29
-66	74	32
-66	77	34
-65	80	35
-63	81	36
-62	83	36
-61	85	37
-61	89	39
-63	96	42
-61	99	43
-59	100	44
-56	99	44
-54	103	45
-56	112	49
-56	117	51
-53	119	52
-50	119	52
-47	120	53
-47	128	56
-48	138	60
-45	140	61
-42	142	62
-41	151	66
-41	164	72
-40	178	78
-36	176	77
-32	177	78
-31	196	86
-28	212	93
-24	214	94
-20	228	100
-15	227	99
-10	224	98
-4	226	99
1	224	98
6	223	98
11	220	96
16	218	96
20	216	95
25	217	95
30	212	93
34	212	93
39	212	93
44	212	93
49	211	92
54	208	91
58	205	90
63	205	90
66	201	88
71	200	87
75	195	85
27	61	27
28	60	26
28	57	25
29	55	24
30	54	24
31	53	23
32	52	23
33	52	23
35	51	22
36	51	22
37	50	22
191	228	100
197	225	98
205	223	98
213	222	97
254	243	106
255	234	102
258	227	99
260	209	91
208	159	70
267	195	85
393	276	121
404	271	119
417	266	117
426	260	114
444	258	113
456	252	110
248	129	56
244	120	53
242	113	49
251	111	48
-89	17	7
-75	16	7
-83	24	10
-73	23	10
-82	29	13
-74	28	12
-80	37	16
-80	38	17
-79	40	18
-79	42	18
-78	44	19
-78	46	20
-78	48	21
-83	54	23
-85	57	25
-71	56	24
-74	60	26
-74	63	28
-72	64	28
-71	66	29
-69	67	29
-62	63	28
-61	65	28
-67	74	32
-66	77	34
-65	80	35
-64	81	35
-62	83	36
-61	85	37
-60	88	39
-62	95	42
-62	99	43
-59	100	44
-56	99	44
-54	101	44
-57	111	49
-56	116	51
-54	118	52
-51	119	52
-48	120	52
-48	127	56
-48	138	60
-46	140	61
-42	141	62
-41	149	65
-40	159	70
-41	178	78
-37	177	78
-32	177	77
-31	196	86
-29	212	93
-25	214	94
-21	226	99
-16	227	99
-10	224	98
-5	224	98
0	223	98
5	224	98
10	220	96
15	218	95
19	216	95
24	218	95
29	213	93
34	212	93
39	212	93
44	213	93
48	211	92
53	209	92
57	207	90
62	206	90
66	201	88
72	203	89
74	195	85
26	61	27
28	60	26
28	58	25
29	56	24
30	54	24
31	53	23
32	52	23
33	52	23
35	51	22
36	51	22
37	50	22
190	228	100
197	225	99
204	224	98
212	223	97
220	220	96
253	244	107
255	235	103
258	227	100
258	208	91
267	205	90
403	272	119
413	266	116
426	261	114
440	257	112
465	259	113
249	130	57
245	121	53
242	113	50
248	110	48
-91	16	7
-87	18	8
-74	17	7
-84	23	10
-72	21	9
-82	30	13
-72	28	12
-80	35	15
-80	37	16
-79	39	17
-79	41	18
-78	43	19
-78	45	20
-78	47	21
-80	51	22
-85	56	24
-72	55	24
-72	57	25
-74	62	27
-73	63	28
-71	65	28
-70	66	29
-63	64	28
-61	64	28
-66	72	32
-66	75	33
-66	78	34
-65	80	35
-63	82	36
-61	83	36
-60	86	38
-62	92	40
-62	98	43
-61	100	44
-58	100	44
-54	99	44
-56	108	47
-56	113	50
-55	118	52
-52	119	52
-49	119	52
-47	121	53
-47	129	57
-47	139	61
-43	139	61
-40	141	62
-40	152	66
-42	177	77
-38	178	78
-34	177	77
-33	194	85
-30	202	88
-27	214	94
-22	221	97
-18	226	99
-12	225	98
-7	224	98
-2	226	99
3	223	98
8	221	97
13	219	96
18	217	95
22	215	94
27	214	94
32	212	93
37	212	93
42	211	92
47	211	92
51	209	91
56	207	91
61	207	90
64	202	88
69	201	88
72	196	86
27	63	28
27	60	26
28	59	26
29	56	25
29	55	24
30	53	23
31	52	23
33	52	23
34	52	23
35	51	22
37	50	22
40	53	23
189	229	100
195	227	99
201	223	97
208	221	97
216	220	96
252	245	107
254	237	104
258	230	101
262	223	98
258	210	92
265	206	90
282	201	88
397	271	118
412	268	117
425	264	115
442	261	114
458	258	113
245	130	57
245	123	54
241	114	50
247	111	48
254	108	47
-91	16	7
-87	18	8
-74	17	7
-84	23	10
-72	22	9
-82	30	13
-72	28	12
-81	36	16
-80	37	16
-79	39	17
-79	41	18
-78	43	19
-78	45	20
-77	47	21
-80	51	22
-85	56	25
-72	55	24
-72	57	25
-75	62	27
-73	64	28
-71	65	29
-70	67	29
-63	63	28
-61	64	28
-66	72	32
-66	75	33
-66	78	34
-65	81	35
-63	82	36
-62	84	37
-60	86	38
-62	93	41
-62	98	43
-60	100	44
-57	100	44
-54	100	44
-56	109	48
-56	114	50
-55	118	52
-52	119	52
-48	119	52
-47	124	54
-46	130	57
-46	139	61
-43	140	61
-41	144	63
-40	152	66
-42	177	77
-38	178	78
-34	177	77
-33	194	85
-30	208	91
-26	214	94
-22	223	98
-17	226	99
-12	225	98
-7	223	97
-2	224	98
4	223	97
9	221	97
14	219	96
18	216	95
23	215	94
28	213	93
32	211	92
38	213	93
42	212	93
47	211	92
52	209	92
56	206	90
61	205	90
65	201	88
70	202	88
73	196	86
27	63	28
27	60	26
28	58	25
29	56	24
30	54	24
31	53	23
32	52	23
33	52	23
35	51	22
36	51	22
37	51	22
41	53	23
190	229	100
196	226	99
201	222	97
209	221	96
218	220	96
253	244	107
255	236	103
259	229	100
264	224	98
259	209	92
264	204	89
402	272	119
413	267	117
429	264	116
443	260	114
462	257	113
247	129	57
245	121	53
241	113	50
248	110	48
-88	17	6
-75	16	6
-84	24	8
-73	23	8
-82	29	10
-72	28	10
-80	37	13
-80	38	13
-79	40	14
-79	42	15
-79	44	15
-78	46	16
-77	48	17
-83	54	19
-85	58	20
-72	56	20
-74	61	21
-74	63	22
-72	65	23
-71	67	23
-69	68	23
-62	64	22
-61	65	23
-67	75	26
-66	77	27
-65	80	28
-64	81	28
-62	84	29
-61	85	30
-61	90	31
-62	95	33
-61	99	34
-59	100	35
-56	100	35
-54	102	35
-57	113	39
-56	118	41
-54	119	41
-50	119	41
-47	120	42
-48	128	44
-48	138	48
-45	140	49
-42	141	49
-41	150	52
-40	157	55
-41	178	62
-37	178	62
-33	177	61
-32	197	68
-30	212	74
-25	214	74
-21	223	77
-17	227	79
-12	231	80
-6	228	79
-1	225	78
4	223	77
9	221	77
14	221	77
18	217	75
23	216	75
28	214	74
32	214	74
37	214	74
42	213	74
46	211	73
51	209	73
56	207	72
60	206	72
64	202	70
69	201	70
72	197	68
77	197	68
33	75	26
29	61	21
29	58	20
30	56	19
31	54	19
31	53	18
33	52	18
34	51	18
35	51	18
37	51	18
40	53	18
188	232	81
192	227	79
191	215	75
204	220	76
214	221	77
247	244	85
254	240	83
256	231	80
261	226	78
253	209	73
262	207	72
210	158	55
394	273	95
408	270	94
416	262	91
428	257	89
446	255	88
464	252	88
245	125	43
243	117	41
243	111	38
253	109	38
-85	18	6
-84	23	8
-74	22	8
-82	30	11
-80	36	13
-80	38	13
-80	40	14
-79	42	14
-79	44	15
-78	46	16
-77	48	17
-82	53	18
-85	57	20
-72	56	19
-73	59	21
-74	63	22
-73	64	22
-71	66	23
-69	67	23
-62	63	22
-61	65	22
-67	74	26
-66	76	27
-65	79	28
-64	81	28
-63	83	29
-61	85	29
-61	88	31
-62	94	33
-62	99	34
-60	101	35
-57	100	35
-54	101	35
-57	111	39
-56	116	40
-54	119	41
-51	119	41
-48	119	41
-47	125	43
-48	135	47
-46	140	49
-43	140	49
-40	142	49
-40	153	53
-42	177	61
-38	178	62
-34	177	61
-33	196	68
-31	210	73
-27	214	74
-23	222	77
-18	228	79
-13	229	80
-8	228	79
-3	227	79
2	227	79
7	222	77
12	221	77
17	219	76
21	217	75
26	213	74
31	214	74
36	214	74
41	213	74
45	212	74
50	210	73
54	208	72
59	207	72
63	205	71
67	200	70
71	197	68
75	196	68
81	197	68
29	63	22
29	59	20
30	56	20
30	55	19
31	53	19
32	52	18
33	52	18
34	51	18
36	51	18
38	51	18
189	226	78
192	219	76
198	217	75
210	220	76
222	223	77
252	242	84
255	235	82
259	228	79
258	207	72
207	158	55
405	272	94
416	267	93
430	262	91
446	259	90
457	252	88
247	128	45
243	120	42
242	112	39
249	109	38
261	108	37
-78	13	5
-88	16	6
-86	18	6
-84	23	8
-73	22	8
-81	30	11
-80	36	13
-80	38	13
-79	40	14
-79	42	15
-78	44	15
-78	46	16
-77	48	17
-83	53	19
-85	57	20
-71	56	19
-73	60	21
-74	63	22
-73	65	23
-71	66	23
-69	67	23
-62	63	22
-61	65	22
-66	74	26
-66	77	27
-65	79	28
-64	81	28
-63	83	29
-61	85	30
-61	89	31
-62	95	33
-62	99	34
-60	100	35
-56	100	35
-54	101	35
-57	112	39
-56	117	41
-54	119	41
-51	119	41
-48	119	41
-48	127	44
-48	137	48
-46	140	49
-43	140	49
-41	147	51
-39	153	53
-42	177	62
-38	178	62
-34	178	62
-33	197	68
-30	212	74
-26	214	74
-22	223	78
-17	227	79
-12	228	79
-7	227	79
-2	226	78
3	223	77
8	222	77
13	220	76
18	219	76
22	216	75
27	212	74
32	215	75
37	214	74
41	212	74
46	212	74
50	209	72
55	207	72
60	206	71
64	203	70
68	201	70
71	197	68
76	196	68
81	195	68
29	62	21
29	58	20
30	56	19
31	55	19
31	53	18
33	52	18
34	52	18
35	51	18
36	51	18
39	51	18
147	190	66
184	228	79
189	224	78
189	214	74
200	216	75
212	220	76
255	243	84
257	234	81
261	228	79
254	212	74
263	210	73
210	159	55
275	199	69
391	272	94
406	270	94
421	267	93
435	262	91
449	257	89
465	253	88
243	124	43
244	118	41
243	111	39
253	109	38
260	105	37
-91	16	5
-86	17	6
-74	17	6
-84	24	8
-82	29	10
-72	28	10
-80	37	13
-80	39	14
-79	41	14
-79	43	15
-78	45	16
-77	47	16
-78	49	17
-84	56	19
-84	58	20
-73	56	19
-72	57	20
-74	62	21
-73	64	22
-72	66	23
-70	67	23
-63	63	22
-61	64	22
-64	70	24
-66	75	26
-66	78	27
-65	80	28
-63	82	29
-62	84	29
-61	87	30
-61	92	32
-62	97	34
-60	100	35
-58	100	35
-55	100	35
-57	109	38
-57	115	40
-55	118	41
-52	119	41
-49	119	41
-47	121	42
-47	129	45
-47	139	48
-44	139	48
-41	141	49
-40	151	52
-43	175	61
-39	179	62
-35	177	61
-34	194	67
-30	200	69
-28	214	74
-23	215	75
-19	227	79
-14	229	79
-9	227	79
-4	226	79
1	226	79
6	225	78
11	222	77
16	220	76
21	216	75
26	215	75
30	214	74
35	215	75
40	212	74
44	210	73
49	209	73
54	207	72
58	206	72
63	205	71
67	201	70
71	199	69
75	195	68
80	197	68
29	63	22
29	59	20
30	57	20
30	55	19
31	53	19
32	52	18
33	52	18
34	51	18
36	51	18
38	52	18
188	224	78
189	215	75
196	214	74
211	220	77
255	244	85
257	235	82
260	228	79
254	213	74
260	208	72
210	159	55
273	199	69
385	269	93
405	270	94
419	266	93
432	262	91
445	257	89
465	255	88
245	126	44
244	119	41
242	111	39
250	109	38
260	106	37
-86	17	5
-84	23	6
-74	22	6
-82	28	7
-71	27	7
-80	36	9
-80	38	10
-79	40	10
-79	42	11
-78	44	11
-78	46	12
-77	48	12
-83	54	14
-84	57	15
-72	56	15
-73	60	16
-74	63	16
-73	65	17
-71	66	17
-67	65	17
-61	63	16
-60	65	17
-67	74	19
-66	77	20
-65	79	21
-64	81	21
-62	83	22
-61	85	22
-61	89	23
-62	95	25
-61	98	26
-59	99	26
-55	98	26
-53	100	26
-57	112	29
-56	116	30
-53	118	31
-50	118	31
-48	118	31
-46	123	32
-48	136	35
-45	138	36
-42	139	36
-39	140	36
-39	152	40
-41	175	46
-37	176	46
-33	175	46
-33	194	50
-31	212	55
-26	213	55
-22	213	55
-18	226	59
-13	229	60
-8	228	59
-3	225	59
2	223	58
7	222	58
12	220	57
17	218	57
21	214	56
26	213	55
31	213	55
36	214	56
14	63	16
15	62	16
16	61	16
18	61	16
19	61	16
21	61	16
22	61	16
23	61	16
24	59	15
26	59	15
28	59	15
30	60	16
31	59	15
32	58	15
33	58	15
35	57	15
44	63	16
191	219	57
198	218	57
208	219	57
218	219	57
251	242	63
255	235	61
259	229	60
262	222	58
255	206	54
265	204	53
280	197	51
402	271	70
415	267	69
425	260	67
436	253	66
459	253	66
247	128	33
243	119	31
242	112	29
249	109	28
260	107	28
269	104	27
-86	17	5
-84	23	6
-74	22	6
-82	28	7
-71	27	7
-80	36	9
-80	38	10
-79	40	10
-79	42	11
-78	44	11
-78	46	12
-77	48	12
-83	53	14
-84	57	15
-72	56	15
-73	60	16
-74	63	16
-72	65	17
-71	66	17
-67	66	17
-61	63	16
-60	65	17
-67	74	19
-66	77	20
-65	79	21
-64	81	21
-62	83	22
-61	85	22
-61	89	23
-62	95	25
-61	98	25
-59	100	26
-56	99	26
-53	100	26
-56	111	29
-56	116	30
-53	118	31
-50	118	31
-47	118	31
-46	123	32
-48	136	35
-45	138	36
-42	139	36
-39	140	36
-39	152	40
-41	175	45
-37	176	46
-33	175	46
-33	194	51
-31	212	55
-26	213	55
-22	213	55
-18	226	59
-13	229	60
-8	228	59
-3	226	59
2	223	58
7	222	58
12	220	57
17	217	57
21	214	56
26	213	55
30	212	55
36	214	56
14	63	16
15	62	16
16	61	16
17	61	16
19	61	16
21	61	16
22	61	16
24	61	16
24	59	15
26	59	15
27	59	15
30	60	16
31	59	15
32	59	15
33	58	15
34	57	15
43	63	16
183	221	57
189	217	56
197	218	57
208	219	57
216	218	57
248	241	63
254	236	61
259	230	60
262	222	58
255	207	54
264	205	53
278	196	51
406	274	71
415	267	69
422	259	67
439	256	67
456	253	66
251	131	34
243	120	31
242	112	29
249	109	28
258	106	28
266	103	27
-86	17	4
-74	17	4
-84	22	6
-74	22	6
-82	30	8
-80	35	9
-80	37	10
-80	39	10
-79	41	11
-79	43	11
-78	45	12
-77	47	12
-82	52	14
-84	56	15
-71	55	14
-72	58	15
-74	62	16
-73	64	17
-71	66	17
-69	67	17
-62	63	16
-60	64	17
-67	73	19
-66	76	20
-65	79	20
-64	81	21
-63	82	21
-61	84	22
-61	87	23
-62	94	24
-61	97	25
-60	99	26
-56	99	26
-54	99	26
-56	109	28
-56	115	30
-54	118	31
-51	118	31
-48	118	31
-46	120	31
-47	132	34
-46	138	36
-43	138	36
-40	140	36
-39	150	39
-42	172	45
-39	177	46
-34	175	46
-31	179	46
-31	205	53
-28	212	55
-23	212	55
-19	226	59
-14	228	59
-9	227	59
-4	225	59
1	225	58
6	222	58
11	222	58
16	220	57
20	214	56
24	214	56
29	212	55
34	215	56
15	62	16
16	61	16
17	60	16
19	61	16
20	61	16
22	61	16
23	61	16
24	59	15
25	58	15
27	58	15
29	59	15
31	60	16
32	59	15
33	58	15
34	57	15
43	63	16
44	62	16
180	220	57
186	217	56
194	217	56
204	218	57
213	218	57
251	246	64
254	238	62
258	231	60
262	225	58
254	208	54
263	206	54
211	157	41
279	199	52
394	270	70
410	268	70
425	264	69
438	259	67
449	253	66
470	251	65
243	122	32
242	114	30
246	110	29
255	107	28
264	104	27
274	101	26
-86	17	4
-74	17	4
-84	22	6
-74	22	6
-82	30	8
-80	35	9
-80	37	10
-79	39	10
-79	41	11
-79	43	11
-78	45	12
-77	47	12
-82	52	14
-85	56	15
-71	55	14
-72	58	15
-74	62	16
-73	64	17
-71	66	17
-69	67	17
-62	62	16
-60	64	17
-66	73	19
-66	76	20
-66	79	20
-64	81	21
-63	82	21
-61	84	22
-61	87	23
-62	93	24
-61	97	25
-60	99	26
-57	100	26
-54	99	26
-57	109	28
-56	115	30
-54	118	31
-51	118	31
-48	117	31
-46	120	31
-48	132	34
-46	138	36
-43	138	36
-40	140	36
-39	150	39
-42	172	45
-39	176	46
-34	175	46
-31	178	46
-31	205	53
-28	212	55
-23	212	55
-19	228	59
-14	228	59
-9	227	59
-4	225	59
1	224	58
6	222	58
11	222	58
15	220	57
20	214	56
24	214	56
29	212	55
34	213	55
14	62	16
16	61	16
17	60	16
19	61	16
20	61	16
22	61	16
23	61	16
24	59	15
25	58	15
27	59	15
28	59	15
30	60	16
32	58	15
33	58	15
34	57	15
43	63	16
44	62	16
180	220	57
186	216	56
194	216	56
204	218	57
213	218	57
251	246	64
254	238	62
258	231	60
262	224	58
254	208	54
264	206	54
211	157	41
279	199	52
394	269	70
411	268	70
425	264	69
438	259	67
449	252	66
471	251	65
243	122	32
242	114	30
246	110	29
256	107	28
265	104	27
271	100	26
-56	7	1
-53	8	1
-52	9	2
-52	10	2
-87	17	3
-84	22	4
-74	22	4
-82	30	5
-81	36	6
-80	37	6
-79	39	7
-79	41	7
-78	43	8
-78	45	8
-77	47	8
-82	52	9
-85	57	10
-84	59	10
-84	62	11
-71	55	10
-72	59	10
-74	62	11
-73	64	11
-71	66	11
-69	67	12
-61	62	11
-60	64	11
-66	73	13
-66	76	13
-65	78	14
-64	81	14
-62	82	14
-61	84	15
-61	88	15
-62	93	16
-61	96	17
-59	99	17
-57	99	17
-54	99	17
-57	111	19
-56	115	20
-54	117	20
-51	117	20
-48	117	20
-46	119	21
-49	135	23
-46	137	24
-43	138	24
-40	140	24
-40	150	26
-42	172	30
-39	176	31
-34	175	30
-31	177	31
-32	209	36
-28	213	37
-23	212	37
-20	227	39
-15	228	40
-9	227	39
-4	226	39
0	224	39
6	222	38
10	220	38
15	219	38
19	214	37
24	216	37
29	213	37
12	61	11
13	59	10
14	58	10
15	57	10
16	57	10
18	58	10
19	57	10
21	58	10
22	58	10
23	58	10
25	58	10
26	58	10
28	58	10
29	58	10
31	57	10
31	56	10
33	56	10
36	57	10
39	60	10
39	57	10
41	57	10
43	58	10
47	61	11
50	61	11
51	60	10
53	60	10
214	220	38
252	238	41
254	230	40
256	221	38
252	208	36
260	205	36
209	157	27
270	194	34
400	276	48
408	269	47
419	263	46
431	257	45
444	252	44
458	247	43
246	125	22
243	116	20
243	109	19
251	107	19
263	105	18
274	103	18
285	100	17
-56	7	1
-53	8	1
-52	9	1
-52	10	2
-74	21	4
-82	29	5
-71	28	5
-81	35	6
-80	37	6
-79	39	7
-79	41	7
-79	43	7
-78	45	8
-78	47	8
-81	52	9
-85	56	10
-84	58	10
-84	61	11
-71	55	10
-72	58	10
-74	62	11
-73	64	11
-71	65	11
-69	66	11
-62	62	11
-60	63	11
-66	72	12
-66	75	13
-65	78	14
-64	80	14
-63	82	14
-61	84	15
-61	87	15
-62	93	16
-61	96	17
-60	98	17
-57	99	17
-54	98	17
-56	107	19
-57	114	20
-55	117	20
-52	117	20
-49	117	20
-46	119	21
-48	132	23
-47	137	24
-44	139	24
-41	141	25
-40	148	26
-41	164	29
-40	176	31
-36	176	30
-32	176	31
-31	198	34
-29	213	37
-24	212	37
-22	233	41
-16	226	39
-11	225	39
-6	226	39
-1	222	39
4	221	38
9	221	38
14	220	38
18	217	38
22	214	37
27	212	37
11	62	11
12	60	10
13	59	10
14	57	10
16	57	10
17	57	10
18	57	10
20	58	10
22	59	10
23	58	10
25	59	10
26	58	10
27	58	10
29	58	10
30	57	10
31	56	10
32	55	10
35	57	10
38	59	10
39	58	10
40	57	10
42	57	10
47	61	11
49	61	11
51	61	11
53	60	10
217	218	38
248	238	41
257	236	41
254	223	39
256	206	36
265	204	35
279	196	34
405	272	47
414	265	46
425	259	45
437	254	44
455	251	44
245	127	22
245	120	21
241	111	19
249	109	19
260	107	19
268	103	18
279	100	17
-56	7	1
-53	8	1
-52	9	2
-52	10	2
-87	17	3
-74	16	3
-84	22	4
-72	21	4
-82	29	5
-80	35	6
-80	37	6
-79	39	7
-79	41	7
-78	43	7
-78	45	8
-78	47	8
-81	52	9
-85	56	10
-84	59	10
-84	61	11
-71	55	10
-72	58	10
-74	62	11
-73	64	11
-71	65	11
-69	66	11
-61	62	11
-60	63	11
-66	72	13
-66	75	13
-65	78	14
-64	80	14
-63	82	14
-61	84	15
-61	87	15
-62	92	16
-61	96	17
-60	98	17
-57	99	17
-54	99	17
-57	109	19
-56	114	20
-54	117	20
-51	117	20
-48	117	20
-46	119	21
-48	132	23
-46	137	24
-44	139	24
-42	142	25
-40	147	26
-42	169	29
-40	176	31
-35	175	30
-32	177	31
-31	199	35
-29	212	37
-24	210	36
-21	230	40
-16	226	39
-11	227	39
-5	225	39
0	223	39
4	222	38
9	220	38
14	218	38
18	215	37
23	213	37
27	212	37
11	62	11
12	60	10
13	59	10
15	57	10
16	57	10
17	56	10
18	57	10
20	58	10
22	58	10
23	58	10
25	59	10
26	58	10
28	58	10
29	58	10
30	57	10
31	56	10
33	55	10
35	57	10
38	60	10
39	58	10
40	57	10
42	57	10
47	61	11
50	62	11
51	61	11
53	60	10
218	217	38
254	243	42
258	236	41
263	230	40
264	221	38
257	205	36
268	206	36
284	199	34
400	268	47
414	264	46
430	261	45
442	256	45
456	251	44
247	128	22
243	119	21
242	112	19
249	109	19
258	106	18
266	102	18
277	100	17
-56	6	1
-53	8	1
-52	9	2
-52	10	2
-84	22	4
-72	21	4
-82	29	5
-71	28	5
-80	35	6
-80	37	6
-79	39	7
-79	41	7
-78	43	7
-78	45	8
-77	47	8
-81	52	9
-85	56	10
-84	58	10
-84	61	11
-71	55	10
-72	58	10
-74	62	11
-73	64	11
-71	65	11
-69	66	11
-62	62	11
-60	63	11
-66	72	13
-66	75	13
-65	78	14
-64	80	14
-63	82	14
-61	84	15
-60	87	15
-61	92	16
-61	96	17
-60	99	17
-57	99	17
-54	99	17
-56	108	19
-56	115	20
-54	117	20
-51	117	20
-48	117	20
-46	119	21
-49	135	23
-46	137	24
-43	138	24
-41	141	24
-40	149	26
-41	169	29
-39	176	31
-35	175	30
-31	177	31
-31	202	35
-28	212	37
-23	211	37
-20	226	39
-15	227	39
-10	225	39
-5	226	39
0	223	39
5	222	38
10	221	38
15	220	38
19	217	38
24	214	37
28	212	37
12	61	11
12	60	10
14	58	10
15	57	10
16	57	10
17	57	10
19	57	10
21	58	10
22	58	10
23	58	10
25	58	10
26	58	10
28	58	10
29	58	10
31	57	10
31	55	10
33	56	10
36	58	10
39	60	10
40	58	10
41	57	10
43	58	10
47	61	11
50	62	11
52	60	11
53	60	10
213	219	38
257	242	42
260	235	41
263	227	39
253	209	36
262	207	36
211	158	27
274	198	34
387	267	46
404	266	46
422	265	46
435	260	45
448	255	44
466	252	44
246	125	22
243	116	20
242	109	19
253	108	19
262	105	18
273	102	18
281	98	17
-56	6	1
-53	7	1
-52	8	1
-52	9	1
-51	10	1
-51	11	1
-51	12	1
-50	14	1
-50	15	1
-50	16	1
-49	17	1
-50	18	2
-72	27	2
-80	36	3
-80	38	3
-79	39	3
-79	42	4
-78	43	4
-78	45	4
-77	47	4
-77	49	4
-76	52	5
-76	54	5
-74	55	5
-72	56	5
-74	59	5
-73	62	5
-72	64	6
-70	65	6
-67	65	6
-61	62	5
-61	64	6
-67	74	6
-66	77	7
-65	79	7
-64	81	7
-63	83	7
-61	84	7
-61	89	8
-62	94	8
-61	97	8
-59	98	9
-56	98	9
-54	99	9
-58	112	10
-56	115	10
-54	117	10
-50	116	10
-47	116	10
-45	119	10
-49	135	12
-46	137	12
-43	138	12
-40	140	12
-40	150	13
-42	172	15
-38	174	15
-34	175	15
-32	184	16
-32	211	18
-27	211	18
-23	211	18
-19	226	20
-14	225	20
-9	221	19
-4	221	19
1	218	19
6	218	19
10	217	19
7	73	6
8	73	6
9	63	6
10	60	5
11	58	5
12	57	5
13	56	5
14	55	5
15	54	5
17	55	5
18	54	5
19	54	5
21	56	5
22	55	5
24	55	5
25	55	5
27	55	5
28	56	5
30	55	5
32	56	5
33	54	5
34	55	5
36	55	5
38	56	5
40	55	5
44	58	5
46	58	5
48	58	5
49	57	5
51	57	5
53	57	5
252	237	21
256	230	20
258	222	19
259	204	18
221	166	14
270	194	17
405	266	23
419	262	23
427	255	22
441	250	22
461	248	22
246	124	11
242	116	10
242	109	10
251	107	9
261	105	9
271	102	9
282	99	9
292	95	8
-56	6	1
-53	7	1
-52	8	1
-52	9	1
-51	10	1
-51	11	1
-51	12	1
-50	14	1
-50	15	1
-50	16	1
-49	17	1
-50	18	2
-71	27	2
-81	34	3
-80	36	3
-80	38	3
-79	40	3
-79	42	4
-78	44	4
-78	46	4
-77	47	4
-77	50	4
-76	52	5
-76	54	5
-73	55	5
-72	56	5
-73	60	5
-73	62	5
-72	64	6
-70	65	6
-66	64	6
-61	62	5
-60	64	6
-66	74	6
-66	77	7
-65	79	7
-64	81	7
-62	83	7
-61	85	7
-62	90	8
-62	94	8
-61	97	9
-58	98	9
-55	98	9
-53	99	9
-57	112	10
-56	116	10
-53	116	10
-50	116	10
-47	117	10
-46	122	11
-48	135	12
-45	137	12
-43	139	12
-39	139	12
-39	151	13
-41	174	15
-38	174	15
-33	174	15
-33	193	17
-32	212	19
-26	210	18
-22	211	18
-18	226	20
-13	224	20
-8	222	19
-3	222	19
2	218	19
7	218	19
11	214	19
7	72	6
9	62	5
10	59	5
11	58	5
13	56	5
13	56	5
15	55	5
16	53	5
17	56	5
18	54	5
20	54	5
22	55	5
23	55	5
24	54	5
26	56	5
27	55	5
29	55	5
30	55	5
32	56	5
33	56	5
35	55	5
37	55	5
39	56	5
41	57	5
44	58	5
46	58	5
48	58	5
49	57	5
51	56	5
54	58	5
253	235	21
257	229	20
259	221	19
252	205	18
260	202	18
210	156	14
272	193	17
409	266	23
421	260	23
435	256	22
451	252	22
463	246	22
246	123	11
243	114	10
244	108	9
255	107	9
263	103	9
275	101	9
283	98	9
294	94	8
-56	6	1
-53	7	1
-52	8	1
-52	9	1
-51	10	1
-51	11	1
-51	13	1
-50	14	1
-50	15	1
-50	16	1
-49	17	1
-49	18	2
-71	26	2
-80	36	3
-80	38	3
-79	40	3
-79	41	4
-78	43	4
-78	45	4
-77	47	4
-76	49	4
-76	51	5
-75	53	5
-74	55	5
-72	56	5
-73	59	5
-73	62	5
-72	64	6
-70	65	6
-66	64	6
-61	62	5
-60	64	6
-66	74	6
-66	77	7
-65	79	7
-64	81	7
-62	83	7
-61	85	7
-61	89	8
-62	94	8
-61	97	9
-58	98	9
-55	98	9
-53	99	9
-57	112	10
-56	116	10
-53	116	10
-50	115	10
-47	116	10
-46	121	11
-48	135	12
-45	137	12
-43	139	12
-39	139	12
-39	150	13
-41	174	15
-38	174	15
-34	174	15
-33	192	17
-32	210	18
-27	210	18
-22	209	18
-19	226	20
-13	223	20
-8	222	19
-3	220	19
1	218	19
6	216	19
7	72	6
9	74	6
9	63	5
10	59	5
11	58	5
12	56	5
13	56	5
15	55	5
15	53	5
17	55	5
18	54	5
19	54	5
22	56	5
23	55	5
24	54	5
26	55	5
27	55	5
29	55	5
30	55	5
32	56	5
33	55	5
35	54	5
36	55	5
38	56	5
40	55	5
44	58	5
46	58	5
48	58	5
50	57	5
51	56	5
54	57	5
260	233	20
262	225	20
252	206	18
259	203	18
210	156	14
275	196	17
387	265	23
404	263	23
423	263	23
437	258	23
448	252	22
465	248	22
246	123	11
243	115	10
244	109	10
253	107	9
262	103	9
270	100	9
283	98	9
292	94	8
-58	5	0
-55	6	1
-53	7	1
-52	8	1
-52	9	1
-51	10	1
-51	11	1
-51	13	1
-50	14	1
-50	15	1
-50	16	1
-49	17	1
-81	34	3
-80	36	3
-80	38	3
-79	40	4
-78	42	4
-78	44	4
-77	46	4
-77	48	4
-76	50	4
-76	52	5
-75	54	5
-73	55	5
-72	57	5
-73	60	5
-73	63	5
-72	64	6
-70	65	6
-63	62	5
-61	63	5
-60	65	6
-66	74	7
-66	77	7
-65	79	7
-64	81	7
-62	83	7
-61	86	7
-62	91	8
-62	95	8
-60	98	9
-58	98	9
-55	98	9
-53	101	9
-57	113	10
-55	116	10
-52	116	10
-49	116	10
-46	117	10
-46	124	11
-47	136	12
-45	137	12
-42	139	12
-39	139	12
-39	151	13
-41	174	15
-37	174	15
-33	174	15
-32	195	17
-30	211	18
-25	209	18
-24	242	21
-17	225	20
-12	223	20
-7	222	19
-2	221	19
3	220	19
8	216	19
6	73	6
7	72	6
9	74	6
9	61	5
11	59	5
12	58	5
13	56	5
14	55	5
15	55	5
16	53	5
18	54	5
19	55	5
20	54	5
22	55	5
23	55	5
24	54	5
26	55	5
28	55	5
29	55	5
31	55	5
32	55	5
34	55	5
35	55	5
37	55	5
40	56	5
43	58	5
45	58	5
47	58	5
49	58	5
50	57	5
52	57	5
58	61	5
254	244	21
257	236	21
261	229	20
264	222	19
256	205	18
264	202	18
279	195	17
395	265	23
414	264	23
429	261	23
442	255	22
456	250	22
248	128	11
243	119	10
242	111	10
247	108	9
257	105	9
266	102	9
276	99	9
288	96	8
-57	4	0
-55	5	0
-53	6	0
-52	8	0
-52	9	0
-51	10	0
-51	11	0
-51	12	0
-50	13	0
-50	14	0
-50	15	0
-50	16	0
-49	17	0
-81	35	0
-80	37	0
-79	38	0
-79	41	0
-78	42	0
-78	44	0
-77	46	0
-77	48	0
-76	50	0
-76	52	0
-75	54	0
-72	55	0
-73	58	0
-74	61	0
-73	63	0
-71	64	0
-69	65	0
-62	61	0
-60	63	0
-66	72	0
-67	75	0
-66	78	0
-64	80	0
-63	81	0
-61	83	0
-61	86	0
-62	92	0
-61	95	0
-59	97	0
-57	97	0
-54	97	0
-57	108	0
-57	114	0
-54	115	0
-51	115	0
-48	115	0
-46	117	0
-49	133	0
-47	135	0
-44	138	0
-42	141	0
-38	139	0
-41	162	0
-40	173	0
-35	172	0
-32	173	0
-33	204	0
-29	210	0
-24	208	0
-21	224	0
-16	223	0
-11	222	0
-6	222	0
-1	220	0
4	219	0
9	217	0
6	71	0
8	70	0
8	59	0
10	57	0
10	57	0
12	55	0
13	54	0
14	53	0
15	53	0
16	52	0
18	55	0
19	53	0
20	52	0
21	53	0
23	53	0
24	53	0
26	53	0
27	53	0
29	53	0
30	53	0
32	53	0
33	53	0
35	54	0
37	53	0
39	54	0
41	54	0
44	55	0
46	55	0
48	56	0
49	55	0
51	54	0
57	58	0
256	230	0
256	221	0
260	214	0
256	202	0
266	200	0
280	193	0
405	267	0
415	260	0
424	253	0
435	247	0
457	247	0
248	125	0
245	117	0
243	110	0
249	106	0
260	104	0
267	101	0
272	96	0
278	91	0
284	86	0
-56	5	0
-53	6	0
-52	7	0
-52	8	0
-52	10	0
-51	10	0
-51	12	0
-51	13	0
-50	14	0
-50	15	0
-50	16	0
-49	17	0
-81	34	0
-80	36	0
-80	38	0
-79	40	0
-78	41	0
-78	43	0
-77	45	0
-77	47	0
-76	49	0
-76	51	0
-76	54	0
-73	54	0
-72	56	0
-74	60	0
-73	62	0
-72	64	0
-70	65	0
-63	62	0
-61	62	0
-60	64	0
-66	74	0
-66	76	0
-65	79	0
-64	80	0
-62	82	0
-61	85	0
-62	90	0
-62	94	0
-60	96	0
-58	97	0
-55	97	0
-53	99	0
-58	112	0
-56	115	0
-53	115	0
-50	115	0
-47	116	0
-47	124	0
-48	134	0
-45	136	0
-42	138	0
-39	138	0
-39	151	0
-41	172	0
-37	172	0
-33	172	0
-33	193	0
-31	208	0
-26	209	0
-21	209	0
-18	223	0
-13	225	0
-8	224	0
-3	222	0
2	218	0
7	219	0
12	216	0
7	71	0
8	61	0
9	58	0
10	57	0
11	56	0
12	54	0
13	53	0
14	53	0
16	53	0
17	52	0
19	54	0
20	53	0
21	52	0
22	54	0
24	53	0
25	52	0
27	53	0
28	53	0
30	53	0
31	53	0
32	53	0
35	54	0
36	53	0
38	53	0
39	53	0
43	55	0
45	55	0
46	55	0
49	55	0
50	55	0
52	54	0
58	58	0
253	233	0
257	227	0
259	218	0
254	205	0
260	200	0
211	155	0
272	191	0
397	267	0
408	263	0
422	258	0
432	252	0
447	248	0
466	245	0
244	120	0
243	113	0
243	107	0
253	105	0
263	102	0
275	100	0
273	93	0
281	89	0
287	84	0
-56	5	0
-53	6	0
-52	7	0
-52	8	0
-51	9	0
-51	11	0
-51	11	0
-50	13	0
-50	14	0
-50	15	0
-49	16	0
-49	17	0
-81	34	0
-80	36	0
-79	38	0
-79	40	0
-78	42	0
-78	44	0
-77	46	0
-77	47	0
-76	49	0
-76	52	0
-75	54	0
-72	54	0
-72	56	0
-73	60	0
-73	62	0
-72	64	0
-70	65	0
-63	62	0
-60	62	0
-60	65	0
-66	74	0
-66	77	0
-65	79	0
-63	81	0
-62	82	0
-61	85	0
-62	91	0
-62	95	0
-60	96	0
-57	97	0
-55	97	0
-55	103	0
-57	113	0
-55	115	0
-52	115	0
-49	115	0
-46	116	0
-50	133	0
-47	135	0
-44	137	0
-42	139	0
-38	138	0
-39	152	0
-40	172	0
-36	172	0
-32	173	0
-32	197	0
-30	210	0
-25	207	0
-23	230	0
-17	223	0
-11	222	0
-7	221	0
-2	220	0
3	219	0
8	218	0
13	214	0
8	70	0
8	60	0
9	58	0
10	56	0
11	56	0
13	54	0
14	53	0
15	54	0
16	53	0
18	54	0
19	53	0
20	52	0
21	52	0
23	54	0
24	52	0
25	53	0
27	53	0
28	53	0
30	53	0
31	53	0
33	53	0
35	54	0
36	53	0
38	53	0
40	53	0
43	55	0
45	55	0
47	56	0
49	55	0
51	54	0
56	58	0
58	58	0
258	234	0
261	226	0
264	219	0
256	203	0
265	201	0
282	195	0
397	263	0
414	261	0
429	258	0
439	251	0
456	248	0
248	126	0
242	117	0
241	110	0
248	106	0
256	104	0
264	100	0
274	97	0
274	90	0
283	87	0
-57	4	0
-55	6	0
-52	7	0
-52	8	0
-52	9	0
-51	10	0
-51	11	0
-51	12	0
-50	13	0
-50	14	0
-50	15	0
-49	16	0
-49	17	0
-71	26	0
-80	35	0
-80	37	0
-79	39	0
-79	41	0
-78	42	0
-78	44	0
-77	46	0
-76	48	0
-76	50	0
-76	52	0
-75	55	0
-72	55	0
-73	58	0
-73	61	0
-72	63	0
-71	64	0
-69	65	0
-61	61	0
-60	63	0
-67	73	0
-66	75	0
-65	78	0
-64	80	0
-63	81	0
-61	83	0
-61	87	0
-62	93	0
-61	96	0
-59	97	0
-56	97	0
-53	98	0
-58	111	0
-56	114	0
-54	115	0
-50	115	0
-48	115	0
-46	118	0
-49	134	0
-46	135	0
-43	137	0
-40	139	0
-39	146	0
-42	170	0
-38	172	0
-34	172	0
-33	186	0
-32	208	0
-27	209	0
-22	207	0
-19	223	0
-14	224	0
-9	223	0
-4	221	0
1	220	0
6	220	0
11	219	0
7	71	0
8	63	0
9	58	0
10	57	0
11	56	0
12	55	0
13	54	0
14	53	0
16	53	0
17	53	0
18	54	0
20	53	0
20	52	0
22	53	0
24	53	0
25	53	0
26	53	0
28	53	0
29	54	0
31	53	0
32	53	0
35	54	0
36	53	0
37	53	0
39	53	0
43	55	0
45	55	0
46	55	0
49	56	0
50	54	0
52	54	0
58	58	0
258	238	0
259	228	0
262	221	0
253	204	0
261	201	0
210	154	0
276	194	0
389	263	0
404	260	0
421	259	0
439	256	0
448	249	0
470	248	0
244	121	0
242	113	0
244	108	0
254	106	0
263	103	0
272	99	0
271	92	0
280	89	0
281	82	0
-58	3	0
-55	5	0
-53	5	0
-52	7	-1
-52	8	-1
-52	9	-1
-51	10	-1
-51	11	-1
-51	12	-1
-50	13	-1
-50	14	-1
-50	15	-1
-50	16	-1
-80	35	-3
-80	36	-3
-79	38	-3
-79	40	-4
-78	42	-4
-78	44	-4
-78	46	-4
-77	48	-4
-76	50	-4
-76	52	-5
-75	54	-5
-72	54	-5
-73	57	-5
-73	60	-5
-73	62	-6
-71	64	-6
-69	64	-6
-61	60	-5
-60	62	-6
-66	71	-6
-66	74	-7
-65	76	-7
-64	78	-7
-63	80	-7
-61	82	-7
-61	85	-8
-62	91	-8
-61	94	-8
-59	95	-9
-56	95	-9
-54	96	-9
-56	105	-9
-57	112	-10
-54	113	-10
-51	113	-10
-48	113	-10
-46	114	-10
-49	130	-12
-47	133	-12
-44	136	-12
-42	138	-12
-38	138	-12
-38	152	-14
-39	169	-15
-35	169	-15
-31	170	-15
-31	193	-17
-29	208	-19
-24	205	-18
-20	217	-20
-16	220	-20
-11	219	-20
-5	218	-20
0	217	-20
4	215	-19
9	216	-19
14	213	-19
7	58	-5
8	56	-5
9	55	-5
10	54	-5
11	53	-5
13	52	-5
13	51	-5
15	51	-5
16	51	-5
17	51	-5
19	53	-5
20	51	-5
21	50	-5
22	51	-5
24	51	-5
25	50	-5
26	50	-5
28	50	-5
29	50	-5
31	51	-5
32	50	-5
35	52	-5
36	52	-5
38	51	-5
39	51	-5
41	51	-5
44	53	-5
47	53	-5
48	53	-5
50	52	-5
53	53	-5
57	55	-5
259	210	-19
257	200	-18
266	198	-18
278	188	-17
404	263	-24
414	256	-23
427	252	-23
438	246	-22
452	241	-22
249	125	-11
246	117	-11
243	109	-10
249	105	-9
257	102	-9
266	99	-9
263	92	-8
269	88	-8
260	79	-7
260	72	-7
-57	4	0
-54	5	0
-53	6	-1
-52	7	-1
-52	8	-1
-52	9	-1
-51	10	-1
-51	11	-1
-50	12	-1
-50	14	-1
-50	15	-1
-50	16	-1
-49	17	-2
-80	33	-3
-80	35	-3
-79	37	-3
-79	39	-4
-78	41	-4
-78	43	-4
-77	45	-4
-77	47	-4
-77	49	-4
-76	51	-5
-76	53	-5
-73	53	-5
-72	55	-5
-73	59	-5
-73	61	-6
-72	63	-6
-70	64	-6
-63	61	-5
-60	61	-5
-60	63	-6
-66	72	-7
-66	75	-7
-65	77	-7
-64	79	-7
-62	81	-7
-61	83	-8
-62	88	-8
-62	93	-8
-60	95	-9
-58	95	-9
-55	95	-9
-53	97	-9
-57	110	-10
-56	113	-10
-53	114	-10
-50	113	-10
-47	114	-10
-45	117	-11
-48	133	-12
-45	134	-12
-42	137	-12
-39	136	-12
-39	148	-13
-40	168	-15
-36	169	-15
-33	170	-15
-32	189	-17
-30	206	-19
-25	205	-18
-21	205	-19
-18	221	-20
-12	222	-20
-7	220	-20
-2	218	-20
3	217	-20
8	215	-19
12	213	-19
7	60	-5
8	57	-5
9	55	-5
10	54	-5
11	53	-5
12	52	-5
13	51	-5
14	51	-5
16	51	-5
17	51	-5
19	53	-5
20	52	-5
20	50	-4
22	51	-5
23	51	-5
24	50	-5
26	50	-5
27	50	-5
29	50	-5
30	51	-5
32	51	-5
34	51	-5
36	52	-5
37	52	-5
39	51	-5
41	51	-5
43	52	-5
46	53	-5
48	53	-5
49	53	-5
51	52	-5
56	55	-5
59	56	-5
257	221	-20
259	213	-19
252	199	-18
263	198	-18
209	150	-14
275	189	-17
404	266	-24
413	259	-23
422	253	-23
433	246	-22
454	246	-22
470	241	-22
245	118	-11
242	110	-10
246	105	-10
255	103	-9
265	101	-9
263	93	-8
267	89	-8
261	80	-7
261	74	-7
-57	4	0
-54	5	0
-53	6	-1
-52	7	-1
-52	8	-1
-51	9	-1
-51	10	-1
-51	11	-1
-51	12	-1
-50	13	-1
-50	14	-1
-50	15	-1
-49	17	-1
-80	35	-3
-79	37	-3
-79	39	-4
-78	41	-4
-78	43	-4
-77	44	-4
-77	46	-4
-76	48	-4
-76	50	-5
-75	52	-5
-73	53	-5
-72	55	-5
-73	58	-5
-73	61	-5
-72	63	-6
-70	64	-6
-63	60	-5
-61	61	-5
-60	63	-6
-66	72	-6
-66	75	-7
-65	77	-7
-64	79	-7
-62	81	-7
-61	83	-8
-61	88	-8
-62	92	-8
-61	95	-9
-58	96	-9
-55	96	-9
-53	96	-9
-57	110	-10
-56	113	-10
-53	114	-10
-50	113	-10
-47	114	-10
-45	116	-11
-48	132	-12
-45	134	-12
-42	136	-12
-39	137	-12
-39	147	-13
-41	167	-15
-37	169	-15
-33	170	-15
-32	189	-17
-31	206	-19
-26	206	-19
-21	206	-19
-18	220	-20
-13	222	-20
-8	221	-20
-2	217	-20
3	217	-20
7	216	-19
12	213	-19
7	60	-5
8	57	-5
9	55	-5
10	54	-5
11	53	-5
12	52	-5
13	51	-5
14	51	-5
16	51	-5
17	51	-5
19	53	-5
20	52	-5
20	50	-5
22	51	-5
23	51	-5
25	50	-5
26	50	-4
27	50	-5
29	50	-5
30	51	-5
32	51	-5
34	51	-5
36	52	-5
37	52	-5
39	51	-5
40	51	-5
43	53	-5
46	53	-5
48	53	-5
49	52	-5
51	52	-5
56	55	-5
59	56	-5
259	223	-20
263	216	-20
255	200	-18
267	200	-18
212	151	-14
281	192	-17
397	261	-24
411	257	-23
427	255	-23
440	249	-22
455	245	-22
471	241	-22
245	118	-11
242	109	-10
246	105	-9
255	103	-9
264	100	-9
262	93	-8
267	88	-8
261	80	-7
261	74	-7
-58	3	0
-55	5	0
-53	6	-1
-52	7	-1
-52	8	-1
-52	9	-1
-51	10	-1
-51	11	-1
-51	12	-1
-50	13	-1
-50	14	-1
-50	15	-1
-49	16	-1
-80	35	-3
-79	36	-3
-79	38	-3
-79	40	-4
-78	42	-4
-78	44	-4
-77	46	-4
-76	48	-4
-76	50	-5
-76	52	-5
-74	53	-5
-72	55	-5
-73	58	-5
-73	60	-5
-72	62	-6
-71	64	-6
-67	63	-6
-61	60	-5
-60	62	-6
-66	72	-6
-66	74	-7
-65	77	-7
-64	79	-7
-62	81	-7
-61	83	-7
-61	87	-8
-62	92	-8
-61	94	-9
-58	96	-9
-56	95	-9
-53	96	-9
-57	109	-10
-56	112	-10
-53	114	-10
-50	113	-10
-47	113	-10
-45	116	-10
-48	132	-12
-45	134	-12
-43	136	-12
-40	137	-12
-39	146	-13
-41	167	-15
-37	169	-15
-33	170	-15
-33	189	-17
-31	207	-19
-26	206	-19
-21	203	-18
-18	220	-20
-13	222	-20
-8	221	-20
-3	217	-20
2	216	-20
7	216	-19
12	213	-19
7	61	-5
8	57	-5
9	55	-5
10	54	-5
11	53	-5
12	52	-5
13	51	-5
14	51	-5
16	51	-5
17	51	-5
19	53	-5
20	53	-5
20	50	-5
22	51	-5
23	51	-5
24	50	-5
26	50	-4
27	50	-5
29	51	-5
30	51	-5
32	51	-5
33	51	-5
36	52	-5
37	52	-5
39	51	-5
40	51	-5
43	52	-5
46	53	-5
48	53	-5
49	52	-5
51	52	-5
56	55	-5
59	56	-5
261	224	-20
263	216	-19
255	200	-18
265	199	-18
210	150	-14
279	191	-17
397	261	-24
411	258	-23
427	255	-23
439	250	-23
455	246	-22
474	243	-22
245	118	-11
242	110	-10
246	105	-9
255	103	-9
264	100	-9
262	93	-8
267	88	-8
261	80	-7
260	74	-7
-56	3	-1
-53	4	-1
-53	5	-1
-52	6	-1
-52	7	-1
-52	8	-1
-52	9	-2
-51	10	-2
-51	11	-2
-51	13	-2
-51	14	-2
-50	15	-3
-50	15	-3
-50	17	-3
-81	33	-6
-80	35	-6
-80	37	-7
-79	38	-7
-79	40	-7
-78	42	-8
-78	44	-8
-77	46	-8
-77	48	-9
-76	50	-9
-76	52	-10
-73	53	-10
-72	54	-10
-73	57	-11
-73	60	-11
-72	62	-11
-70	63	-12
-63	60	-11
-61	59	-11
-60	61	-11
-66	71	-13
-66	73	-14
-65	76	-14
-64	77	-14
-62	80	-15
-61	81	-15
-62	86	-16
-62	90	-17
-60	93	-17
-58	94	-17
-55	94	-17
-53	95	-17
-57	107	-20
-56	111	-21
-53	112	-21
-50	112	-21
-47	112	-21
-45	114	-21
-48	130	-24
-45	132	-24
-43	135	-25
-39	136	-25
-39	145	-27
-40	164	-30
-36	166	-31
-32	166	-31
-29	169	-31
-30	201	-37
-26	204	-38
-21	203	-37
-17	215	-40
-12	215	-40
-7	214	-40
-2	214	-40
3	211	-39
8	208	-38
5	58	-11
7	56	-10
8	52	-10
9	51	-10
10	51	-9
11	50	-9
12	50	-9
13	50	-9
15	50	-9
16	50	-9
17	52	-10
18	51	-9
19	49	-9
20	48	-9
22	48	-9
23	48	-9
24	48	-9
25	47	-9
27	47	-9
28	48	-9
30	48	-9
32	49	-9
33	49	-9
35	49	-9
37	49	-9
38	49	-9
40	50	-9
42	49	-9
44	49	-9
46	50	-9
49	51	-9
51	51	-9
55	52	-10
57	52	-10
247	198	-37
256	196	-36
265	194	-36
277	186	-34
401	258	-48
412	253	-47
423	247	-46
439	244	-45
455	241	-45
245	116	-21
243	108	-20
246	104	-19
258	102	-19
266	99	-18
266	93	-17
265	86	-16
260	79	-15
254	71	-13
255	65	-12
260	61	-11
-55	3	-1
-53	5	-1
-53	6	-1
-52	7	-1
-52	8	-1
-52	9	-2
-51	10	-2
-51	11	-2
-51	12	-2
-51	13	-2
-50	14	-3
-50	15	-3
-50	16	-3
-80	34	-6
-80	36	-7
-79	38	-7
-79	40	-7
-78	41	-8
-78	43	-8
-77	45	-8
-77	47	-9
-76	49	-9
-76	51	-9
-75	53	-10
-72	54	-10
-73	56	-10
-73	59	-11
-73	61	-11
-71	63	-12
-69	63	-12
-61	59	-11
-60	60	-11
-64	68	-13
-66	73	-13
-65	75	-14
-64	77	-14
-63	79	-15
-61	81	-15
-61	84	-16
-62	89	-16
-61	92	-17
-59	93	-17
-56	94	-17
-53	94	-17
-53	98	-18
-57	110	-20
-54	112	-21
-51	111	-21
-48	112	-21
-45	113	-21
-49	129	-24
-46	131	-24
-44	134	-25
-41	138	-25
-39	142	-26
-41	162	-30
-38	166	-31
-34	166	-31
-30	167	-31
-30	189	-35
-28	204	-38
-23	203	-38
-18	210	-39
-14	217	-40
-9	215	-40
-4	212	-39
1	211	-39
6	210	-39
6	57	-10
7	53	-10
8	52	-10
9	51	-9
11	51	-9
12	50	-9
13	50	-9
14	50	-9
15	50	-9
17	51	-9
18	52	-10
19	50	-9
20	49	-9
21	48	-9
22	48	-9
23	48	-9
25	47	-9
26	47	-9
28	48	-9
29	48	-9
31	48	-9
33	49	-9
34	48	-9
36	50	-9
38	49	-9
40	49	-9
42	50	-9
44	50	-9
45	49	-9
48	50	-9
51	51	-9
54	52	-10
56	52	-10
245	199	-37
254	197	-36
264	196	-36
210	149	-28
274	186	-34
404	263	-49
410	255	-47
420	249	-46
432	244	-45
445	238	-44
463	236	-44
247	118	-22
243	110	-20
243	104	-19
253	102	-19
263	99	-18
274	97	-18
262	87	-16
266	82	-15
254	72	-13
254	67	-12
257	62	-11
-54	4	-1
-53	5	-1
-52	6	-1
-52	7	-1
-52	8	-1
-51	9	-2
-51	10	-2
-51	11	-2
-51	12	-2
-50	13	-2
-50	14	-3
-50	15	-3
-50	16	-3
-80	34	-6
-79	36	-7
-79	38	-7
-79	40	-7
-78	42	-8
-77	43	-8
-77	45	-8
-77	47	-9
-76	49	-9
-76	51	-9
-75	53	-10
-72	54	-10
-73	57	-10
-73	59	-11
-72	61	-11
-71	63	-12
-67	62	-11
-61	59	-11
-60	61	-11
-66	69	-13
-66	73	-13
-65	75	-14
-64	77	-14
-62	79	-15
-61	81	-15
-61	85	-16
-62	90	-17
-61	92	-17
-58	94	-17
-55	94	-17
-53	94	-17
-57	106	-20
-56	111	-20
-54	112	-21
-50	111	-21
-47	112	-21
-45	114	-21
-48	130	-24
-45	131	-24
-43	134	-25
-40	137	-25
-38	142	-26
-40	163	-30
-37	166	-31
-33	166	-31
-29	169	-31
-30	197	-36
-26	203	-38
-21	202	-37
-18	214	-40
-13	215	-40
-8	214	-40
-3	213	-39
3	211	-39
7	210	-39
5	58	-11
6	56	-10
7	52	-10
9	51	-10
10	51	-9
11	51	-9
12	50	-9
13	50	-9
15	50	-9
16	50	-9
17	51	-9
19	51	-9
19	49	-9
20	49	-9
22	48	-9
23	48	-9
24	48	-9
25	47	-9
27	48	-9
28	48	-9
30	48	-9
32	48	-9
33	49	-9
35	49	-9
37	49	-9
38	49	-9
40	49	-9
42	50	-9
44	49	-9
46	49	-9
50	51	-9
51	51	-9
55	52	-10
57	52	-10
241	201	-37
249	199	-37
258	197	-36
268	195	-36
283	188	-35
399	255	-47
413	252	-47
429	249	-46
440	243	-45
456	240	-44
246	121	-22
245	114	-21
242	107	-20
247	103	-19
256	100	-19
265	98	-18
265	92	-17
264	85	-16
261	78	-14
254	70	-13
255	65	-12
261	60	-11
-56	3	-1
-53	4	-1
-53	5	-1
-52	6	-1
-52	8	-1
-52	9	-2
-51	10	-2
-51	11	-2
-51	12	-2
-51	13	-2
-50	14	-3
-50	15	-3
-50	16	-3
-50	17	-3
-70	25	-5
-80	34	-6
-80	35	-7
-79	37	-7
-79	39	-7
-78	41	-8
-78	43	-8
-77	45	-8
-77	46	-9
-76	48	-9
-76	50	-9
-75	53	-10
-72	53	-10
-73	55	-10
-73	58	-11
-73	60	-11
-71	62	-11
-69	63	-12
-62	59	-11
-60	60	-11
-60	63	-12
-66	72	-13
-65	75	-14
-64	77	-14
-63	78	-14
-62	80	-15
-61	83	-15
-62	89	-16
-61	92	-17
-59	93	-17
-57	94	-17
-53	94	-17
-53	97	-18
-57	110	-20
-54	112	-21
-51	111	-21
-48	111	-21
-45	113	-21
-48	128	-24
-46	131	-24
-44	134	-25
-41	137	-25
-39	141	-26
-39	153	-28
-38	166	-31
-34	166	-31
-30	167	-31
-30	189	-35
-28	204	-38
-23	202	-37
-19	208	-38
-14	216	-40
-9	216	-40
-4	213	-39
1	211	-39
6	210	-39
5	59	-11
6	56	-10
7	53	-10
8	52	-10
9	51	-9
10	51	-9
12	50	-9
13	50	-9
14	50	-9
15	50	-9
17	50	-9
18	51	-9
19	50	-9
20	49	-9
21	48	-9
22	48	-9
24	48	-9
25	47	-9
26	47	-9
28	47	-9
29	48	-9
31	48	-9
33	48	-9
34	49	-9
37	49	-9
38	49	-9
40	49	-9
42	50	-9
43	49	-9
45	49	-9
49	51	-9
51	51	-9
55	52	-10
56	52	-10
247	200	-37
254	197	-36
266	197	-36
209	147	-27
281	190	-35
396	256	-47
411	253	-47
427	251	-46
438	245	-45
456	242	-45
474	239	-44
246	116	-21
242	108	-20
245	103	-19
255	101	-19
264	98	-18
267	93	-17
264	86	-16
260	79	-15
255	71	-13
254	65	-12
259	61	-11
-59	1	0
-54	3	-1
-53	4	-1
-53	5	-1
-52	6	-2
-52	7	-2
-52	8	-2
-51	9	-3
-51	10	-3
-51	11	-3
-51	12	-3
-50	13	-4
-50	14	-4
-50	15	-4
-50	16	-5
-81	33	-9
-80	34	-10
-80	36	-10
-79	38	-11
-79	40	-11
-78	41	-12
-78	43	-12
-77	45	-13
-77	47	-13
-64	42	-12
-61	41	-12
-57	41	-12
-52	41	-12
-51	42	-12
-65	60	-17
-61	58	-17
-60	60	-17
-65	68	-19
-66	72	-21
-65	74	-21
-64	76	-22
-62	78	-22
-62	81	-23
-62	85	-24
-62	89	-25
-60	91	-26
-58	92	-26
-55	92	-26
-53	93	-27
-56	104	-30
-56	110	-31
-53	110	-32
-50	110	-31
-7	22	-6
-6	22	-6
-5	23	-6
-5	22	-6
-4	21	-6
-3	21	-6
-4	21	-6
-2	23	-7
-1	23	-7
-1	24	-7
-1	25	-7
0	25	-7
2	34	-10
6	50	-14
7	51	-15
8	50	-14
9	50	-14
10	49	-14
12	49	-14
13	49	-14
14	49	-14
16	50	-14
18	54	-15
19	52	-15
20	51	-15
21	50	-14
22	49	-14
23	48	-14
24	47	-13
25	46	-13
25	46	-13
27	45	-13
28	45	-13
30	46	-13
32	46	-13
34	47	-13
35	46	-13
38	48	-14
38	46	-13
41	48	-14
43	48	-14
45	49	-14
49	50	-14
50	49	-14
54	51	-15
56	51	-14
59	51	-15
256	194	-55
263	191	-55
212	147	-42
275	182	-52
398	253	-72
412	250	-71
420	243	-69
437	240	-69
452	237	-68
467	233	-66
246	115	-33
242	107	-31
244	102	-29
253	100	-28
248	92	-26
248	86	-25
268	87	-25
266	81	-23
268	75	-21
253	65	-19
257	61	-17
261	56	-16
268	52	-15
-59	1	0
-59	2	-1
-55	3	-1
-53	4	-1
-53	5	-1
-52	6	-2
-52	7	-2
-53	8	-2
-51	9	-3
-51	10	-3
-51	11	-3
-51	12	-4
-51	13	-4
-50	14	-4
-50	15	-4
-50	16	-5
-81	32	-9
-80	34	-10
-80	36	-10
-79	38	-11
-79	39	-11
-79	41	-12
-78	43	-12
-77	45	-13
-77	47	-13
-64	41	-12
-61	41	-12
-56	41	-12
-52	41	-12
-69	62	-18
-61	58	-17
-59	59	-17
-63	66	-19
-66	72	-20
-65	74	-21
-64	76	-22
-63	78	-22
-62	80	-23
-61	84	-24
-62	88	-25
-60	91	-26
-58	92	-26
-56	92	-26
-53	93	-27
-54	99	-28
-56	110	-31
-53	110	-32
-50	110	-31
-7	22	-6
-7	22	-6
-6	23	-6
-6	23	-6
-4	21	-6
-3	21	-6
-4	21	-6
-2	23	-7
-2	23	-7
-1	24	-7
-1	24	-7
2	34	-10
5	49	-14
7	50	-14
8	50	-14
9	50	-14
10	49	-14
11	49	-14
13	49	-14
14	49	-14
15	50	-14
17	51	-15
19	53	-15
20	51	-15
20	50	-14
22	49	-14
23	48	-14
24	47	-13
24	47	-13
25	46	-13
26	45	-13
28	45	-13
30	46	-13
32	47	-13
33	47	-13
35	46	-13
37	48	-14
38	47	-13
41	48	-14
43	48	-14
45	48	-14
48	50	-14
50	49	-14
54	51	-15
56	51	-15
58	51	-15
63	52	-15
255	195	-56
261	192	-55
208	145	-41
408	251	-72
418	245	-70
429	240	-68
441	234	-67
459	232	-66
246	117	-33
244	110	-31
242	103	-29
250	100	-29
246	93	-26
247	87	-25
249	83	-24
268	83	-24
269	77	-22
260	69	-20
255	62	-18
260	58	-17
267	54	-15
272	49	-14
-59	1	0
-55	3	-1
-53	4	-1
-53	5	-1
-52	6	-2
-52	7	-2
-52	8	-2
-51	9	-3
-51	10	-3
-51	11	-3
-51	12	-3
-51	13	-4
-50	14	-4
-50	15	-4
-49	16	-5
-80	34	-10
-80	35	-10
-79	37	-11
-79	39	-11
-78	41	-12
-78	42	-12
-77	44	-13
-77	46	-13
-76	48	-14
-61	41	-12
-59	42	-12
-56	42	-12
-53	41	-12
-51	41	-12
-69	62	-18
-61	58	-17
-60	59	-17
-60	62	-18
-66	71	-20
-65	74	-21
-64	76	-22
-63	78	-22
-61	79	-23
-61	83	-24
-62	88	-25
-61	90	-26
-58	92	-26
-56	92	-26
-53	93	-26
-52	95	-27
-56	109	-31
-54	110	-31
-50	109	-31
-7	22	-6
-7	22	-6
-6	22	-6
-6	23	-6
-4	21	-6
-4	21	-6
-3	22	-6
-3	22	-6
-2	22	-6
-2	23	-6
-1	25	-7
0	25	-7
0	26	-7
2	34	-10
5	49	-14
6	49	-14
8	51	-14
9	50	-14
10	49	-14
11	49	-14
12	49	-14
14	50	-14
15	50	-14
17	51	-15
18	53	-15
19	51	-15
20	50	-14
21	49	-14
22	48	-14
23	47	-14
24	47	-13
25	46	-13
26	45	-13
28	45	-13
29	45	-13
31	47	-13
33	47	-13
35	47	-13
37	48	-14
38	47	-13
41	48	-14
42	48	-14
45	48	-14
48	49	-14
49	49	-14
53	51	-14
56	51	-14
58	51	-15
62	53	-15
254	196	-56
263	194	-55
210	148	-42
273	184	-53
389	251	-72
405	250	-71
423	249	-71
434	243	-69
448	239	-68
466	236	-67
247	118	-34
242	109	-31
242	103	-29
250	100	-29
247	93	-27
247	88	-25
249	83	-24
268	83	-24
266	77	-22
261	70	-20
255	62	-18
257	57	-16
267	54	-15
276	50	-14
-59	2	0
-55	3	-1
-53	4	-1
-53	5	-1
-53	6	-2
-52	7	-2
-52	8	-2
-52	9	-3
-51	10	-3
-51	11	-3
-51	12	-3
-50	13	-4
-50	14	-4
-50	15	-4
-50	16	-5
-80	33	-10
-80	36	-10
-79	37	-11
-79	39	-11
-78	41	-12
-77	42	-12
-77	44	-13
-77	46	-13
-76	48	-14
-61	41	-12
-59	41	-12
-57	42	-12
-53	41	-12
-51	41	-12
-69	62	-18
-61	58	-17
-60	59	-17
-59	61	-18
-66	71	-20
-65	74	-21
-64	76	-22
-63	78	-22
-61	80	-23
-61	83	-24
-62	88	-25
-61	90	-26
-58	92	-26
-56	92	-26
-53	93	-27
-52	96	-27
-56	109	-31
-54	110	-31
-50	109	-31
-7	22	-6
-6	22	-6
-6	22	-6
-6	23	-6
-4	21	-6
-4	21	-6
-4	22	-6
-3	22	-6
-3	23	-6
-2	23	-7
-1	25	-7
2	34	-10
5	49	-14
7	49	-14
8	51	-14
9	50	-14
10	49	-14
11	49	-14
12	49	-14
14	49	-14
15	50	-14
17	53	-15
19	53	-15
20	51	-15
20	50	-14
21	49	-14
23	48	-14
23	47	-13
24	46	-13
26	46	-13
27	45	-13
28	45	-13
30	45	-13
32	47	-13
34	47	-13
35	46	-13
37	48	-14
38	46	-13
41	48	-14
43	48	-14
45	48	-14
48	50	-14
50	49	-14
54	51	-15
56	51	-15
59	51	-15
256	195	-56
265	193	-55
210	145	-42
280	186	-53
394	251	-72
412	251	-72
428	248	-71
439	242	-69
452	237	-68
469	234	-67
245	115	-33
242	107	-31
244	102	-29
253	100	-29
247	92	-26
249	86	-25
264	86	-24
267	81	-23
267	75	-21
253	65	-19
258	61	-17
262	57	-16
268	52	-15
