-144	31	31
-140	33	33
-136	34	34
-134	36	36
-133	38	38
-134	41	41
-137	45	45
-139	48	48
-138	51	51
-57	23	23
-54	23	23
-53	24	24
-51	25	25
-51	26	26
-51	27	27
-50	28	28
-51	29	29
-51	31	31
-129	92	92
-125	93	93
-132	103	103
-130	106	106
-133	113	113
-133	118	118
-131	121	121
-129	125	125
-131	132	132
-131	139	139
-130	145	145
-131	152	152
-136	165	165
-134	171	171
-128	171	171
-122	173	173
-116	173	173
-109	172	172
-103	172	172
-97	172	172
-91	172	172
-86	172	172
-81	173	173
-75	173	173
-70	173	173
-64	174	174
-59	173	173
-54	174	174
-49	173	173
-43	174	174
-38	174	174
-33	174	174
-28	174	174
-23	174	174
-18	174	174
-13	174	174
-8	174	174
-3	155	155
2	155	155
6	156	156
12	171	171
17	174	174
22	174	174
26	174	174
32	175	175
37	173	173
42	174	174
47	174	174
52	173	173
57	173	173
62	173	173
68	173	173
73	173	173
79	174	174
84	173	173
90	174	174
96	174	174
102	174	174
108	175	175
113	174	174
120	174	174
126	174	174
132	173	173
139	173	173
146	173	173
153	173	173
157	170	170
157	162	162
156	154	154
156	147	147
156	140	140
157	135	135
163	134	134
170	134	134
177	134	134
185	134	134
192	133	133
201	133	133
210	133	133
215	131	131
212	123	123
205	114	114
225	113	113
235	113	113
-142	32	28
-137	34	29
-135	36	31
-134	38	33
-133	41	35
-136	45	38
-139	48	42
-139	51	44
-58	24	21
-56	25	21
-54	25	21
-53	26	22
-51	26	23
-50	27	23
-49	28	24
-49	29	25
-49	30	26
-131	104	90
-130	108	93
-133	115	100
-134	121	104
-133	125	108
-129	127	110
-130	134	116
-131	141	122
-132	149	129
-130	154	133
-129	160	138
-129	168	145
-134	182	157
-133	191	165
-130	196	169
-123	196	169
-117	197	170
-111	197	170
-104	196	169
-98	197	170
-92	198	171
-87	198	171
-82	200	173
-75	198	171
-70	199	172
-64	199	172
-58	199	172
-52	199	172
-47	199	172
-42	200	172
-36	198	171
-31	198	171
-25	200	172
-20	199	172
-13	183	158
-8	178	154
-4	194	167
2	171	147
6	174	150
12	199	172
17	198	171
20	174	150
26	183	158
30	178	154
39	200	173
44	199	172
49	199	172
55	200	172
61	200	173
67	200	173
72	200	173
78	200	173
84	199	172
89	199	172
95	198	171
101	198	171
107	198	171
114	199	172
120	198	171
128	199	172
134	198	171
140	197	170
148	198	171
154	197	170
158	192	166
157	183	158
158	175	151
159	168	145
159	161	139
155	150	130
153	141	122
157	139	120
163	138	119
170	138	119
178	138	119
185	138	119
193	137	119
201	137	118
209	136	117
204	127	110
228	130	112
238	129	112
248	129	111
258	128	110
-142	32	23
-137	33	25
-136	36	27
-134	38	28
-133	41	30
-135	44	33
-139	48	36
-139	51	38
-55	23	17
-54	24	18
-54	25	19
-53	26	19
-52	27	20
-51	28	21
-50	29	21
-49	30	22
-49	31	23
-49	32	24
-50	34	25
-130	110	82
-133	117	87
-133	123	91
-131	126	93
-128	128	95
-131	137	102
-129	142	105
-132	151	112
-130	156	116
-129	163	121
-128	168	125
-128	177	131
-127	185	137
-126	192	142
-119	190	141
-112	190	141
-107	190	141
-100	189	140
-93	188	139
-88	188	140
-82	187	139
-78	190	141
-71	187	139
-67	189	140
-61	188	139
-56	188	140
-51	188	140
-46	187	139
-41	187	139
-36	186	138
-31	188	140
-26	186	138
-22	186	138
-17	186	138
-12	187	139
-7	187	139
-3	187	139
2	184	137
7	184	137
11	184	136
16	185	137
23	206	153
32	236	175
38	238	176
44	237	176
50	236	175
56	236	175
62	236	175
69	237	176
75	237	176
81	235	175
87	234	174
94	235	174
101	236	175
108	235	175
114	235	175
123	237	176
129	237	176
137	236	175
144	236	175
151	234	174
159	234	174
158	221	164
159	213	158
161	204	152
160	194	144
159	184	137
159	176	131
159	169	125
154	156	116
155	150	111
156	144	107
158	140	104
164	139	103
171	139	103
178	138	103
187	139	103
196	140	104
202	138	102
211	138	102
221	138	102
231	138	102
233	132	98
235	127	94
248	128	95
250	122	91
-144	30	19
-138	32	20
-136	34	22
-134	37	23
-134	39	25
-72	24	15
-70	25	16
-70	26	17
-70	28	18
-56	24	15
-54	25	16
-51	25	16
-49	25	16
-49	26	17
-50	28	18
-50	29	19
-49	31	19
-49	32	20
-50	34	21
-127	102	65
-131	110	69
-132	115	73
-133	122	77
-131	126	80
-128	128	81
-131	137	87
-130	142	90
-132	151	95
-130	154	98
-130	162	103
-129	168	106
-125	171	108
-126	181	114
-133	200	127
-122	193	122
-117	195	123
-111	194	123
-104	193	122
-99	193	122
-93	193	122
-87	192	121
-80	190	120
-75	190	120
-71	192	122
-66	192	122
-61	193	122
-56	192	121
-51	192	121
-46	191	121
-41	191	121
-35	187	118
-31	189	120
-26	187	118
-22	190	120
-17	189	119
-12	188	119
-8	188	119
-3	188	119
1	188	119
6	188	119
10	186	118
15	185	117
24	242	153
30	246	155
36	245	155
42	243	154
48	243	154
54	243	154
60	243	154
66	242	153
72	242	153
78	241	153
85	243	154
91	241	152
97	240	152
104	241	152
110	240	152
118	242	153
124	240	152
130	239	151
137	238	150
144	236	149
151	236	149
159	236	149
160	227	144
160	216	137
160	206	130
161	197	125
160	187	119
159	179	113
158	170	107
160	164	104
154	151	95
156	146	92
158	142	90
164	140	89
171	140	89
178	140	89
184	139	88
193	139	88
202	139	88
210	138	88
219	138	87
228	137	87
234	134	85
235	128	81
247	128	81
251	124	78
236	110	70
-145	27	14
-140	29	16
-137	32	17
-136	34	18
-134	37	20
-133	40	21
-133	43	23
-137	47	25
-138	51	27
-137	53	28
-55	24	13
-53	25	13
-52	26	14
-51	27	14
-50	27	15
-49	29	15
-49	29	16
-48	31	16
-48	32	17
-48	34	18
-48	35	19
-48	36	19
-47	37	20
-132	123	65
-131	127	68
-127	129	69
-131	139	74
-133	148	79
-131	152	81
-130	158	84
-130	165	88
-128	170	90
-124	172	92
-124	180	96
-127	194	103
-120	193	103
-114	193	103
-109	194	103
-103	193	103
-97	193	102
-91	192	102
-86	192	102
-80	191	102
-75	191	102
-70	191	101
-60	175	93
-53	170	90
-47	162	86
-42	160	85
-44	182	97
-41	188	100
-36	189	100
-32	189	100
-27	188	100
-23	188	100
-18	188	100
-14	188	100
-10	188	100
-5	187	100
-1	188	100
3	188	100
8	187	99
12	186	99
16	186	99
27	247	132
32	248	132
31	200	106
43	242	129
50	246	131
55	245	130
62	245	130
67	244	130
73	243	129
79	243	129
85	241	128
91	242	129
97	242	129
104	243	129
110	241	128
116	240	128
123	240	128
130	240	128
136	238	126
144	239	127
150	237	126
158	238	127
161	231	123
160	220	117
161	210	112
159	199	106
159	189	101
158	180	96
158	172	92
158	165	88
156	155	83
155	148	79
156	142	76
162	142	75
168	140	75
175	140	75
183	140	75
191	141	75
199	140	74
208	140	74
216	139	74
227	139	74
232	135	72
235	130	69
264	126	67
263	119	63
-144	25	11
-141	27	12
-137	29	13
-136	32	14
-135	35	15
-134	38	17
-133	41	18
-135	45	20
-139	49	21
-138	52	23
-132	53	23
-56	25	11
-53	26	11
-52	27	12
-51	28	12
-50	28	12
-49	29	13
-48	30	13
-48	32	14
-48	33	15
-48	35	15
-48	36	16
-48	38	16
-48	39	17
-132	122	53
-131	125	55
-127	128	56
-129	135	59
-134	147	64
-132	151	66
-129	155	68
-129	162	71
-128	168	73
-124	170	75
-121	173	76
-134	201	88
-124	196	86
-118	196	86
-113	198	87
-107	197	86
-100	195	85
-95	196	86
-90	195	85
-82	191	84
-77	189	83
-71	188	82
-62	177	77
-56	172	75
-49	162	71
-44	158	69
-40	159	69
-37	198	87
-30	185	81
-25	185	81
-21	185	81
-17	186	81
-13	186	81
-9	186	81
-5	186	81
0	186	81
4	185	81
8	189	83
12	185	81
16	187	82
23	209	91
28	209	91
32	209	92
35	199	87
48	240	105
54	245	107
60	244	107
66	244	107
71	243	107
77	242	106
83	243	106
89	243	106
95	241	106
101	241	105
219	443	194
166	317	139
166	300	131
147	238	104
155	238	104
160	236	103
161	225	99
160	214	94
161	205	90
159	194	85
159	185	81
158	177	77
158	168	74
158	161	70
157	153	67
156	146	64
158	142	62
164	141	62
171	140	61
179	140	61
187	140	61
192	138	60
204	140	61
213	139	61
222	139	61
232	138	60
243	138	60
252	136	60
266	136	60
265	129	56
264	122	53
261	114	50
-142	23	8
-139	26	9
-137	29	10
-136	31	11
-135	34	12
-134	37	13
-133	40	14
-134	43	15
-138	48	17
-138	51	18
-133	53	18
-56	25	9
-54	26	9
-53	27	9
-52	28	10
-51	29	10
-51	30	10
-51	31	11
-51	33	11
-51	34	12
-51	36	13
-52	39	13
-130	110	38
-130	114	40
-131	121	42
-129	124	43
-127	127	44
-126	132	46
-134	147	51
-132	152	53
-130	155	54
-129	161	56
-128	167	58
-124	170	59
-119	171	59
-133	200	69
-124	195	68
-119	196	68
-113	197	68
-108	197	68
-102	197	68
-95	195	68
-90	194	67
-83	192	67
-79	193	67
-72	189	65
-66	186	64
-58	174	60
-49	160	55
-45	157	55
-40	156	54
-37	159	55
-35	163	57
-36	185	64
-31	184	64
-27	183	64
-23	186	64
-19	187	65
-15	187	65
-11	187	65
-6	186	65
-2	186	65
2	186	65
6	187	65
10	187	65
14	185	64
19	191	66
22	185	64
26	185	64
30	185	64
35	185	64
39	184	64
43	183	64
62	246	85
68	245	85
73	244	85
77	237	82
83	238	83
89	238	83
97	242	84
103	242	84
165	328	114
166	314	109
167	299	104
147	238	83
154	236	82
162	236	82
161	225	78
161	214	74
161	205	71
160	195	68
158	184	64
158	175	61
158	168	58
158	161	56
157	153	53
155	145	50
157	140	49
164	140	49
172	141	49
180	141	49
186	139	48
193	138	48
202	138	48
213	139	48
223	139	48
232	138	48
243	137	48
252	136	47
266	136	47
265	128	44
264	121	42
265	114	40
263	107	37
-138	20	5
-137	23	6
-137	26	7
-136	29	8
-136	32	8
-135	35	9
-134	38	10
-133	41	11
-136	45	12
-77	28	7
-76	30	8
-73	30	8
-54	26	7
-53	27	7
-52	28	7
-52	30	8
-52	31	8
-51	32	8
-51	34	9
-51	35	9
-51	37	10
-50	38	10
-47	38	10
-46	38	10
-42	37	10
-38	35	9
-38	36	9
-37	37	10
-134	149	39
-132	153	40
-130	157	41
-128	162	42
-126	167	43
-121	167	43
-117	170	44
-134	203	53
-121	194	50
-117	196	51
-110	194	51
-105	195	51
-99	195	51
-94	195	51
-88	194	50
-81	190	49
-75	187	49
-70	186	48
-63	179	46
-52	161	42
-47	155	40
-43	155	40
-39	154	40
-36	156	40
-33	157	41
-34	181	47
-30	182	47
-25	179	46
-22	183	48
-18	187	49
-14	187	49
-10	185	48
-6	184	48
-2	185	48
2	184	48
6	184	48
11	186	48
15	185	48
19	191	50
22	184	48
26	184	48
30	183	48
34	183	48
39	183	47
43	183	48
57	226	59
62	224	58
68	225	58
77	236	61
80	228	59
85	227	59
93	233	60
101	237	62
257	517	134
169	321	83
167	300	78
165	281	73
146	237	62
153	235	61
159	234	61
162	227	59
160	215	56
160	206	53
161	197	51
160	187	49
160	179	46
158	170	44
159	163	42
156	153	40
156	146	38
156	140	36
163	140	36
169	139	36
176	139	36
184	138	36
192	138	36
200	137	36
210	138	36
218	137	36
228	136	35
238	136	35
249	135	35
262	134	35
265	129	34
265	122	32
265	115	30
264	108	28
265	101	26
-140	17	3
-134	19	3
-135	23	4
-137	26	5
-137	29	5
-136	32	6
-135	35	6
-76	24	4
-76	26	5
-73	27	5
-71	28	5
-71	30	5
-67	30	5
-64	31	5
-61	31	5
-55	30	5
-54	31	5
-53	32	6
-52	32	6
-49	32	6
-48	33	6
-47	34	6
-46	35	6
-39	31	5
-37	32	5
-35	32	5
-35	33	6
-35	34	6
-35	36	6
-35	37	6
-35	39	7
-130	158	27
-128	162	28
-125	166	29
-119	166	29
-116	170	29
-134	203	35
-121	193	34
-115	194	34
-110	194	34
-104	194	34
-98	193	34
-94	194	34
-88	193	34
-81	189	33
-75	187	32
-70	186	32
-63	180	31
-50	154	27
-46	152	26
-42	152	26
-39	153	27
-36	156	27
-34	163	28
-35	187	32
-30	183	32
-25	177	31
-22	181	31
-18	185	32
-14	186	32
-10	184	32
-6	183	32
-2	182	32
2	184	32
6	183	32
10	185	32
14	183	32
18	187	33
22	183	32
26	183	32
30	183	32
34	183	32
38	182	32
42	182	32
53	209	36
58	209	36
62	208	36
66	204	35
70	201	35
77	206	36
83	209	36
100	238	41
106	238	41
254	515	89
168	321	56
171	309	54
145	236	41
151	235	41
159	234	41
160	226	39
162	218	38
161	207	36
160	197	34
160	188	33
159	179	31
158	163	28
157	155	27
156	147	26
155	140	24
160	138	24
168	139	24
176	139	24
184	139	24
190	137	24
197	136	24
210	138	24
217	136	24
227	136	24
238	135	24
249	135	23
261	134	23
263	128	22
264	121	21
262	113	20
264	108	19
264	101	18
263	94	16
-137	16	1
-132	19	2
-134	22	2
-137	25	2
-137	28	2
-136	31	3
-136	34	3
-78	23	2
-75	24	2
-74	25	2
-72	26	2
-70	27	2
-70	29	3
-64	28	2
-64	30	3
-59	30	3
-57	30	3
-54	30	3
-51	30	3
-49	31	3
-48	31	3
-46	32	3
-45	32	3
-39	30	3
-37	29	3
-36	30	3
-34	30	3
-34	31	3
-33	32	3
-32	32	3
-32	33	3
-32	35	3
-32	36	3
-128	160	14
-125	163	14
-120	164	14
-116	166	15
-134	201	18
-122	192	17
-118	195	17
-111	194	17
-105	192	17
-99	191	17
-94	193	17
-89	191	17
-82	188	16
-77	187	16
-71	186	16
-64	179	16
-51	152	13
-47	153	13
-43	151	13
-39	151	13
-38	162	14
-32	187	16
-26	174	15
-22	177	15
-19	183	16
-15	184	16
-11	182	16
-7	182	16
-3	180	16
1	181	16
5	181	16
9	180	16
13	181	16
17	185	16
21	181	16
25	182	16
29	181	16
33	180	16
37	181	16
41	181	16
49	199	17
54	201	18
58	196	17
62	195	17
67	195	17
71	195	17
77	197	17
84	203	18
89	202	18
250	515	45
167	323	28
163	299	26
141	232	20
149	234	20
155	232	20
162	231	20
161	220	19
162	211	18
162	201	18
162	193	17
159	181	16
159	173	15
158	165	14
158	158	14
157	149	13
155	142	12
158	137	12
165	138	12
171	137	12
178	137	12
186	136	12
195	136	12
204	136	12
213	136	12
222	135	12
233	135	12
246	135	12
254	132	12
265	131	11
264	124	11
264	117	10
264	109	10
264	103	9
263	96	8
264	90	8
-143	15	0
-131	17	0
-131	20	0
-135	23	0
-137	26	0
-82	19	0
-79	20	0
-77	21	0
-74	22	0
-71	23	0
-69	24	0
-65	25	0
-62	25	0
-61	26	0
-58	27	0
-56	27	0
-50	26	0
-49	27	0
-48	27	0
-46	28	0
-44	28	0
-39	26	0
-38	27	0
-36	26	0
-34	27	0
-32	27	0
-31	27	0
-31	28	0
-30	29	0
-30	30	0
-30	31	0
-30	32	0
-30	34	0
-31	36	0
-122	161	0
-117	162	0
-131	190	0
-125	189	0
-120	191	0
-114	191	0
-108	191	0
-103	191	0
-96	188	0
-91	188	0
-85	187	0
-80	187	0
-74	183	0
-68	180	0
-61	175	0
-55	168	0
-45	149	0
-41	148	0
-38	150	0
-44	192	0
-43	205	0
-40	212	0
-30	183	0
-25	181	0
-22	185	0
-17	183	0
-13	183	0
-9	183	0
-5	183	0
-1	182	0
3	184	0
7	182	0
11	180	0
15	178	0
19	181	0
23	179	0
27	179	0
31	179	0
35	178	0
39	179	0
43	178	0
48	183	0
52	181	0
56	179	0
59	178	0
64	179	0
74	193	0
77	189	0
82	188	0
86	186	0
92	189	0
170	317	0
146	232	0
153	231	0
160	231	0
162	223	0
161	212	0
161	203	0
160	193	0
161	184	0
159	175	0
160	168	0
159	160	0
158	152	0
156	144	0
155	137	0
161	136	0
168	136	0
176	136	0
183	135	0
190	134	0
197	133	0
209	135	0
205	126	0
205	120	0
210	116	0
225	119	0
226	113	0
230	109	0
240	108	0
250	106	0
254	101	0
265	99	0
263	92	0
264	86	0
264	80	0
-147	12	-1
-138	14	-1
-131	16	-1
-131	19	-2
-136	23	-2
-83	17	-1
-80	18	-2
-78	19	-2
-76	21	-2
-75	22	-2
-69	22	-2
-63	22	-2
-61	22	-2
-60	24	-2
-54	23	-2
-50	23	-2
-49	24	-2
-48	24	-2
-46	25	-2
-44	25	-2
-43	25	-2
-39	25	-2
-35	24	-2
-32	24	-2
-31	24	-2
-30	24	-2
-29	25	-2
-29	25	-2
-28	26	-2
-29	27	-2
-29	29	-3
-29	31	-3
-30	32	-3
-126	155	-14
-122	158	-14
-117	159	-14
-115	163	-15
-129	191	-17
-121	189	-17
-116	189	-17
-110	189	-17
-104	189	-17
-99	189	-17
-92	187	-17
-86	185	-17
-81	184	-17
-75	181	-16
-70	180	-16
-62	173	-16
-57	168	-15
-50	162	-15
-44	154	-14
-50	187	-17
-49	203	-18
-45	207	-19
-37	194	-18
-31	183	-17
-26	179	-16
-22	181	-16
-18	181	-16
-14	180	-16
-10	180	-16
-6	180	-16
-2	181	-16
2	181	-16
6	180	-16
10	178	-16
14	178	-16
22	177	-16
26	177	-16
30	177	-16
34	176	-16
38	176	-16
42	176	-16
45	172	-15
49	169	-15
53	169	-15
59	174	-16
63	174	-16
66	172	-15
71	171	-15
76	173	-16
81	175	-16
87	178	-16
93	179	-16
99	181	-16
130	227	-20
137	227	-20
144	228	-21
151	227	-21
158	227	-20
163	223	-20
161	211	-19
161	201	-18
162	194	-17
161	184	-17
160	175	-16
160	167	-15
159	159	-14
158	151	-14
156	144	-13
156	136	-12
158	133	-12
166	133	-12
173	134	-12
180	133	-12
187	132	-12
196	132	-12
197	127	-11
197	121	-11
198	116	-10
200	111	-10
204	108	-10
214	107	-10
217	103	-9
227	102	-9
233	99	-9
239	96	-9
250	94	-9
263	93	-8
264	87	-8
263	81	-7
264	75	-7
266	69	-6
-143	10	-2
-140	13	-2
-132	15	-3
-131	17	-3
-85	14	-3
-82	15	-3
-79	16	-3
-78	18	-3
-76	19	-4
-75	20	-4
-70	21	-4
-63	20	-4
-60	21	-4
-55	21	-4
-52	21	-4
-51	22	-4
-49	22	-4
-47	23	-4
-46	23	-4
-44	24	-4
-41	23	-4
-39	23	-4
-39	24	-5
-32	21	-4
-29	21	-4
-28	21	-4
-28	21	-4
-27	22	-4
-27	23	-4
-26	24	-4
-27	25	-5
-27	26	-5
-27	28	-5
-28	29	-5
-29	31	-6
-125	153	-28
-121	155	-29
-115	154	-28
-133	186	-34
-112	181	-33
-107	182	-34
-102	182	-34
-95	180	-33
-90	181	-33
-85	181	-33
-80	180	-33
-75	180	-33
-70	180	-33
-60	166	-31
-55	161	-30
-48	155	-29
-44	153	-28
-47	179	-33
-43	179	-33
-39	179	-33
-34	180	-33
-30	179	-33
-26	178	-33
-22	179	-33
-17	178	-33
-13	179	-33
-9	179	-33
-5	179	-33
-1	179	-33
3	179	-33
8	178	-33
11	178	-33
15	177	-33
19	176	-32
23	175	-32
27	174	-32
32	175	-32
35	174	-32
39	173	-32
43	173	-32
50	184	-34
55	183	-34
58	179	-33
60	172	-32
63	168	-31
68	170	-31
74	172	-32
77	169	-31
83	173	-32
88	173	-32
94	174	-32
125	221	-41
135	227	-42
141	226	-42
147	224	-41
154	224	-41
161	223	-41
161	214	-39
162	205	-38
161	195	-36
161	186	-34
160	177	-33
159	168	-31
159	161	-30
158	153	-28
156	145	-27
157	139	-26
156	132	-24
162	132	-24
165	129	-24
163	121	-22
164	117	-22
167	114	-21
170	110	-20
175	109	-20
186	110	-20
194	110	-20
202	109	-20
204	105	-19
212	103	-19
213	98	-18
218	95	-18
231	95	-18
237	92	-17
251	92	-17
265	91	-17
264	84	-16
263	78	-14
257	71	-13
244	62	-11
243	56	-10
249	52	-10
-112	1	0
-141	10	-3
-141	12	-4
-132	14	-4
-83	13	-4
-80	14	-4
-79	16	-5
-78	17	-5
-76	18	-5
-75	20	-6
-66	19	-5
-61	19	-5
-55	19	-5
-53	19	-5
-51	20	-6
-49	20	-6
-46	20	-6
-44	21	-6
-43	21	-6
-42	22	-6
-41	22	-6
-41	23	-7
-30	19	-5
-28	19	-5
-28	19	-5
-27	20	-6
-26	20	-6
-26	21	-6
-26	21	-6
-26	22	-6
-26	23	-7
-127	149	-42
-123	151	-43
-117	150	-43
-113	152	-43
-117	164	-47
-100	163	-47
-100	181	-52
-93	179	-51
-88	179	-51
-83	178	-51
-79	180	-51
-72	177	-51
-69	179	-51
-64	179	-51
-59	178	-51
-54	179	-51
-50	179	-51
-45	179	-51
-40	177	-51
-36	175	-50
-32	176	-50
-27	176	-50
-23	175	-50
-19	176	-50
-14	175	-50
-10	174	-50
-6	175	-50
-2	175	-50
2	174	-50
7	174	-50
11	174	-50
15	174	-50
23	172	-49
27	172	-49
31	172	-49
35	172	-49
39	171	-49
43	170	-49
51	185	-53
55	182	-52
58	176	-50
60	169	-48
62	163	-46
69	168	-48
73	167	-48
76	165	-47
84	170	-49
88	170	-48
93	170	-49
129	224	-64
134	222	-63
142	222	-63
148	221	-63
155	221	-63
162	220	-63
162	210	-60
161	200	-57
161	190	-54
159	180	-51
159	172	-49
160	165	-47
159	158	-45
158	150	-43
157	143	-41
156	135	-39
157	130	-37
162	129	-37
171	130	-37
162	118	-34
162	113	-32
162	108	-31
162	103	-30
160	97	-28
160	93	-27
162	89	-25
162	85	-24
163	81	-23
165	78	-22
168	76	-22
174	74	-21
206	78	-22
220	79	-23
229	77	-22
230	72	-21
230	67	-19
230	63	-18
238	60	-17
240	55	-16
242	50	-14
244	46	-13
251	42	-12
-137	8	-3
-141	11	-4
-138	13	-5
-84	11	-4
-82	12	-5
-80	13	-5
-79	15	-6
-78	16	-6
-77	17	-7
-76	19	-7
-62	17	-7
-59	17	-7
-57	18	-7
-55	19	-7
-50	18	-7
-46	18	-7
-45	19	-7
-43	19	-8
-42	19	-8
-40	20	-8
-29	16	-6
-27	16	-6
-26	16	-6
-26	16	-6
-25	17	-7
-25	17	-7
-25	18	-7
-25	18	-7
-25	19	-8
-25	20	-8
-25	21	-8
-25	22	-9
-26	24	-9
-28	27	-11
-28	29	-11
-126	145	-57
-122	147	-58
-115	145	-57
-113	156	-62
-88	166	-66
-89	177	-70
-83	177	-70
-79	179	-71
-72	175	-69
-69	178	-70
-64	179	-71
-59	177	-70
-54	176	-70
-49	176	-69
-44	176	-69
-39	175	-69
-34	173	-68
-30	175	-69
-26	173	-68
-21	173	-68
-17	173	-68
-12	173	-68
-8	172	-68
-4	173	-68
0	172	-68
5	172	-68
9	171	-68
13	171	-68
17	174	-69
21	170	-67
26	170	-67
30	170	-67
34	170	-67
38	170	-67
43	169	-67
58	191	-75
58	174	-69
60	168	-66
65	168	-66
69	168	-66
74	168	-67
79	168	-66
84	168	-66
90	170	-67
94	170	-67
123	211	-83
130	210	-83
138	213	-84
145	212	-84
153	213	-84
159	212	-84
162	205	-81
161	195	-77
161	187	-74
160	177	-70
160	169	-67
159	161	-64
158	153	-61
157	145	-57
157	139	-55
155	132	-52
158	128	-51
164	128	-51
165	124	-49
178	127	-50
163	112	-44
162	106	-42
159	99	-39
159	95	-37
159	91	-36
160	87	-34
161	83	-33
159	78	-31
159	74	-29
159	70	-28
158	66	-26
159	63	-25
160	60	-24
165	58	-23
170	57	-22
176	55	-22
190	55	-22
213	58	-23
228	57	-23
227	52	-21
228	48	-19
242	47	-18
243	42	-17
247	38	-15
-107	2	-1
-130	7	-3
-142	10	-5
-141	12	-6
-84	10	-5
-82	11	-6
-80	12	-6
-79	13	-7
-79	15	-8
-78	16	-8
-77	17	-9
-65	16	-8
-61	17	-9
-58	17	-9
-55	17	-9
-51	17	-9
-48	17	-9
-46	18	-9
-44	18	-9
-42	18	-9
-27	13	-7
-26	14	-7
-25	14	-7
-24	15	-8
-25	15	-8
-24	15	-8
-24	16	-8
-24	17	-9
-24	17	-9
-24	18	-9
-31	28	-14
-30	28	-15
-129	138	-71
-125	140	-72
-121	142	-73
-113	139	-72
-111	143	-74
-106	143	-74
-101	144	-74
-96	144	-74
-91	144	-74
-91	151	-78
-91	159	-82
-89	164	-85
-83	163	-84
-78	164	-85
-73	162	-84
-68	163	-84
-63	163	-84
-58	163	-84
-54	163	-84
-49	163	-84
-45	165	-85
-41	165	-85
-36	165	-85
-32	166	-86
-27	166	-86
-23	166	-85
-18	166	-85
-14	166	-85
-10	166	-86
-5	166	-85
-1	165	-85
3	166	-86
8	167	-86
12	165	-85
17	167	-86
21	166	-86
25	167	-86
30	166	-86
32	159	-82
36	156	-80
44	152	-79
48	153	-79
57	166	-86
61	166	-86
61	154	-79
67	156	-80
75	163	-84
80	164	-85
85	165	-85
91	166	-85
98	169	-87
102	166	-86
104	161	-83
107	158	-81
120	168	-87
128	171	-88
134	170	-88
140	170	-87
147	170	-88
153	170	-88
159	169	-87
158	161	-83
159	154	-80
159	147	-76
156	139	-72
156	132	-68
156	127	-65
162	126	-65
166	125	-64
167	119	-62
182	125	-64
190	125	-64
197	124	-64
158	94	-49
158	90	-47
159	86	-45
159	83	-43
159	79	-41
158	74	-38
158	71	-36
158	67	-35
157	63	-33
159	60	-31
158	57	-29
158	53	-28
158	50	-26
160	47	-24
165	46	-24
171	44	-23
182	44	-23
201	45	-23
217	44	-23
225	42	-22
241	41	-21
243	36	-19
-115	-4	2
-106	2	-1
-132	6	-4
-142	9	-6
-85	8	-5
-83	9	-6
-81	10	-7
-80	11	-7
-79	13	-8
-79	14	-9
-79	15	-10
-68	15	-10
-63	15	-10
-60	15	-10
-57	16	-10
-54	16	-10
-50	16	-10
-46	16	-10
-27	11	-7
-26	11	-7
-25	11	-7
-25	11	-7
-24	12	-8
-24	12	-8
-23	12	-8
-23	13	-8
-23	13	-9
-23	14	-9
-23	16	-10
-23	17	-11
-24	18	-11
-36	30	-19
-36	31	-20
-133	128	-83
-129	130	-85
-123	129	-84
-118	129	-84
-113	131	-85
-107	130	-85
-102	130	-85
-97	129	-84
-93	131	-85
-88	130	-85
-83	129	-84
-79	130	-85
-74	130	-85
-71	131	-86
-66	131	-86
-62	131	-85
-58	130	-85
-54	131	-85
-50	131	-86
-46	130	-85
-42	131	-85
-38	131	-86
-34	131	-85
-30	131	-85
-26	132	-86
-23	132	-86
-19	131	-86
-15	131	-85
-11	131	-85
-8	131	-86
-4	132	-86
0	132	-86
3	131	-86
7	132	-86
11	132	-86
15	132	-86
18	132	-86
22	132	-86
26	132	-86
29	132	-86
33	132	-86
37	133	-87
41	133	-87
45	133	-87
49	134	-87
53	134	-87
57	134	-87
62	133	-87
66	133	-87
70	133	-87
74	133	-87
79	134	-87
83	133	-87
89	134	-88
93	134	-87
98	134	-87
104	135	-88
108	134	-87
112	133	-87
118	133	-87
125	134	-88
131	135	-88
137	135	-88
143	135	-88
149	135	-88
156	135	-88
156	130	-85
156	124	-81
164	124	-81
167	122	-80
170	119	-77
181	121	-79
186	119	-78
193	119	-77
202	118	-77
210	118	-77
158	85	-55
159	81	-53
159	77	-51
159	74	-48
158	69	-45
158	66	-43
158	63	-41
157	59	-39
157	56	-37
156	53	-34
157	50	-32
156	47	-30
155	43	-28
157	41	-27
159	38	-25
164	37	-24
176	37	-24
192	37	-24
215	37	-24
225	35	-23
234	33	-21
-150	-12	9
-139	-8	7
-132	-6	5
-115	-3	3
-130	6	-5
-85	6	-5
-83	7	-6
-82	8	-7
-81	10	-8
-80	11	-9
-80	12	-10
-81	13	-11
-61	13	-11
-28	8	-6
-27	8	-6
-26	8	-7
-26	9	-7
-25	9	-7
-24	9	-7
-24	10	-8
-24	10	-8
-23	10	-8
-23	11	-9
-23	11	-9
-23	11	-9
-23	12	-10
-22	12	-10
-22	13	-10
-23	15	-12
-24	16	-13
-34	25	-20
-36	26	-21
-37	28	-23
-37	30	-24
-119	106	-86
-113	106	-86
-108	106	-86
-104	107	-86
-99	107	-87
-94	107	-87
-90	107	-87
-85	107	-86
-81	106	-86
-77	106	-86
-73	106	-86
-68	105	-86
-65	106	-86
-61	106	-86
-57	106	-86
-53	106	-86
-49	105	-85
-46	106	-86
-42	106	-86
-39	106	-86
-35	106	-86
-32	107	-87
-29	106	-86
-25	107	-87
-22	107	-87
-19	107	-86
-15	107	-87
-12	107	-87
-9	107	-87
-6	107	-87
-3	107	-87
1	108	-87
4	107	-87
7	108	-87
11	107	-87
14	107	-87
17	107	-87
20	108	-87
24	107	-87
27	108	-87
30	108	-87
34	107	-87
37	107	-87
41	107	-87
44	108	-87
48	107	-87
51	108	-87
55	108	-88
59	108	-88
63	108	-88
67	108	-88
71	108	-88
75	109	-88
79	109	-88
84	109	-89
88	110	-89
93	110	-89
96	109	-88
98	105	-85
104	107	-87
111	109	-88
116	109	-89
122	110	-89
128	110	-89
133	110	-89
138	109	-89
144	109	-88
152	110	-89
159	111	-90
166	110	-90
172	110	-89
162	99	-80
160	93	-76
176	98	-80
176	94	-76
182	93	-76
190	93	-75
193	90	-73
159	71	-57
158	67	-54
157	63	-51
157	60	-49
157	57	-46
157	54	-44
157	51	-41
156	48	-39
156	45	-36
154	42	-34
155	39	-32
156	37	-30
156	34	-28
157	32	-26
162	30	-24
174	30	-24
187	29	-24
215	30	-25
229	29	-23
-151	-16	16
-143	-11	11
-134	-8	8
-132	-6	6
-130	-4	4
-110	1	-1
-84	5	-5
-82	6	-6
-82	7	-7
-82	8	-8
-81	9	-9
-81	10	-10
-82	12	-12
-29	6	-6
-28	6	-6
-27	7	-7
-26	7	-7
-26	7	-7
-25	8	-8
-25	8	-8
-25	8	-8
-24	9	-9
-24	9	-9
-23	9	-9
-23	10	-10
-23	10	-10
-22	10	-10
-22	11	-11
-22	11	-11
-22	11	-11
-22	12	-12
-35	22	-22
-35	23	-23
-35	24	-24
-35	25	-25
-36	27	-27
-104	87	-87
-100	87	-87
-96	87	-87
-91	87	-87
-86	86	-86
-83	87	-87
-78	86	-86
-75	87	-87
-71	87	-87
-67	87	-87
-64	87	-87
-60	87	-87
-57	87	-87
-53	87	-87
-50	87	-87
-47	87	-87
-44	87	-87
-41	87	-87
-37	86	-86
-34	87	-87
-31	87	-87
-28	87	-87
-25	87	-87
-22	87	-87
-19	87	-87
-16	87	-87
-13	87	-87
-10	87	-87
-7	87	-87
-4	87	-87
-1	87	-87
2	87	-87
4	87	-87
7	88	-88
10	88	-88
13	87	-87
16	88	-88
19	88	-88
22	88	-88
25	88	-88
28	88	-88
31	88	-88
34	88	-88
37	88	-88
41	88	-88
44	88	-88
47	88	-88
50	88	-88
54	89	-89
57	89	-89
61	89	-89
64	88	-88
68	88	-88
71	88	-88
75	88	-88
79	88	-88
83	88	-88
88	89	-89
92	89	-89
96	89	-89
100	89	-89
105	89	-89
111	90	-90
116	90	-90
121	90	-90
125	89	-89
131	89	-89
137	89	-89
143	90	-90
149	89	-89
155	89	-89
156	86	-86
158	83	-83
159	80	-80
160	77	-77
162	75	-75
183	81	-81
187	79	-79
188	76	-76
161	61	-61
156	57	-57
155	54	-54
156	51	-51
156	48	-48
157	46	-46
156	43	-43
156	40	-40
155	38	-38
155	35	-35
155	33	-33
156	31	-31
156	28	-28
156	26	-26
160	25	-25
171	24	-24
187	23	-23
215	24	-24
-150	-16	20
-135	-12	15
-142	-10	12
-133	-7	9
-132	-5	7
-130	-4	5
-111	1	-1
-83	4	-5
-81	5	-6
-82	6	-8
-82	7	-9
-82	8	-10
-82	9	-12
-31	5	-6
-29	5	-6
-28	5	-7
-27	6	-7
-26	6	-7
-25	7	-8
-24	7	-9
-24	7	-9
-24	8	-9
-23	8	-10
-23	8	-10
-23	8	-10
-23	9	-11
-23	9	-11
-22	9	-11
-23	11	-13
-23	11	-14
-35	19	-24
-35	20	-24
-35	21	-25
-35	21	-26
-35	23	-28
-35	24	-29
-37	26	-32
-105	75	-93
-98	73	-91
-93	73	-90
-89	74	-91
-86	74	-91
-81	74	-91
-78	74	-91
-74	74	-91
-70	74	-91
-67	74	-91
-63	74	-91
-60	74	-91
-56	74	-91
-53	74	-91
-49	74	-91
-46	74	-91
-43	74	-91
-40	74	-91
-37	74	-91
-34	74	-91
-31	74	-91
-28	74	-91
-25	74	-91
-22	74	-91
-20	74	-91
-17	74	-91
-14	74	-91
-11	74	-91
-8	74	-91
-5	74	-92
-2	74	-92
0	74	-91
3	74	-92
6	74	-92
9	74	-92
11	74	-91
14	74	-92
17	75	-92
20	74	-92
23	74	-92
25	75	-92
28	74	-92
31	75	-92
34	75	-92
37	75	-92
40	75	-92
43	75	-92
47	75	-92
50	75	-93
53	75	-92
57	75	-93
60	75	-93
59	70	-86
61	69	-85
71	75	-93
74	75	-93
78	75	-93
82	75	-93
85	75	-92
98	75	-93
104	76	-94
108	76	-93
113	76	-94
118	76	-94
124	77	-94
129	76	-94
134	76	-94
139	76	-93
147	76	-94
153	77	-94
159	76	-94
158	72	-89
160	70	-86
162	68	-83
165	66	-81
169	64	-79
161	58	-72
156	54	-66
169	53	-65
158	47	-58
156	44	-54
156	41	-51
155	39	-48
155	37	-45
155	34	-42
156	32	-40
156	30	-37
155	28	-34
155	26	-32
156	24	-29
156	22	-27
163	21	-25
177	20	-25
196	20	-25
