0	0	0
-131	24	18
-128	26	19
-127	29	21
-127	31	23
-127	34	25
-122	35	26
-126	39	29
-126	42	31
-126	44	33
-126	47	35
-126	50	37
-126	53	39
-126	56	42
-126	59	44
-126	62	46
-126	65	49
-127	69	51
-126	72	54
-126	76	56
-126	79	59
-128	84	62
-122	84	62
-113	82	61
-109	82	61
-104	82	61
-96	90	67
-100	103	77
-121	141	105
-114	140	104
-108	138	103
-104	141	105
-99	140	104
-99	156	116
-96	159	118
-62	110	82
-58	110	81
-56	111	83
-53	112	83
-50	113	84
-47	113	84
-44	115	85
-76	243	181
-67	236	175
-25	116	86
-36	236	175
-30	238	177
-23	234	174
-17	235	175
-11	237	176
-5	237	176
1	237	176
7	236	175
13	235	175
19	235	175
25	236	175
31	237	176
37	237	176
43	236	175
50	237	176
56	239	178
63	241	179
71	245	182
77	243	180
84	243	180
90	242	180
98	245	182
102	239	177
106	232	172
106	216	160
108	209	155
105	191	142
107	183	135
109	176	131
106	163	121
106	154	114
104	144	107
108	142	106
107	134	99
109	130	96
109	124	92
110	119	89
110	114	85
110	109	81
107	101	75
106	96	71
107	92	69
107	88	65
106	84	62
107	80	60
106	76	57
106	73	54
106	70	52
124	79	58
131	79	59
156	90	67
160	88	65
160	84	62
153	76	56
150	71	52
144	64	48
-135	23	16
-130	25	17
-127	27	18
-127	30	20
-127	33	22
-127	35	24
-124	37	25
-126	41	28
-126	44	29
-126	47	31
-126	49	33
-126	53	35
-127	56	38
-126	58	39
-127	62	42
-126	65	44
-126	69	46
-127	72	49
-126	75	51
-126	79	53
-125	82	55
-97	96	65
-101	104	70
-99	106	72
-97	109	74
-118	145	98
-113	144	98
-108	146	98
-103	145	98
-98	146	99
-67	112	75
-64	112	76
-60	112	76
-57	113	76
-54	114	77
-51	115	78
-48	115	78
-46	116	79
-43	117	79
-40	118	80
-37	120	81
-34	120	81
-31	119	80
-27	117	79
-41	250	169
-35	250	169
-28	247	167
-22	249	168
-16	251	169
-9	246	166
-3	251	170
3	250	169
9	249	168
15	241	163
22	249	168
28	250	169
33	244	165
39	243	164
46	248	167
53	249	168
59	248	168
66	248	168
73	250	169
77	244	165
84	243	164
90	241	163
97	242	163
104	243	164
106	232	157
109	224	151
108	210	142
107	196	132
108	187	126
106	173	117
108	167	113
107	157	106
105	147	99
107	142	96
107	136	92
109	132	89
110	127	86
110	121	82
108	114	77
108	109	74
106	101	68
107	98	66
106	93	63
106	89	60
106	85	57
106	81	55
106	77	52
106	74	50
106	71	48
125	80	54
133	81	55
159	93	63
159	89	60
157	83	56
151	76	51
148	71	48
141	64	43
-132	24	14
-128	26	16
-127	28	17
-127	31	19
-127	34	21
-127	36	22
-127	39	24
-122	40	25
-126	45	27
-124	47	29
-121	49	30
-126	54	33
-126	57	35
-126	60	37
-126	64	39
-126	67	41
-126	70	43
-126	74	45
-126	77	47
-126	81	50
-128	86	53
-128	90	55
-118	91	56
-112	91	56
-96	93	57
-100	106	65
-98	108	66
-96	111	68
-86	109	67
-82	109	67
-78	109	67
-76	112	69
-103	166	101
-99	167	103
-58	111	68
-55	113	69
-52	113	69
-49	114	70
-46	115	70
-44	116	71
-41	117	72
-38	118	72
-35	119	73
-33	120	73
-30	121	74
-25	126	77
-22	129	79
-26	243	149
-20	244	149
-14	244	149
-8	239	146
-2	244	150
4	242	148
10	242	148
16	241	148
21	242	148
27	241	147
33	240	147
39	241	147
45	244	149
51	242	148
58	244	149
64	244	149
70	246	150
76	243	149
83	243	149
90	245	150
96	244	150
102	243	149
106	236	144
109	228	139
109	215	131
106	197	121
109	191	117
108	180	110
106	166	102
105	157	96
104	148	91
108	146	89
108	140	86
110	136	83
109	128	78
109	122	75
110	117	72
110	112	69
109	106	65
106	99	61
107	96	58
106	91	56
106	87	53
106	83	51
106	79	48
106	75	46
106	72	44
124	80	49
135	80	49
143	81	50
150	81	49
161	74	45
166	72	44
-135	22	12
-130	24	13
-127	26	15
-127	29	16
-127	32	18
-127	35	19
-127	38	21
-127	41	22
-127	44	24
-121	44	25
-123	51	28
-125	55	30
-127	59	33
-126	62	34
-126	65	36
-126	69	38
-127	72	40
-127	76	42
-126	80	44
-126	83	46
-106	100	55
-102	101	56
-98	102	56
-122	165	91
-122	173	95
-115	179	99
-109	180	99
-104	180	100
-98	180	99
-57	113	62
-54	114	63
-52	115	63
-49	116	64
-46	117	64
-43	117	65
-40	118	65
-38	119	66
-35	120	66
-32	120	66
-29	122	67
-27	124	68
-25	132	73
-32	248	137
-25	245	135
-20	249	137
-14	249	138
-8	242	133
-2	247	136
4	245	135
10	245	135
15	243	134
21	244	135
26	242	134
32	241	133
38	243	134
44	244	134
51	247	136
57	247	136
62	244	135
69	246	136
75	246	136
82	247	136
88	247	136
94	246	136
100	244	135
106	241	133
109	235	130
107	216	119
108	206	114
109	197	109
108	183	101
109	176	97
109	167	92
106	155	85
106	147	81
107	142	78
110	139	77
110	132	73
110	126	69
109	120	66
110	115	63
109	109	60
106	102	56
108	99	54
106	93	51
106	89	49
106	85	47
106	81	45
106	77	43
106	74	41
107	71	39
113	72	39
119	72	40
124	72	40
130	72	40
137	72	40
165	74	41
145	61	33
-131	22	11
-127	24	12
-127	27	13
-127	30	15
-127	33	16
-127	36	18
-127	39	19
-127	42	21
-127	45	22
-127	48	24
-127	51	25
-125	53	26
-123	56	27
-126	60	30
-126	63	31
-126	67	33
-127	70	35
-126	74	37
-126	78	38
-126	81	40
-127	86	42
-128	90	45
-128	94	47
-129	100	49
-128	114	56
-117	113	56
-112	114	56
-106	113	56
-103	115	57
-123	178	88
-123	186	92
-124	197	97
-116	205	101
-59	113	56
-56	113	56
-53	115	57
-51	116	57
-48	116	57
-45	117	58
-42	117	58
-39	118	58
-36	118	58
-34	119	59
-31	120	59
-28	121	60
-42	248	122
-36	247	122
-30	247	122
-24	246	121
-19	249	123
-13	248	122
-7	246	121
-1	247	122
4	247	122
10	248	122
16	244	120
21	246	121
27	244	121
32	242	119
38	244	120
44	244	120
51	250	123
57	249	123
62	244	120
69	247	122
74	245	121
82	249	123
88	247	122
94	248	122
101	248	123
105	243	120
108	235	116
109	222	110
110	211	104
109	198	98
108	186	92
110	180	89
108	168	83
107	159	78
106	149	73
108	144	71
110	140	69
109	134	66
110	128	63
110	123	61
109	116	57
108	110	54
107	103	51
107	100	49
107	95	47
106	90	44
106	86	43
106	82	41
106	79	39
106	75	37
106	71	35
124	80	39
129	80	39
134	79	39
139	78	39
150	80	39
161	81	40
166	80	39
166	75	37
145	62	30
147	59	29
-132	21	9
-128	23	10
-128	26	11
-127	28	12
-127	31	14
-127	34	15
-127	37	16
-127	40	18
-127	43	19
-127	46	20
-127	49	22
-127	53	23
-127	56	24
-127	59	26
-124	65	28
-126	69	30
-126	72	32
-127	76	33
-126	80	35
-128	85	37
-128	122	53
-128	128	56
-129	133	58
-117	133	58
-113	135	59
-106	132	58
-97	133	58
-122	191	84
-123	202	88
-122	210	92
-123	223	98
-58	114	50
-55	115	50
-53	116	51
-49	116	51
-46	116	51
-43	117	51
-41	117	51
-38	118	52
-35	119	52
-33	120	53
-30	121	53
-27	122	53
-40	248	108
-35	248	108
-29	248	108
-23	248	108
-18	249	109
-12	250	109
-6	245	107
0	249	109
5	249	109
11	249	109
16	244	107
22	245	107
28	246	108
33	241	106
39	243	106
44	243	106
51	248	108
57	249	109
62	244	107
68	247	108
74	245	107
81	249	109
87	246	107
94	247	108
100	248	108
105	243	107
109	238	104
111	228	100
112	219	96
109	200	87
109	190	83
110	181	79
109	170	75
109	162	71
105	149	65
118	160	70
108	139	61
110	135	59
110	129	56
110	123	54
110	118	52
110	113	49
108	106	46
107	100	44
108	97	43
107	92	40
107	87	38
106	83	36
106	79	35
106	76	33
106	72	31
147	92	40
157	94	41
162	92	40
165	89	39
166	85	37
166	81	35
165	76	33
144	62	27
146	59	26
-134	18	7
-131	20	8
-128	23	9
-127	26	10
-127	28	11
-127	31	12
-127	34	13
-127	37	14
-127	40	15
-127	43	16
-127	46	18
-127	49	19
-127	52	20
-127	56	21
-127	59	23
-127	62	24
-127	66	25
-128	69	27
-125	72	27
-126	76	29
-127	80	31
-127	84	32
-130	108	41
-125	109	42
-128	122	47
-128	127	49
-128	133	51
-128	139	53
-127	144	55
-128	151	58
-117	152	58
-114	154	59
-108	154	59
-103	154	59
-99	156	60
-96	167	64
-96	176	67
-58	114	44
-55	115	44
-53	117	45
-49	116	44
-46	116	44
-43	116	44
-41	117	45
-38	116	45
-35	118	45
-33	119	46
-30	120	46
-28	122	47
-42	248	95
-36	248	95
-30	248	95
-24	246	94
-19	249	95
-13	252	96
-7	247	94
-2	247	95
4	248	95
9	250	96
15	242	93
20	247	94
26	244	94
31	247	94
37	243	93
43	247	95
48	243	93
55	250	96
60	247	95
65	245	94
72	246	94
78	248	95
84	248	95
90	247	95
97	248	95
101	243	93
108	244	93
111	236	90
112	225	86
112	212	81
110	197	76
110	188	72
110	177	68
109	167	64
106	155	59
107	149	57
108	144	55
110	139	53
110	133	51
111	128	49
109	120	46
108	114	44
108	109	42
107	103	39
107	99	38
107	94	36
106	90	34
106	86	33
106	82	31
106	78	30
106	74	28
156	95	37
161	94	36
165	91	35
165	87	33
146	64	25
145	61	23
148	58	22
-135	16	5
-131	19	6
-127	21	7
-127	24	8
-127	27	9
-127	30	10
-127	32	11
-127	35	12
-127	38	13
-127	42	14
-127	45	15
-127	48	16
-127	51	17
-127	54	18
-127	57	19
-128	61	20
-127	64	21
-127	68	22
-127	72	24
-128	75	25
-128	79	26
-128	83	27
-127	100	33
-128	105	34
-128	125	41
-128	130	43
-125	134	44
-127	141	46
-128	149	49
-128	155	51
-128	162	53
-128	170	56
-128	178	59
-128	187	62
-113	191	63
-106	189	62
-57	115	38
-54	115	38
-51	116	38
-47	114	38
-44	115	38
-42	116	38
-39	116	38
-36	116	38
-34	117	39
-31	119	39
-29	121	40
-45	248	82
-39	248	82
-33	247	82
-28	246	81
-22	246	81
-17	249	82
-11	249	82
-5	245	81
0	247	81
6	249	82
11	248	82
16	242	80
22	245	81
28	247	81
32	240	79
38	239	79
44	244	81
50	244	80
57	250	82
61	244	80
67	245	81
73	245	81
80	248	82
85	245	81
92	247	82
99	249	82
102	241	79
112	248	82
112	235	77
112	222	73
112	210	69
110	195	64
111	186	61
110	175	58
110	166	55
106	153	50
110	152	50
108	141	47
110	138	45
110	132	43
110	126	42
109	119	39
109	114	38
109	109	36
107	102	34
108	98	32
107	93	31
106	89	29
106	85	28
106	81	27
106	77	26
106	73	24
156	95	31
154	89	29
156	86	28
155	81	27
154	76	25
155	72	24
143	63	21
145	60	20
147	57	19
148	53	18
-136	15	4
-130	18	5
-127	20	6
-127	23	6
-127	26	7
-127	29	8
-127	32	9
-127	35	10
-126	38	10
-127	41	11
-127	44	12
-127	47	13
-127	50	14
-127	53	15
-127	57	16
-127	60	17
-127	64	18
-127	67	19
-127	71	20
-127	74	21
-127	78	22
-127	82	23
-126	85	24
-127	90	25
-126	94	26
-128	99	27
-128	104	29
-128	124	34
-129	130	36
-128	135	37
-128	141	39
-127	146	41
-128	154	43
-126	160	44
-127	168	47
-128	177	49
-127	184	51
-127	193	54
-126	202	56
-128	215	59
-127	223	62
-126	234	65
-57	114	31
-54	114	32
-51	115	32
-48	115	32
-45	114	32
-42	115	32
-40	116	32
-36	116	32
-34	115	32
-31	117	32
-29	119	33
-27	121	34
-40	248	69
-34	247	68
-29	247	68
-23	247	69
-18	247	68
-12	248	69
-6	243	67
-1	246	68
4	248	69
10	249	69
15	242	67
21	246	68
26	243	67
32	247	68
36	241	67
42	240	66
47	240	67
55	249	69
60	246	68
64	242	67
71	245	68
78	247	68
83	246	68
89	245	68
96	248	69
101	243	67
107	242	67
111	237	66
113	228	63
113	215	60
110	198	55
109	188	52
110	180	50
110	170	47
109	161	45
105	147	41
122	165	46
108	139	39
110	135	37
109	128	36
110	123	34
109	117	32
109	111	31
110	107	30
106	99	27
110	98	27
107	91	25
106	87	24
106	83	23
107	79	22
106	75	21
106	72	20
153	95	26
156	92	26
153	86	24
153	81	23
154	78	21
155	74	20
142	64	18
144	61	17
148	59	16
148	55	15
149	52	14
-132	15	3
-128	18	4
-127	20	5
-127	23	5
-127	26	6
-127	29	7
-127	32	7
-127	35	8
-127	38	9
-126	41	9
-127	44	10
-127	48	11
-127	51	11
-127	54	12
-127	58	13
-127	61	14
-127	64	14
-127	68	15
-127	72	16
-127	75	17
-127	79	18
-127	83	19
-127	105	24
-128	120	27
-128	131	30
-127	136	31
-127	142	32
-127	149	33
-127	156	35
-128	163	37
-127	170	38
-127	179	40
-127	186	42
-126	195	44
-126	204	46
-128	217	49
-127	227	51
-127	240	54
-126	250	56
-118	249	56
-112	249	56
-106	251	57
-98	248	56
-93	251	56
-86	249	56
-80	249	56
-74	251	57
-67	245	55
-62	248	56
-55	245	55
-48	242	54
-44	244	55
-38	246	55
-33	246	56
-27	246	55
-22	246	55
-16	247	56
-10	247	56
-5	241	54
0	245	55
6	247	56
11	247	56
16	239	54
22	244	55
27	245	55
32	236	53
37	237	53
43	241	54
49	239	54
56	247	56
60	241	54
66	241	54
73	246	55
80	247	56
85	246	55
91	245	55
97	246	55
102	242	54
108	241	54
112	236	53
113	225	51
113	212	48
110	196	44
110	186	42
111	177	40
110	167	38
108	158	36
106	147	33
109	144	33
110	139	31
110	132	30
110	127	29
110	121	27
110	115	26
109	110	25
108	104	23
107	98	22
108	94	21
107	89	20
107	85	19
107	81	18
107	78	17
105	73	17
106	70	16
125	79	18
133	80	18
141	81	18
148	81	18
150	78	18
156	77	17
150	69	16
143	62	14
145	59	13
149	57	13
147	53	12
150	50	11
-134	13	2
-129	15	3
-127	18	3
-127	21	4
-127	23	4
-127	27	5
-127	29	5
-127	32	6
-127	35	6
-127	38	7
-127	41	7
-127	44	8
-127	48	8
-126	51	9
-127	54	9
-127	57	10
-127	61	11
-127	64	11
-127	68	12
-126	71	12
-127	75	13
-128	80	14
-127	83	14
-128	120	21
-128	125	22
-127	130	23
-128	137	24
-127	142	25
-127	148	26
-128	156	27
-126	161	28
-127	169	29
-126	177	31
-127	187	32
-126	195	34
-115	186	32
-112	191	33
-105	188	33
-102	192	33
-125	248	43
-119	250	43
-112	249	43
-106	251	44
-92	248	43
-86	248	43
-80	247	43
-75	250	43
-67	245	43
-61	246	43
-56	246	43
-49	240	42
-44	242	42
-39	245	43
-33	246	43
-28	245	42
-22	244	42
-17	247	43
-11	247	43
-6	241	42
0	244	42
5	246	43
11	246	43
15	237	41
21	241	42
26	244	42
32	244	42
36	237	41
41	234	41
47	239	41
54	245	43
60	243	42
64	239	42
71	243	42
78	247	43
84	246	43
89	244	42
95	244	42
102	246	43
106	239	42
111	237	41
113	229	40
113	216	37
111	200	35
110	188	33
111	181	31
110	170	30
109	161	28
105	148	26
120	162	28
109	139	24
111	136	24
110	128	22
110	123	21
108	115	20
107	110	19
107	104	18
107	99	17
109	97	17
107	91	16
107	87	15
107	83	14
106	79	14
106	75	13
106	72	12
106	68	12
127	79	14
136	80	14
144	81	14
149	79	14
151	76	13
159	76	13
142	64	11
143	60	11
149	59	10
151	56	10
149	52	9
149	48	8
150	44	8
-135	11	1
-131	14	2
-127	16	2
-126	19	2
-127	22	3
-127	25	3
-127	27	3
-127	30	4
-127	33	4
-127	36	4
-127	39	5
-127	42	5
-127	46	6
-127	49	6
-127	52	6
-127	55	7
-127	58	7
-127	62	8
-126	65	8
-126	69	8
-127	73	9
-127	77	9
-127	80	10
-127	84	10
-126	88	11
-111	81	10
-127	97	12
-125	100	12
-127	121	15
-127	126	15
-127	132	16
-128	138	17
-127	143	17
-127	150	18
-127	157	19
-126	163	20
-127	171	21
-127	179	22
-127	188	23
-120	187	23
-114	186	23
-108	186	23
-102	184	23
-99	189	23
-62	128	16
-62	134	16
-63	144	18
-85	248	30
-79	248	30
-74	252	31
-66	243	30
-60	246	30
-55	246	30
-48	239	29
-43	242	29
-38	245	30
-32	244	30
-27	243	30
-21	243	30
-16	245	30
-10	245	30
-5	238	29
0	243	30
6	244	30
11	244	30
16	237	29
22	243	30
27	243	30
32	241	29
37	238	29
42	233	28
48	238	29
55	245	30
60	243	30
65	239	29
71	243	30
78	246	30
84	245	30
89	244	30
95	244	30
102	245	30
106	239	29
111	236	29
112	224	27
111	210	26
111	199	24
109	187	23
108	174	21
107	165	20
106	156	19
106	148	18
120	161	20
108	137	17
108	131	16
107	124	15
107	119	14
107	113	14
107	109	13
108	105	13
107	99	12
108	96	12
107	91	11
107	87	11
106	83	10
106	79	10
106	75	9
106	71	9
107	69	8
126	77	9
134	79	10
143	80	10
150	80	10
152	77	9
159	76	9
142	63	8
143	60	7
149	59	7
153	57	7
153	53	6
150	48	6
149	44	5
-134	10	1
-129	12	1
-127	15	1
-127	18	1
-127	21	1
-127	24	2
-127	26	2
-127	29	2
-127	32	2
-127	35	2
-127	38	3
-126	41	3
-127	45	3
-127	48	3
-127	51	4
-127	54	4
-127	57	4
-127	61	4
-127	64	4
-127	68	5
-127	71	5
-127	75	5
-127	79	6
-127	82	6
-126	90	6
-127	109	8
-128	119	8
-127	124	9
-127	129	9
-127	136	10
-127	142	10
-127	148	10
-127	154	11
-126	160	11
-126	168	12
-127	177	12
-127	185	13
-127	193	14
-115	184	13
-111	188	13
-103	183	13
-100	187	13
-64	143	10
-64	153	11
-66	166	12
-83	221	15
-86	246	17
-80	246	17
-75	247	17
-67	241	17
-62	244	17
-56	245	17
-49	237	17
-44	238	17
-39	242	17
-34	243	17
-28	243	17
-23	241	17
-17	242	17
-12	244	17
-6	238	17
-1	242	17
4	242	17
10	243	17
15	236	17
20	240	17
25	243	17
31	242	17
36	238	17
40	232	16
46	234	16
53	244	17
58	241	17
63	236	17
70	242	17
76	244	17
82	244	17
87	241	17
94	242	17
100	243	17
103	235	16
112	240	17
114	231	16
113	217	15
114	206	14
112	192	13
111	181	13
110	172	12
111	164	12
107	151	11
107	144	10
109	140	10
111	136	10
111	130	9
111	124	9
110	118	8
110	112	8
109	107	7
107	100	7
107	96	7
107	92	6
107	87	6
107	83	6
106	79	6
106	76	5
106	72	5
106	69	5
126	78	5
134	79	6
143	80	6
149	79	6
152	77	5
157	75	5
159	72	5
143	61	4
146	58	4
152	57	4
153	53	4
154	50	4
154	46	3
154	43	3
-133	9	0
-128	12	0
-127	15	0
-127	17	0
-127	20	0
-127	23	0
-126	26	0
-127	29	1
-127	32	1
-127	34	1
-126	37	1
-126	41	1
-127	44	1
-127	47	1
-126	50	1
-127	53	1
-127	56	1
-127	60	1
-127	63	1
-127	67	1
-127	70	1
-127	74	1
-127	78	1
-127	81	1
-127	102	2
-128	108	2
-127	117	2
-128	123	2
-127	127	2
-128	134	2
-127	140	2
-127	146	3
-127	152	3
-126	158	3
-127	166	3
-127	174	3
-127	182	3
-127	191	3
-114	180	3
-111	186	3
-105	184	3
-100	185	3
-64	141	2
-66	153	3
-66	165	3
-75	198	3
-72	204	4
-65	211	4
-68	241	4
-63	242	4
-57	243	4
-51	239	4
-45	236	4
-39	239	4
-34	241	4
-29	241	4
-23	239	4
-18	241	4
-13	242	4
-7	238	4
-2	237	4
4	242	4
9	241	4
14	235	4
20	237	4
25	240	4
31	243	4
35	238	4
40	231	4
45	231	4
52	240	4
58	241	4
62	235	4
68	237	4
76	242	4
82	243	4
87	241	4
93	241	4
100	242	4
102	232	4
111	239	4
113	229	4
113	217	4
113	205	4
112	192	3
111	182	3
110	172	3
110	163	3
108	152	3
107	143	3
109	139	2
110	135	2
111	130	2
110	123	2
111	119	2
110	112	2
110	107	2
107	100	2
107	96	2
108	92	2
107	87	2
107	83	1
107	79	1
107	76	1
106	72	1
106	68	1
126	77	1
132	78	1
142	80	1
148	79	1
153	77	1
157	75	1
160	72	1
143	61	1
145	58	1
152	57	1
152	53	1
153	50	1
153	46	1
153	42	1
156	40	1
-134	7	0
-129	10	0
-127	12	0
-127	15	-1
-126	18	-1
-127	21	-1
-127	24	-1
-127	27	-1
-127	29	-1
-126	32	-1
-127	35	-1
-126	38	-1
-127	41	-1
-127	44	-2
-127	47	-2
-126	50	-2
-127	54	-2
-127	57	-2
-127	60	-2
-127	64	-2
-127	67	-2
-126	70	-3
-127	74	-3
-127	78	-3
-127	82	-3
-93	87	-3
-89	87	-3
-86	88	-3
-83	89	-3
-76	85	-3
-73	85	-3
-68	87	-3
-69	93	-3
-66	138	-5
-66	146	-5
-70	165	-6
-74	243	-9
-66	238	-8
-62	242	-9
-56	241	-9
-48	233	-8
-43	234	-8
-38	238	-8
-33	239	-9
-27	238	-8
-22	238	-9
-16	240	-9
-11	239	-9
-6	236	-8
0	236	-8
5	240	-9
11	240	-9
16	232	-8
21	236	-8
27	241	-9
31	235	-8
36	232	-8
41	228	-8
47	233	-8
54	240	-9
59	237	-8
64	232	-8
71	239	-9
78	241	-9
84	241	-9
88	236	-8
96	240	-9
102	241	-9
104	229	-8
113	236	-8
114	225	-8
115	215	-8
113	201	-7
111	185	-7
112	179	-6
110	167	-6
110	158	-6
106	147	-5
117	154	-6
108	136	-5
111	133	-5
111	127	-5
110	121	-4
109	114	-4
109	109	-4
109	104	-4
107	98	-3
108	95	-3
108	90	-3
107	85	-3
107	81	-3
107	78	-3
106	74	-3
106	70	-3
107	67	-2
127	77	-3
134	77	-3
144	79	-3
149	78	-3
154	76	-3
158	74	-3
160	71	-3
143	59	-2
146	57	-2
151	55	-2
152	52	-2
153	48	-2
155	45	-2
156	42	-1
167	41	-1
-132	6	-1
-127	9	-1
-127	12	-1
-127	14	-1
-127	17	-2
-127	20	-2
-127	23	-2
-126	25	-2
-127	28	-3
-127	31	-3
-127	34	-3
-127	37	-3
-126	40	-4
-127	43	-4
-127	46	-4
-127	49	-4
-126	52	-5
-127	55	-5
-127	59	-5
-127	62	-6
-127	65	-6
-127	69	-6
-127	72	-7
-127	76	-7
-127	80	-7
-71	101	-9
-72	108	-10
-73	114	-10
-103	186	-17
-67	136	-12
-66	144	-13
-71	162	-15
-77	186	-17
-76	241	-22
-70	242	-22
-63	237	-21
-58	239	-22
-52	239	-22
-44	231	-21
-39	234	-21
-35	238	-21
-29	238	-22
-23	236	-21
-18	237	-21
-13	239	-22
-7	233	-21
-2	231	-21
4	236	-21
9	237	-21
14	231	-21
19	229	-21
25	238	-22
31	240	-22
35	234	-21
40	228	-21
45	229	-21
52	237	-21
57	233	-21
62	231	-21
68	231	-21
76	238	-21
82	240	-22
87	237	-21
94	238	-21
100	238	-21
103	230	-21
112	237	-21
112	222	-20
112	211	-19
113	202	-18
111	188	-17
111	178	-16
110	168	-15
111	161	-14
108	149	-13
108	142	-13
108	136	-12
110	132	-12
111	127	-11
111	122	-11
111	116	-11
110	110	-10
110	105	-9
108	99	-9
108	94	-9
107	90	-8
107	86	-8
107	81	-7
107	78	-7
107	74	-7
106	71	-6
106	67	-6
110	66	-6
115	66	-6
121	66	-6
128	67	-6
133	66	-6
141	66	-6
148	65	-6
157	66	-6
146	57	-5
147	54	-5
151	52	-5
153	49	-4
154	46	-4
165	45	-4
166	42	-4
167	38	-3
-132	4	-1
-128	7	-1
-127	9	-1
-127	12	-2
-127	15	-2
-127	17	-3
-127	20	-3
-127	23	-3
-127	26	-4
-127	28	-4
-127	31	-5
-127	34	-5
-126	37	-5
-127	40	-6
-127	43	-6
-127	45	-7
-126	49	-7
-127	52	-8
-127	55	-8
-127	58	-9
-127	61	-9
-127	65	-9
-126	68	-10
-127	72	-11
-127	75	-11
-126	79	-12
-115	79	-12
-110	79	-12
-104	78	-11
-100	79	-12
-95	79	-12
-91	79	-11
-87	79	-12
-83	78	-11
-79	78	-11
-76	79	-12
-71	77	-11
-72	85	-12
-72	89	-13
-72	93	-14
-72	97	-14
-72	113	-16
-70	126	-18
-67	135	-20
-68	145	-21
-71	161	-24
-77	185	-27
-72	197	-29
-74	218	-32
-76	239	-35
-69	238	-35
-63	236	-34
-57	236	-35
-51	236	-35
-44	229	-33
-40	233	-34
-26	181	-26
-21	180	-26
-17	180	-26
-13	179	-26
-9	178	-26
-5	177	-26
0	178	-26
4	178	-26
10	238	-35
15	230	-34
20	230	-34
26	239	-35
32	238	-35
36	233	-34
41	226	-33
47	232	-34
53	234	-34
59	233	-34
41	144	-21
43	139	-20
39	116	-17
42	116	-17
45	115	-17
49	118	-17
52	118	-17
56	119	-17
58	118	-17
62	119	-17
65	118	-17
69	117	-17
73	119	-17
73	113	-17
106	144	-21
111	143	-21
109	134	-20
111	131	-19
111	125	-18
111	120	-18
110	113	-16
109	108	-16
109	103	-15
108	97	-14
108	93	-14
108	88	-13
107	84	-12
107	80	-12
107	77	-11
107	73	-11
106	69	-10
107	66	-10
115	68	-10
165	86	-13
166	81	-12
167	77	-11
166	73	-11
165	68	-10
168	65	-10
166	61	-9
150	51	-7
167	53	-8
166	49	-7
167	45	-7
168	42	-6
167	38	-6
167	30	-4
-133	2	0
-129	4	-1
-127	7	-1
-127	9	-2
-127	12	-2
-127	15	-3
-127	17	-4
-127	20	-4
-126	23	-5
-127	25	-5
-127	28	-6
-126	31	-6
-127	34	-7
-126	36	-7
-127	39	-8
-127	42	-9
-126	45	-9
-127	48	-10
-127	51	-10
-127	54	-11
-127	58	-12
-127	61	-12
-127	64	-13
-126	67	-14
-127	71	-15
-127	74	-15
-127	78	-16
-115	78	-16
-109	78	-16
-104	78	-16
-100	78	-16
-95	78	-16
-91	78	-16
-87	78	-16
-83	78	-16
-80	78	-16
-76	78	-16
-74	79	-16
-71	83	-17
-72	87	-18
-72	91	-19
-72	96	-20
-72	100	-21
-102	171	-35
-69	137	-28
-69	146	-30
-80	177	-36
-77	182	-37
-71	192	-39
-76	237	-48
-70	237	-48
-63	234	-48
-57	235	-48
-51	234	-48
-45	228	-47
-28	169	-34
-24	167	-34
-20	165	-34
-16	165	-34
-12	163	-33
-8	163	-33
-4	161	-33
0	165	-34
4	171	-35
8	179	-36
15	226	-46
20	229	-47
27	237	-48
31	228	-47
36	227	-46
42	226	-46
48	231	-47
54	230	-47
59	229	-47
41	143	-29
39	114	-23
42	114	-23
45	113	-23
48	113	-23
51	113	-23
54	112	-23
57	113	-23
60	112	-23
63	112	-23
67	112	-23
70	112	-23
74	112	-23
109	151	-31
109	145	-30
110	139	-28
111	135	-28
108	125	-26
108	119	-24
107	113	-23
108	109	-22
110	106	-22
109	101	-21
108	95	-19
109	92	-19
108	87	-18
107	83	-17
107	79	-16
107	75	-15
107	72	-15
106	68	-14
107	65	-13
114	67	-14
162	87	-18
134	67	-14
143	68	-14
143	65	-13
166	71	-15
165	67	-14
168	64	-13
168	60	-12
167	56	-11
168	52	-11
168	48	-10
165	44	-9
168	41	-8
167	37	-8
167	30	-6
160	25	-5
-133	0	0
-129	3	-1
-127	5	-1
-127	8	-2
-127	10	-3
-127	13	-3
-127	16	-4
-127	18	-5
-127	21	-5
-127	23	-6
-126	26	-7
-126	29	-8
-126	31	-8
-127	34	-9
-127	37	-10
-126	39	-10
-126	42	-11
-126	45	-12
-126	48	-13
-127	51	-14
-126	54	-14
-127	57	-15
-126	60	-16
-127	64	-17
-127	67	-18
-127	71	-19
-127	74	-20
-127	78	-21
-114	77	-20
-108	77	-20
-104	77	-20
-99	77	-20
-95	77	-20
-91	77	-20
-86	77	-20
-83	77	-20
-79	77	-20
-76	77	-20
-71	83	-22
-70	103	-27
-73	112	-30
-79	134	-35
-69	123	-33
-70	132	-35
-70	140	-37
-73	154	-41
-82	182	-48
-77	182	-48
-73	197	-52
-73	213	-56
-75	235	-62
-69	236	-62
-62	231	-61
-55	231	-61
-49	227	-60
-31	167	-44
-26	163	-43
-22	162	-43
-18	159	-42
-14	158	-42
-10	157	-42
-6	159	-42
-2	159	-42
2	162	-43
6	173	-46
12	227	-60
17	225	-60
23	232	-61
29	233	-62
33	225	-60
39	224	-59
45	226	-60
51	228	-60
56	227	-60
62	227	-60
40	119	-31
41	113	-30
43	112	-30
46	112	-30
50	112	-30
53	112	-30
56	112	-30
58	110	-29
62	111	-29
65	110	-29
69	111	-29
72	110	-29
109	146	-39
108	139	-37
111	136	-36
109	128	-34
109	121	-32
109	116	-31
111	113	-30
107	104	-28
108	100	-27
108	96	-25
108	92	-24
109	89	-24
107	83	-22
107	80	-21
107	76	-20
107	72	-19
106	69	-18
106	66	-17
112	66	-18
129	66	-17
137	67	-18
141	65	-17
144	62	-17
146	60	-16
166	64	-17
167	61	-16
167	57	-15
167	53	-14
168	50	-13
168	46	-12
166	39	-10
167	35	-9
167	32	-8
164	27	-7
162	24	-6
-135	-3	1
-131	0	0
-127	2	-1
-127	5	-2
-127	7	-2
-127	10	-3
-127	12	-4
-127	15	-5
-127	17	-6
-126	20	-6
-127	22	-7
-126	25	-8
-126	28	-9
-126	30	-10
-127	33	-11
-127	36	-12
-127	38	-13
-127	41	-13
-126	44	-14
-126	47	-15
-126	50	-16
-126	53	-17
-127	56	-18
-126	59	-19
-126	62	-20
-127	65	-21
-126	69	-22
-127	72	-24
-126	75	-25
-126	79	-26
-117	77	-25
-111	76	-25
-106	76	-25
-101	76	-25
-97	77	-25
-93	77	-25
-89	76	-25
-84	76	-25
-81	77	-25
-78	77	-25
-72	89	-29
-72	93	-30
-71	96	-32
-72	102	-33
-72	107	-35
-73	113	-37
-71	122	-40
-71	129	-42
-87	175	-57
-82	177	-58
-78	180	-59
-71	187	-61
-73	205	-67
-77	233	-76
-71	233	-76
-64	233	-76
-58	233	-76
-53	234	-77
-32	167	-55
-27	161	-53
-22	158	-52
-18	156	-51
-15	156	-51
-11	155	-51
-7	155	-51
-3	157	-52
1	158	-52
17	232	-76
23	233	-76
29	232	-76
34	232	-76
40	233	-76
46	234	-77
52	233	-77
58	233	-77
64	232	-76
41	131	-43
40	118	-39
41	112	-37
44	112	-37
47	111	-37
49	110	-36
53	111	-36
55	110	-36
59	110	-36
62	109	-36
65	109	-36
69	109	-36
73	109	-36
112	147	-48
108	136	-45
106	127	-42
106	121	-40
106	115	-38
105	110	-36
111	110	-36
107	102	-33
108	98	-32
109	95	-31
110	92	-30
108	86	-28
107	82	-27
107	78	-26
107	74	-24
107	71	-23
107	68	-22
106	64	-21
111	64	-21
112	62	-20
114	60	-20
119	60	-20
130	62	-20
138	62	-20
143	61	-20
162	66	-22
165	63	-21
168	60	-20
167	56	-18
167	53	-17
168	49	-16
167	45	-15
167	38	-13
167	35	-11
167	31	-10
163	27	-9
161	24	-8
-131	-3	1
-127	0	0
-127	2	-1
-127	4	-2
-127	7	-3
-127	9	-4
-127	12	-5
-127	14	-6
-127	17	-7
-127	19	-8
-127	22	-9
-126	24	-10
-127	27	-11
-126	29	-11
-127	32	-13
-127	34	-14
-127	37	-15
-127	40	-16
-126	42	-17
-126	45	-18
-126	48	-19
-127	51	-20
-126	54	-21
-126	57	-22
-126	60	-24
-126	63	-25
-127	66	-26
-127	70	-27
-126	73	-29
-126	76	-30
-115	77	-30
-109	76	-30
-105	76	-30
-100	76	-30
-95	76	-30
-91	76	-30
-87	76	-30
-83	76	-30
-79	76	-30
-76	76	-30
-71	81	-32
-72	86	-34
-72	90	-36
-72	94	-37
-72	98	-39
-72	104	-41
-72	108	-43
-72	114	-45
-72	121	-48
-97	178	-70
-92	179	-71
-76	159	-63
-80	178	-70
-76	179	-71
-78	197	-78
-74	201	-79
-62	198	-78
-56	197	-78
-51	197	-78
-46	196	-78
-33	164	-65
-28	159	-63
-23	157	-62
-19	155	-61
-15	154	-61
-11	153	-60
-7	153	-61
-3	154	-61
1	157	-62
5	166	-65
10	194	-77
15	196	-78
20	195	-77
25	196	-77
30	197	-78
35	197	-78
40	196	-78
45	196	-77
50	196	-77
55	195	-77
41	130	-51
40	117	-46
41	111	-44
45	111	-44
47	110	-43
51	110	-43
54	110	-43
57	109	-43
59	108	-43
63	109	-43
66	108	-43
70	109	-43
74	110	-43
112	151	-60
111	142	-56
108	132	-52
106	123	-49
106	118	-47
105	112	-44
105	107	-42
104	101	-40
105	98	-39
105	93	-37
114	97	-38
110	90	-36
107	84	-33
107	80	-31
107	76	-30
107	73	-29
107	69	-27
107	66	-26
107	63	-25
110	62	-24
111	59	-23
116	59	-23
121	59	-23
133	62	-24
135	60	-24
141	59	-23
163	65	-26
166	62	-25
167	59	-23
168	55	-22
167	51	-20
168	48	-19
166	44	-17
167	38	-15
167	34	-13
167	31	-12
162	26	-10
161	23	-9
-135	-7	3
-130	-4	2
-127	-1	1
-127	1	0
-127	3	-2
-127	6	-3
-127	8	-4
-127	10	-5
-127	13	-6
-127	15	-7
-126	17	-8
-126	20	-9
-126	22	-10
-127	25	-11
-127	27	-13
-127	29	-14
-127	32	-15
-126	35	-16
-126	37	-17
-126	40	-19
-126	42	-20
-126	45	-21
-126	48	-22
-127	51	-24
-127	54	-25
-126	56	-26
-126	59	-28
-127	63	-29
-127	66	-31
-126	69	-32
-126	72	-34
-126	76	-35
-114	75	-35
-109	75	-35
-104	75	-35
-99	75	-35
-95	75	-35
-91	75	-35
-87	75	-35
-83	75	-35
-80	75	-35
-76	75	-35
-72	81	-38
-72	85	-40
-72	89	-41
-71	92	-43
-72	98	-46
-72	102	-48
-72	108	-50
-94	173	-81
-89	173	-81
-83	172	-80
-77	170	-79
-73	172	-80
-68	172	-80
-63	173	-80
-57	170	-79
-52	171	-80
-47	170	-79
-43	170	-79
-38	170	-79
-31	161	-75
-26	157	-73
-22	155	-72
-18	154	-72
-13	152	-71
-9	151	-70
-5	151	-71
-2	153	-71
2	156	-73
7	162	-75
11	170	-79
16	170	-79
20	170	-79
25	170	-79
29	170	-79
34	169	-79
38	170	-79
43	170	-79
47	169	-79
42	135	-63
41	121	-56
41	109	-51
44	109	-51
47	110	-51
50	108	-50
53	109	-51
56	108	-50
60	108	-51
63	108	-50
66	108	-50
70	108	-50
74	108	-51
111	141	-66
109	133	-62
109	127	-59
111	122	-57
106	111	-52
105	106	-49
105	101	-47
104	96	-45
105	92	-43
105	89	-41
110	89	-41
107	82	-38
107	79	-37
107	75	-35
107	72	-34
107	69	-32
107	66	-31
107	63	-29
109	61	-28
110	59	-27
115	58	-27
121	59	-27
133	62	-29
136	60	-28
140	58	-27
166	62	-29
167	59	-27
167	55	-26
167	51	-24
168	48	-22
168	45	-21
166	41	-19
167	38	-18
167	35	-16
167	31	-15
167	28	-13
161	24	-11
-133	-8	4
-128	-5	3
-126	-3	2
-127	-1	0
-127	2	-1
-127	4	-2
-127	6	-3
-127	8	-5
-127	11	-6
-127	13	-7
-126	15	-8
-126	17	-9
-127	20	-11
-126	22	-12
-126	24	-13
-127	27	-15
-127	29	-16
-127	32	-17
-126	34	-18
-126	37	-20
-126	39	-21
-126	42	-23
-127	44	-24
-126	47	-25
-127	50	-27
-126	52	-28
-126	55	-30
-126	58	-31
-126	61	-33
-126	64	-35
-126	67	-36
-126	70	-38
-126	74	-40
-126	77	-42
-117	75	-41
-111	75	-40
-107	75	-41
-101	74	-40
-97	75	-40
-93	74	-40
-89	75	-40
-85	75	-41
-81	74	-40
-77	74	-40
-73	81	-44
-71	82	-45
-71	86	-47
-72	95	-51
-72	100	-54
-71	104	-56
-71	110	-59
-83	149	-81
-78	149	-81
-73	148	-80
-68	148	-80
-63	148	-80
-59	148	-80
-54	148	-80
-50	148	-80
-46	148	-80
-42	148	-80
-37	147	-80
-33	147	-80
-29	148	-80
-25	148	-80
-21	147	-80
-17	147	-80
-13	148	-80
-9	147	-79
-5	148	-80
-1	147	-80
3	148	-80
7	147	-80
11	147	-80
15	147	-80
19	147	-80
23	147	-80
27	147	-79
31	147	-80
35	148	-80
39	147	-80
43	147	-80
42	130	-70
42	117	-63
42	109	-59
46	110	-59
49	110	-60
52	109	-59
55	109	-59
58	108	-59
61	107	-58
65	108	-59
69	108	-58
73	108	-58
109	141	-76
109	134	-73
110	129	-70
109	122	-66
110	117	-64
109	112	-60
109	106	-58
111	103	-56
104	93	-50
105	89	-48
108	88	-48
111	86	-47
107	80	-43
107	76	-41
107	73	-39
107	70	-38
107	67	-36
107	63	-34
108	62	-33
108	59	-32
112	58	-31
117	58	-31
123	58	-31
141	60	-33
141	57	-31
139	53	-29
138	50	-27
140	47	-26
141	45	-24
164	49	-27
167	47	-25
168	44	-24
167	40	-22
156	34	-19
157	32	-17
158	29	-16
166	27	-15
161	24	-13
165	21	-12
-134	-11	7
-131	-8	5
-127	-6	4
-126	-3	2
-127	-1	1
-127	1	-1
-127	3	-2
-127	5	-3
-126	8	-5
-127	10	-6
-127	12	-7
-127	14	-9
-126	16	-10
-126	18	-11
-126	21	-13
-127	23	-14
-127	25	-16
-127	28	-17
-127	30	-19
-126	32	-20
-124	34	-21
-126	37	-23
-126	39	-25
-124	41	-26
-127	45	-28
-127	47	-29
-127	50	-31
-126	52	-33
-126	55	-34
-126	58	-36
-127	61	-38
-126	64	-40
-126	67	-42
-126	70	-44
-125	73	-46
-127	77	-48
-115	74	-46
-110	74	-46
-104	73	-46
-100	73	-46
-96	73	-46
-92	73	-46
-88	74	-46
-84	74	-46
-80	73	-46
-76	73	-46
-71	78	-49
-71	85	-53
-71	90	-56
-71	95	-59
-72	100	-63
-71	104	-65
-70	109	-68
-70	114	-71
-76	131	-82
-72	132	-82
-68	132	-82
-63	132	-82
-58	131	-82
-55	131	-82
-50	131	-82
-47	132	-82
-42	130	-81
-38	131	-81
-35	131	-82
-30	129	-81
-27	130	-81
-23	130	-81
-19	130	-81
-15	130	-81
-12	130	-81
-8	130	-81
-4	130	-81
-1	130	-81
3	130	-81
7	130	-81
10	129	-80
14	130	-81
18	130	-81
21	129	-81
25	130	-81
29	130	-81
33	130	-81
36	129	-81
40	130	-81
41	120	-75
42	111	-70
43	107	-67
47	108	-67
50	108	-67
53	107	-67
57	107	-67
61	108	-68
64	107	-67
68	107	-67
71	107	-67
75	107	-67
94	127	-80
100	129	-81
105	130	-81
110	129	-80
110	122	-76
110	117	-73
110	112	-70
108	101	-63
108	96	-60
110	93	-58
106	86	-53
110	85	-53
108	80	-50
107	76	-47
108	73	-46
107	69	-43
107	66	-41
107	63	-39
107	61	-38
108	58	-36
110	57	-35
116	57	-36
121	57	-35
137	61	-38
142	60	-38
144	58	-36
136	52	-32
137	49	-31
138	47	-29
140	45	-28
142	43	-27
143	40	-25
162	42	-26
167	41	-25
167	38	-23
155	32	-20
156	29	-18
157	27	-17
161	25	-15
162	22	-14
-134	-13	9
-131	-10	7
-127	-8	5
-127	-6	4
-127	-3	2
-127	-1	1
-127	1	-1
-127	3	-2
-126	5	-4
-126	7	-5
-127	9	-6
-127	11	-8
-127	13	-9
-126	15	-11
-126	17	-12
-127	20	-14
-127	22	-16
-127	24	-17
-127	26	-19
-127	28	-20
-33	9	-7
-32	10	-7
-127	35	-25
-49	17	-12
-47	17	-12
-46	18	-13
-43	18	-13
-127	53	-38
-127	56	-40
-127	59	-42
-126	61	-44
-126	64	-45
-126	67	-48
-125	70	-50
-126	73	-52
-114	73	-52
-110	73	-52
-105	73	-52
-100	73	-52
-96	73	-52
-92	73	-52
-87	73	-52
-83	73	-52
-80	73	-52
-76	73	-52
-72	79	-56
-71	82	-58
-71	86	-61
-71	90	-64
-71	95	-68
-71	99	-71
-70	115	-82
-66	115	-82
-62	115	-82
-57	114	-81
-54	115	-82
-50	114	-81
-46	113	-80
-42	113	-81
-39	113	-81
-35	113	-81
-31	113	-81
-28	113	-81
-25	113	-81
-21	114	-81
-18	114	-81
-14	114	-82
-11	114	-81
-7	113	-81
-4	113	-81
-1	114	-81
3	113	-81
6	114	-81
9	113	-81
13	113	-81
16	113	-81
19	113	-81
23	114	-81
26	113	-81
29	113	-81
33	113	-80
36	113	-80
40	113	-80
41	107	-76
45	107	-76
48	107	-76
52	107	-76
55	107	-76
59	107	-76
62	106	-76
65	106	-75
69	106	-76
73	107	-76
82	113	-80
87	114	-81
92	114	-81
97	114	-82
101	114	-81
106	114	-81
109	112	-80
110	108	-77
109	103	-73
109	98	-70
109	93	-66
108	88	-63
108	85	-60
107	80	-57
108	77	-55
107	74	-52
108	70	-50
107	67	-48
107	64	-46
107	61	-43
110	60	-43
109	57	-40
113	56	-40
118	56	-40
123	56	-40
132	57	-41
128	50	-35
130	48	-34
131	46	-32
132	43	-31
133	41	-29
137	40	-28
144	39	-28
143	36	-26
166	39	-28
168	37	-26
154	31	-22
155	28	-20
155	26	-18
156	23	-17
162	21	-15
-134	-15	12
-130	-12	10
-127	-10	8
-127	-8	6
-127	-6	5
-127	-4	3
-127	-2	2
-127	0	0
-126	2	-2
-127	4	-3
-127	6	-5
-127	8	-6
-127	10	-8
-127	12	-10
-127	14	-11
-126	16	-13
-127	18	-15
-126	20	-16
-127	22	-18
-33	8	-7
-32	9	-7
-32	9	-7
-31	10	-8
-41	15	-12
-39	15	-12
-36	15	-12
-34	15	-12
-32	15	-12
-31	15	-12
-29	15	-12
-27	15	-12
-26	15	-12
-24	15	-12
-23	15	-12
-22	14	-12
-21	14	-12
-20	14	-12
-19	15	-12
-18	14	-12
-17	14	-12
-16	14	-12
-15	14	-12
-14	14	-12
-14	14	-12
-13	14	-11
-12	14	-12
-73	100	-81
-68	99	-80
-64	99	-80
-61	99	-80
-57	99	-80
-54	99	-81
-50	100	-81
-46	99	-80
-43	99	-80
-40	99	-80
-37	99	-80
-33	99	-80
-30	99	-80
-27	99	-80
-23	98	-80
-20	98	-80
-17	99	-80
-14	98	-80
-11	99	-80
-8	99	-80
-5	99	-80
-2	99	-80
1	98	-79
4	98	-80
7	98	-80
10	98	-80
13	99	-80
16	99	-80
19	98	-80
23	98	-80
26	99	-80
29	98	-80
32	99	-80
35	98	-80
39	99	-80
42	99	-80
45	98	-80
49	99	-80
52	99	-80
56	99	-80
59	98	-80
62	98	-79
66	98	-79
70	98	-80
73	98	-79
77	97	-79
82	98	-80
86	98	-80
90	98	-79
95	99	-80
99	98	-80
104	98	-80
109	99	-80
109	94	-77
111	92	-75
109	86	-70
111	84	-68
108	78	-63
108	75	-61
108	72	-58
107	68	-55
107	65	-53
108	62	-51
108	60	-48
113	60	-49
118	60	-49
141	68	-55
145	67	-55
164	73	-59
167	71	-57
126	50	-41
126	48	-39
128	46	-37
130	44	-36
131	42	-34
133	40	-32
135	38	-31
134	35	-29
143	35	-29
143	33	-27
162	35	-28
151	30	-24
153	28	-22
154	25	-21
153	23	-18
155	21	-17
157	18	-15
-133	-15	14
-129	-13	12
-127	-11	10
-127	-9	8
-127	-7	6
-127	-5	5
-126	-3	3
-127	-1	1
-126	1	-1
-127	2	-2
-127	4	-4
-126	6	-6
-127	8	-7
-127	10	-9
-127	12	-11
-126	14	-13
-126	16	-14
-127	17	-16
-127	19	-18
-33	7	-7
-32	8	-7
-32	8	-8
-32	9	-8
-37	13	-12
-34	13	-12
-31	13	-12
-30	13	-12
-28	13	-12
-26	13	-12
-25	13	-12
-23	13	-12
-23	13	-12
-21	13	-12
-20	13	-12
-19	13	-12
-19	13	-12
-17	13	-12
-16	13	-12
-16	13	-12
-14	13	-12
-14	13	-12
-13	13	-12
-12	13	-12
-12	12	-11
-11	13	-12
-10	13	-12
-10	13	-12
-9	12	-11
-9	12	-11
-8	12	-11
-8	12	-11
-7	12	-11
-7	12	-11
-6	12	-11
-6	12	-11
-5	12	-11
-5	12	-11
-4	12	-11
-4	12	-11
-4	12	-11
-3	12	-11
-3	12	-11
-2	12	-11
-2	12	-11
-2	12	-11
-1	12	-11
-1	12	-11
0	12	-11
0	12	-11
0	12	-11
1	12	-11
1	12	-11
2	12	-11
19	86	-79
23	88	-81
26	89	-81
29	88	-81
32	88	-81
35	88	-81
38	88	-81
41	88	-81
44	88	-81
47	88	-81
50	88	-81
54	88	-81
57	88	-81
60	88	-81
64	88	-81
68	88	-81
71	88	-81
75	88	-81
79	88	-81
82	87	-81
86	87	-80
91	87	-80
95	88	-81
99	87	-80
104	88	-81
109	88	-81
108	83	-77
108	80	-73
107	76	-70
108	73	-67
108	70	-64
108	66	-61
107	63	-58
107	60	-55
108	58	-54
110	57	-52
120	56	-52
141	64	-59
146	63	-58
124	50	-46
124	48	-44
125	44	-40
127	42	-39
131	41	-38
132	39	-36
133	37	-34
135	35	-32
135	33	-30
141	32	-29
143	30	-28
150	29	-27
152	27	-25
153	25	-23
152	23	-21
154	21	-19
154	18	-17
-132	-16	17
-129	-14	15
-128	-12	13
-127	-10	11
-127	-9	9
-127	-7	7
-127	-5	5
-127	-3	3
-127	-2	2
-127	0	0
-127	2	-2
-126	4	-4
-126	6	-6
-127	7	-8
-127	9	-9
-127	11	-11
-126	13	-13
-126	14	-15
-127	16	-17
-34	6	-6
-33	7	-7
-32	7	-8
-32	8	-8
-37	12	-12
-35	12	-12
-33	12	-12
-31	12	-12
-29	12	-12
-28	12	-12
-26	12	-12
-24	12	-12
-24	12	-12
-22	11	-12
-21	12	-12
-20	11	-12
-19	11	-12
-17	12	-12
-16	12	-12
-16	11	-12
-15	11	-12
-14	11	-12
-13	11	-12
-13	11	-12
-12	11	-12
-11	11	-12
-11	11	-12
-10	11	-12
-10	11	-12
-9	11	-12
-9	11	-11
-8	11	-11
-8	11	-11
-7	11	-11
-7	11	-11
-6	11	-11
-6	11	-11
-5	11	-11
-5	11	-11
-5	11	-11
-4	11	-11
-4	11	-11
-3	11	-11
-3	11	-11
-3	11	-11
-2	11	-11
-2	11	-11
-1	11	-11
-1	11	-11
-1	11	-11
0	11	-11
0	11	-11
1	11	-11
1	11	-11
1	11	-11
2	11	-11
2	11	-11
2	11	-11
3	11	-11
3	11	-11
3	11	-11
4	11	-11
4	11	-11
5	11	-11
5	11	-11
5	11	-11
6	11	-11
6	11	-11
7	11	-11
7	11	-11
8	11	-11
8	11	-11
8	11	-11
9	11	-11
9	11	-11
10	11	-11
11	11	-11
13	10	-11
13	10	-11
108	71	-74
108	68	-71
108	65	-68
108	62	-64
107	59	-61
112	59	-61
112	54	-56
118	54	-57
122	53	-56
122	51	-53
122	49	-51
120	46	-47
118	43	-44
126	43	-45
126	41	-43
127	39	-41
131	38	-40
133	34	-36
135	33	-34
136	31	-32
142	30	-31
143	28	-29
149	27	-28
150	25	-26
151	23	-24
153	21	-22
153	19	-19
154	17	-17
-134	-19	23
-127	-16	19
-128	-15	17
-127	-13	15
-127	-11	14
-127	-10	12
-127	-8	10
-127	-6	8
-127	-5	6
-127	-3	4
-127	-2	2
-127	0	0
-126	2	-2
-127	4	-4
-126	5	-6
-126	7	-8
-127	8	-10
-127	10	-12
-126	12	-14
-126	13	-16
-127	15	-18
-33	6	-7
-34	7	-8
-32	7	-8
-35	10	-12
-33	10	-12
-31	10	-12
-29	10	-12
-28	11	-12
-26	10	-12
-24	10	-12
-21	10	-12
-19	10	-12
-19	10	-12
-17	10	-12
-16	10	-12
-16	10	-12
-15	10	-12
-14	10	-12
-13	10	-12
-13	10	-12
-12	10	-12
-11	10	-12
-11	10	-12
-10	10	-12
-10	10	-12
-9	10	-12
-9	10	-12
-8	10	-11
-8	10	-11
-7	10	-11
-7	10	-11
-6	10	-11
-6	10	-11
-5	10	-11
-5	10	-11
-5	10	-11
-4	10	-11
-4	10	-11
-4	10	-11
-3	9	-11
-3	9	-11
-2	10	-11
-2	9	-11
-2	10	-11
-1	9	-11
-1	9	-11
-1	9	-11
0	9	-11
0	9	-11
0	9	-11
1	9	-11
1	9	-11
2	9	-11
2	9	-11
2	9	-11
3	9	-11
3	9	-11
3	9	-11
4	9	-11
4	9	-11
4	9	-11
5	9	-11
5	9	-11
6	9	-11
6	9	-11
6	9	-11
7	9	-11
7	9	-11
7	9	-11
8	9	-11
8	9	-11
10	10	-11
10	10	-11
11	9	-11
11	9	-11
11	9	-11
12	9	-11
12	9	-11
13	9	-11
107	64	-76
108	61	-72
107	59	-69
110	57	-68
115	57	-68
114	55	-65
115	52	-62
126	55	-65
121	50	-60
122	48	-57
121	46	-54
118	42	-50
115	39	-47
130	38	-45
129	36	-43
130	34	-40
131	32	-38
133	31	-37
136	30	-35
136	28	-33
141	27	-32
147	26	-30
148	24	-28
150	22	-26
151	20	-24
153	18	-22
152	16	-19
155	14	-17
-132	-21	28
-129	-18	25
-127	-17	22
-125	-15	20
-128	-13	18
-128	-12	16
-127	-10	14
-127	-9	12
-127	-7	10
-127	-6	7
-127	-4	5
-126	-3	3
-127	-1	1
-127	1	-1
-127	2	-3
-126	4	-5
-126	5	-7
-127	7	-9
-127	8	-11
-126	10	-13
-126	11	-15
-127	13	-17
-33	5	-7
-34	5	-7
-35	9	-13
-31	9	-12
-29	9	-12
-27	9	-12
-26	9	-12
-19	9	-12
-18	9	-12
-17	9	-12
-16	9	-12
-16	9	-12
-14	9	-12
-14	9	-12
-13	9	-12
-12	9	-12
-12	9	-12
-11	9	-12
-11	9	-12
-10	9	-12
-10	9	-12
-9	9	-12
-9	9	-12
-8	9	-11
-8	9	-11
-7	9	-11
-7	9	-11
-6	8	-11
-6	8	-11
-5	8	-11
-5	8	-11
-5	8	-11
-4	8	-11
-4	8	-11
-4	8	-11
-3	8	-11
-3	8	-11
-2	8	-11
-2	8	-11
-2	8	-11
-1	8	-11
-1	8	-11
-1	8	-11
0	8	-11
0	8	-11
0	8	-11
1	8	-11
1	8	-11
1	8	-11
2	8	-11
2	8	-11
2	8	-11
3	8	-11
3	8	-11
3	8	-11
4	8	-11
4	8	-11
4	8	-11
5	8	-11
5	8	-11
5	8	-11
6	8	-11
6	8	-11
7	8	-11
7	8	-11
7	8	-11
8	8	-11
9	9	-12
10	8	-11
11	8	-11
12	8	-11
108	56	-75
113	56	-75
113	53	-72
113	51	-69
118	51	-68
116	48	-65
117	46	-62
120	45	-61
118	42	-57
115	39	-53
133	33	-44
130	31	-41
130	29	-39
133	28	-37
137	27	-36
140	25	-34
152	26	-34
146	23	-30
150	19	-26
152	18	-24
152	16	-21
153	14	-19
