-202	46	34
-201	55	41
-191	56	42
-190	60	45
-189	65	48
-187	68	51
-184	71	53
-184	76	56
-196	86	63
-199	92	68
-198	96	72
-279	150	111
-272	154	114
-255	152	113
-241	151	112
-197	130	96
-197	136	101
-197	142	106
-195	148	110
-186	148	110
-178	148	110
-170	148	110
-161	148	109
-153	148	109
-146	147	109
-138	146	108
-132	146	108
-125	146	108
-116	142	106
-110	142	105
-107	144	107
-101	144	107
-100	150	112
-99	157	116
-99	167	124
-100	176	131
-99	185	138
-99	197	146
-96	205	152
-90	206	153
-87	214	158
-74	195	145
-68	196	146
-64	199	148
-38	186	138
-33	188	139
-32	250	186
-25	251	186
-18	240	178
-9	212	157
-4	218	162
2	251	186
9	249	185
15	251	186
22	251	186
28	250	186
35	249	185
42	250	186
48	245	182
49	217	161
69	223	166
68	200	149
70	191	142
77	194	144
87	204	151
98	215	159
99	202	150
98	188	139
83	149	110
86	145	108
87	139	103
97	147	109
97	139	103
95	129	96
94	122	91
94	116	86
93	109	81
94	104	77
94	99	74
93	94	70
93	90	66
93	85	63
93	81	60
92	77	57
92	73	55
92	70	52
92	67	49
92	64	47
92	60	45
92	57	43
91	54	40
91	51	38
91	49	36
91	46	34
89	43	32
-191	48	30
-198	55	34
-193	58	36
-189	61	39
-188	65	41
-189	70	44
-187	74	47
-186	78	50
-197	88	56
-199	94	59
-199	99	63
-286	157	100
-271	157	100
-256	156	99
-240	154	98
-197	140	88
-197	147	93
-196	153	97
-186	152	96
-178	152	96
-169	152	96
-161	152	96
-154	152	96
-147	152	96
-139	151	95
-131	149	95
-125	150	95
-118	148	94
-112	147	93
-106	147	93
-101	148	94
-100	154	98
-99	161	102
-99	170	108
-99	180	114
-99	190	120
-98	200	127
-98	212	134
-91	211	134
-89	222	141
-76	203	129
-69	201	127
-64	202	128
-59	203	129
-61	259	164
-41	197	124
-35	196	124
-31	198	125
-28	219	139
-22	216	137
-17	221	140
-12	218	138
-6	218	138
0	223	141
5	210	133
11	222	141
15	193	122
20	194	123
24	193	122
30	193	122
34	193	122
39	192	122
45	192	121
50	193	122
55	191	121
60	192	122
65	192	122
71	193	122
76	192	121
82	192	122
87	191	121
93	191	121
97	188	119
87	148	94
87	140	89
95	146	92
96	140	89
95	131	83
94	123	78
94	117	74
94	111	70
94	106	67
93	100	64
93	95	60
93	91	57
93	87	55
93	82	52
92	78	49
92	75	47
92	71	45
92	68	43
92	64	41
92	61	39
91	58	37
91	55	35
91	52	33
87	47	30
87	45	28
88	43	27
-146	33	18
-199	53	28
-194	57	30
-192	61	32
-200	68	36
-187	68	36
-187	73	39
-190	79	42
-196	86	46
-197	92	49
-200	99	53
-284	156	83
-272	157	84
-257	156	83
-242	155	82
-195	139	74
-197	147	78
-197	154	82
-188	154	82
-178	153	81
-170	152	81
-162	153	81
-155	152	81
-146	151	80
-138	150	80
-131	149	79
-127	151	80
-120	150	80
-113	149	79
-107	149	79
-102	148	79
-100	153	81
-100	161	86
-99	168	89
-98	177	94
-99	188	100
-99	199	106
-98	209	111
-98	222	118
-94	228	121
-88	231	123
-81	230	122
-75	230	123
-69	231	123
-63	232	123
-57	232	123
-51	231	123
-46	233	124
-39	231	123
-34	232	124
-28	232	123
-21	226	120
-16	230	122
-10	229	122
-5	230	123
1	231	123
7	229	122
12	228	122
18	232	123
24	231	123
29	232	123
35	231	123
41	233	124
47	232	123
53	232	123
59	231	123
65	231	123
71	230	122
77	229	122
83	230	122
89	230	122
96	230	122
98	220	117
98	206	110
98	194	103
84	155	83
85	149	79
86	142	76
90	140	75
96	143	76
95	133	71
94	126	67
94	119	63
94	114	61
94	108	57
93	103	55
93	98	52
93	93	50
93	89	47
93	84	45
93	80	43
92	76	41
93	73	39
92	69	37
92	66	35
92	63	33
92	59	32
91	56	30
88	52	28
89	47	25
92	46	24
92	43	23
-148	30	13
-143	33	14
-196	53	23
-193	57	25
-193	62	27
-201	69	30
-201	74	32
-190	75	33
-192	81	36
-199	89	39
-199	95	42
-280	157	69
-250	156	68
-236	154	68
-196	135	59
-197	143	63
-198	150	66
-192	153	67
-181	152	66
-172	151	66
-165	152	66
-156	151	66
-149	150	66
-141	150	65
-135	150	66
-128	149	65
-123	150	66
-115	148	65
-110	148	65
-104	148	65
-100	150	65
-100	157	69
-100	166	72
-99	172	75
-99	182	80
-99	193	85
-98	203	89
-98	215	94
-98	228	100
-91	228	100
-87	235	103
-68	234	102
-65	243	107
-58	242	106
-53	244	107
-47	246	108
-40	244	107
-34	243	106
-30	257	113
-23	251	110
-17	243	106
-11	240	105
1	250	109
7	245	107
13	242	106
18	240	105
24	241	106
31	253	111
35	235	103
42	243	106
47	241	105
53	238	104
59	240	105
65	237	104
72	240	105
78	241	106
84	239	104
90	239	104
96	236	103
99	228	100
98	212	93
98	200	88
81	146	64
84	143	62
87	139	61
88	134	59
91	132	58
95	130	57
94	123	54
94	117	51
94	112	49
93	106	46
93	101	44
93	96	42
93	92	40
93	87	38
93	83	36
92	79	34
92	75	33
92	72	31
92	68	30
92	64	28
92	61	27
92	55	24
92	53	23
92	50	22
92	47	21
92	44	19
92	42	18
-148	28	10
-142	30	10
-189	48	17
-197	55	19
-192	58	20
-201	66	23
-200	71	25
-200	76	26
-199	81	28
-199	86	30
-199	92	32
-199	97	34
-287	156	54
-271	155	54
-258	156	54
-242	155	54
-197	133	46
-196	139	48
-197	146	51
-197	154	53
-186	152	53
-176	152	53
-167	151	52
-158	149	52
-152	150	52
-144	149	52
-137	149	52
-131	149	52
-125	149	52
-118	147	51
-111	146	51
-106	146	51
-101	146	51
-100	153	53
-99	160	55
-100	169	59
-99	176	61
-98	186	64
-99	197	68
-98	207	72
-97	219	76
-97	233	81
-41	224	78
-36	223	77
13	243	84
24	241	84
30	241	84
47	239	83
99	231	80
99	216	75
98	201	70
97	188	65
82	149	52
85	145	50
84	136	47
89	137	47
91	133	46
94	132	46
94	125	44
94	119	41
94	113	39
94	107	37
94	102	35
93	97	34
94	93	32
91	86	30
91	82	29
88	75	26
94	77	27
94	73	25
93	70	24
93	66	23
93	63	22
93	60	21
93	56	20
92	53	19
92	50	17
92	48	17
92	45	16
92	42	15
92	40	14
-150	24	6
-144	27	7
-141	30	8
-189	48	12
-197	54	14
-193	58	15
-199	65	17
-194	68	18
-199	75	20
-200	81	21
-199	86	22
-199	92	24
-198	97	25
-286	155	40
-271	155	40
-254	154	40
-197	132	34
-196	138	36
-196	145	38
-195	152	40
-184	151	39
-176	151	39
-168	151	39
-159	150	39
-151	149	39
-143	148	39
-137	149	39
-125	149	39
-117	147	38
-111	146	38
-105	146	38
-101	147	38
-100	153	40
-100	161	42
-99	168	44
-99	177	46
-99	186	48
-99	197	51
-98	208	54
-98	219	57
-98	234	61
-97	246	64
-94	258	67
-87	255	66
-80	256	66
-74	256	67
-67	257	67
-61	254	66
-54	255	66
-48	254	66
-42	255	66
-36	255	66
-30	256	67
-24	256	67
-18	256	66
-12	256	66
-6	254	66
0	254	66
6	253	66
12	254	66
18	252	66
23	254	66
29	254	66
35	253	66
41	254	66
47	253	66
53	252	66
59	251	65
65	251	65
71	250	65
64	205	53
71	209	54
76	208	54
97	250	65
100	240	62
99	223	58
98	209	54
98	195	51
97	182	47
98	173	45
94	158	41
97	155	40
97	146	38
96	138	36
94	129	33
94	122	32
95	112	29
95	107	28
95	101	26
95	97	25
95	92	24
95	88	23
94	83	22
94	79	21
94	75	20
94	72	19
93	68	18
93	65	17
93	61	16
93	58	15
93	55	14
92	52	13
92	49	13
92	46	12
92	43	11
92	41	11
92	38	10
92	36	9
-147	23	4
-142	25	4
-141	29	5
-190	47	8
-198	54	9
-193	58	10
-197	64	11
-199	69	12
-189	71	12
-191	77	13
-199	85	15
-199	91	16
-197	95	17
-288	155	27
-269	153	27
-255	153	27
-241	152	26
-197	132	23
-195	137	24
-195	144	25
-196	152	26
-184	150	26
-175	149	26
-166	148	26
-160	150	26
-151	149	26
-143	148	26
-136	147	26
-131	148	26
-124	147	26
-117	146	25
-111	145	25
-105	145	25
-100	145	25
-100	152	26
-100	160	28
-100	167	29
-99	176	31
-98	183	32
-99	195	34
-98	206	36
-98	217	38
-98	233	40
-97	245	42
-94	254	44
-87	254	44
-81	256	44
-74	254	44
-67	253	44
-61	253	44
-55	254	44
-49	255	44
-43	254	44
-37	255	44
-31	255	44
-24	252	44
-19	253	44
-13	253	44
-7	253	44
-1	253	44
5	251	44
11	252	44
17	253	44
22	251	44
28	251	44
34	251	44
38	238	41
41	221	38
46	220	38
50	214	37
53	207	36
55	193	33
61	199	35
66	197	34
70	193	34
73	188	33
79	190	33
84	190	33
99	211	37
99	199	35
98	185	32
98	175	30
98	166	29
97	156	27
97	148	26
96	140	24
96	132	23
96	125	22
96	120	21
96	114	20
95	108	19
95	103	18
95	97	17
95	93	16
94	89	15
94	84	15
94	80	14
94	76	13
94	72	13
94	69	12
93	65	11
93	62	11
93	59	10
93	56	10
92	53	9
92	50	9
92	47	8
92	44	8
92	41	7
92	39	7
91	36	6
92	34	6
-151	17	2
-146	20	2
-142	23	2
-141	26	2
-199	51	4
-193	54	5
-193	59	5
-200	66	6
-199	71	6
-188	72	6
-198	81	7
-199	87	8
-199	92	8
-196	97	8
-274	150	13
-261	151	13
-250	152	13
-235	151	13
-196	133	12
-196	140	12
-195	146	13
-190	149	13
-180	148	13
-171	148	13
-163	148	13
-155	147	13
-147	146	13
-140	146	13
-134	147	13
-127	146	13
-121	146	13
-114	144	13
-18	27	2
-16	27	2
-16	27	2
-15	28	2
-15	28	2
-14	28	2
-13	29	3
-13	29	3
-12	29	3
-12	30	3
-11	30	3
-10	30	3
-9	31	3
-53	253	22
-46	250	22
-41	253	22
-34	251	22
-28	251	22
-23	251	22
-17	250	22
-11	250	22
-5	249	22
1	249	22
7	249	22
13	249	22
19	249	22
24	247	22
25	208	18
30	209	18
34	203	18
37	194	17
40	183	16
45	185	16
51	190	17
54	184	16
57	181	16
62	180	16
65	176	15
69	175	15
74	175	15
81	179	16
92	194	17
91	170	15
92	162	14
94	155	14
92	145	13
97	145	13
97	138	12
96	130	11
96	123	11
95	117	10
95	111	10
95	106	9
95	100	9
95	96	8
95	92	8
94	87	8
94	83	7
94	79	7
94	75	7
94	71	6
93	68	6
93	64	6
93	61	5
93	57	5
93	55	5
92	51	5
92	49	4
92	46	4
92	43	4
92	40	4
91	38	3
91	35	3
91	33	3
36	10	1
