0	0	0
-189	47	47
-165	48	48
-167	51	51
-177	58	58
-175	61	61
-173	63	63
-172	66	66
-164	67	67
-164	70	70
-161	72	72
-159	75	75
-157	77	77
-152	79	79
-58	33	33
-54	32	32
-52	33	33
-51	33	33
-50	34	34
-50	35	35
-49	36	36
-48	37	37
-47	38	38
-48	40	40
-123	122	122
-120	124	124
-118	127	127
-115	130	130
-112	133	133
-110	137	137
-107	139	139
-104	143	143
-107	153	153
-100	151	151
-100	160	160
-98	165	165
-94	167	167
-89	169	169
-83	168	168
-78	169	169
-74	170	170
-68	169	169
-63	170	170
-58	171	171
-53	171	171
-49	171	171
-44	172	172
-39	172	172
-34	173	173
-29	173	173
-24	173	173
-20	174	174
-15	174	174
-10	175	175
-5	175	175
0	175	175
5	175	175
9	175	175
14	167	167
18	167	167
22	159	159
26	153	153
30	151	151
33	148	148
37	146	146
40	143	143
44	142	142
47	139	139
51	137	137
54	135	135
58	134	134
59	128	128
62	126	126
69	132	132
93	159	159
103	166	166
107	164	164
112	162	162
116	160	160
118	155	155
123	153	153
127	151	151
130	147	147
134	146	146
137	143	143
141	140	140
145	138	138
148	135	135
152	132	132
155	129	129
158	127	127
162	124	124
165	121	121
169	119	119
173	117	117
176	113	113
322	193	193
262	150	150
244	127	127
201	95	95
-186	48	42
-183	51	44
-177	56	48
-177	60	52
-175	63	54
-173	66	57
-165	66	57
-163	69	59
-163	73	63
-159	75	64
-158	78	67
-156	81	70
-58	33	28
-55	33	28
-51	32	28
-50	33	28
-49	34	29
-49	35	30
-48	35	31
-46	36	31
-45	37	32
-44	38	32
-118	128	111
-117	132	114
-114	135	117
-111	137	119
-109	142	122
-105	143	124
-104	148	128
-100	151	130
-98	155	134
-93	155	133
-93	164	142
-90	169	146
-90	177	153
-86	180	155
-84	188	162
-81	193	166
-75	193	167
-70	195	168
-65	195	168
-60	195	168
-54	196	169
-49	196	169
-44	195	168
-38	195	169
-33	196	169
-28	197	170
-23	196	169
-18	197	170
-13	197	170
-8	197	170
-2	188	162
2	179	155
7	171	148
11	169	146
15	164	142
19	162	140
23	159	137
27	156	135
30	154	133
35	154	133
38	152	131
42	148	128
45	147	126
48	143	124
51	141	121
55	139	120
58	138	119
59	131	114
62	130	112
103	173	149
108	171	147
111	167	144
115	164	142
119	161	139
123	159	138
126	156	134
130	153	132
133	151	130
137	148	128
140	145	125
144	143	123
147	139	120
151	137	119
155	134	116
158	132	114
162	129	111
165	126	109
168	124	107
324	220	190
333	217	187
352	219	189
261	155	134
258	146	126
245	133	115
201	98	85
-49	10	8
-46	11	8
-46	11	8
-46	12	9
-177	59	44
-175	62	46
-173	65	49
-169	68	50
-162	69	51
-163	72	54
-159	75	56
-157	77	57
-154	80	59
-149	81	60
-56	33	25
-53	33	25
-51	34	25
-49	34	25
-48	34	25
-47	35	26
-46	36	27
-45	37	27
-44	38	28
-43	39	29
-43	40	30
-42	41	30
-41	41	31
-110	138	102
-109	142	106
-107	146	109
-104	149	110
-101	151	112
-99	156	116
-93	155	115
-92	162	120
-89	165	123
-88	171	127
-84	175	130
-82	181	135
-79	185	137
-76	189	141
-72	193	144
-68	197	146
-66	208	154
-61	208	154
-59	221	164
-55	227	169
-50	228	170
-44	230	171
-34	204	151
-28	201	149
-22	195	145
-17	190	141
-12	190	141
-7	183	136
-3	180	134
2	179	132
6	175	130
10	173	128
14	170	126
18	167	124
21	161	119
25	160	119
29	157	116
33	156	116
35	151	112
39	149	110
42	146	108
45	144	107
49	143	107
51	139	103
54	137	102
57	135	100
60	134	99
62	130	96
66	130	96
73	137	101
104	175	130
108	173	128
112	170	126
115	166	123
118	163	121
122	161	119
125	158	117
129	156	115
132	152	113
135	149	111
139	147	109
143	144	107
146	141	105
149	138	103
153	136	101
156	133	99
160	130	97
163	128	95
167	125	93
170	122	91
391	261	193
417	267	198
256	149	110
253	140	104
245	129	96
199	99	74
204	97	72
-49	10	7
-47	11	7
-46	12	7
-45	13	8
-45	14	9
-44	14	9
-44	15	10
-44	16	10
-43	17	11
-43	17	11
-42	18	12
-42	19	12
-41	20	12
-41	21	13
-42	22	14
-55	34	22
-53	35	22
-52	35	22
-51	36	23
-50	37	24
-49	38	24
-48	39	25
-48	40	26
-47	41	26
-46	42	27
-47	45	28
-115	136	86
-112	139	88
-109	141	89
-108	146	93
-105	149	94
-102	151	96
-101	157	99
-95	156	99
-92	158	100
-91	164	104
-88	169	107
-87	177	112
-85	182	115
-81	184	117
-77	188	119
-75	194	122
-71	197	125
-67	201	127
-64	207	131
-60	212	134
-56	217	137
-51	218	138
-45	216	137
-39	210	133
-34	210	133
-28	206	130
-23	202	128
-12	193	122
-7	186	118
-3	188	119
1	184	116
6	179	113
10	176	111
14	173	110
17	167	106
20	164	104
24	161	102
28	162	102
31	157	99
34	155	98
36	147	93
39	145	92
43	144	91
46	141	89
48	139	88
52	138	87
54	135	86
57	134	85
60	132	83
63	130	82
82	154	97
84	149	94
73	123	78
76	121	76
79	119	75
81	116	74
83	115	72
126	160	101
129	156	99
133	154	98
137	152	96
140	148	94
143	146	92
147	143	90
150	140	88
149	134	85
154	132	84
157	129	81
163	129	81
167	126	80
170	123	78
259	158	100
260	151	96
249	138	87
245	129	82
200	100	63
206	98	62
-51	9	5
-49	10	5
-47	11	6
-47	12	6
-46	13	7
-46	14	7
-45	14	8
-45	15	8
-45	16	9
-45	17	9
-44	18	9
-43	19	10
-43	20	10
-43	21	11
-42	21	11
-42	22	12
-42	24	13
-42	24	13
-42	26	14
-42	27	14
-42	28	15
-41	29	15
-41	30	16
-41	31	17
-40	32	17
-40	33	17
-40	34	18
-40	36	19
-39	37	20
-40	39	21
-118	129	68
-116	132	70
-115	136	72
-111	138	73
-107	139	74
-107	145	77
-105	148	79
-101	151	80
-101	157	83
-96	156	83
-92	158	84
-90	163	87
-89	168	90
-88	176	93
-85	180	96
-81	183	97
-76	182	97
-74	189	100
-71	193	103
-69	201	107
-65	203	108
-62	209	111
-58	216	115
-53	216	115
-51	226	120
-43	217	116
-38	215	114
-32	208	111
-26	199	106
-21	197	105
-16	192	102
-12	192	102
-7	186	99
-3	183	97
1	182	97
6	177	94
9	172	91
13	169	90
16	166	88
20	161	86
23	159	84
26	152	81
29	151	80
33	151	81
36	149	79
39	147	78
42	146	78
45	144	77
48	142	75
50	140	75
53	138	74
56	136	73
59	135	72
61	132	70
64	130	69
67	129	69
69	126	67
72	124	66
74	123	65
77	121	64
79	118	63
81	116	62
83	114	61
126	159	85
129	156	83
132	153	81
136	151	80
140	148	79
135	138	73
140	137	73
142	133	71
141	126	67
143	123	65
147	121	64
160	126	67
165	125	66
171	124	66
438	281	150
260	152	81
253	140	75
245	129	69
200	99	53
203	96	51
-50	9	4
-48	10	4
-47	11	5
-46	12	5
-46	13	6
-46	14	6
-45	14	6
-44	15	7
-44	16	7
-44	17	7
-43	18	8
-43	19	8
-42	20	9
-42	21	9
-42	21	9
-41	22	10
-41	23	10
-41	24	11
-40	25	11
-40	26	12
-40	28	12
-40	29	12
-40	30	13
-40	31	13
-40	32	14
-39	33	14
-39	34	15
-39	35	15
-38	36	16
-38	37	16
-38	39	17
-38	41	18
-39	43	19
-124	142	62
-112	135	59
-109	137	60
-106	139	61
-105	145	63
-103	148	65
-101	151	66
-100	157	69
-92	153	67
-91	158	69
-89	162	71
-87	168	73
-86	175	76
-84	180	79
-80	180	79
-75	180	79
-73	187	82
-69	190	83
-68	200	87
-64	202	88
-61	208	91
-58	215	94
-53	214	94
-49	218	95
-44	220	96
-38	213	93
-33	210	92
-27	204	89
-22	199	87
-17	196	86
-12	191	83
-8	188	82
-4	186	81
0	183	80
4	176	77
8	172	75
12	169	74
15	166	73
18	162	71
21	158	69
24	155	68
27	151	66
31	151	66
34	150	66
37	148	65
40	146	64
43	144	63
46	143	63
48	141	62
51	139	61
55	139	61
57	136	59
59	134	59
62	131	57
64	129	56
68	130	57
69	125	55
72	123	54
74	122	53
77	119	52
79	117	51
82	116	51
84	114	50
128	154	67
124	143	62
134	148	65
135	143	63
136	138	60
141	137	60
142	132	58
143	128	56
145	123	54
153	125	55
161	126	55
165	124	54
171	123	54
443	283	124
466	284	124
261	150	66
253	139	61
246	128	56
200	99	43
205	96	42
209	92	40
