0	0	0
-95	15	29
-92	16	31
-91	17	32
-91	19	35
-91	20	37
-91	21	39
-92	22	42
-91	24	44
-92	25	47
-92	26	50
-92	28	52
-92	29	55
-92	31	58
-93	32	61
-93	34	64
-93	36	67
-93	38	71
-93	39	74
-94	41	78
-94	43	82
-94	46	86
-94	48	90
-95	50	94
-96	53	100
-97	56	105
-97	59	110
-97	61	115
-89	60	112
-82	60	113
-77	60	113
-70	60	113
-66	60	113
-63	64	120
-64	69	129
-64	72	136
-60	72	136
-56	73	137
-52	73	137
-49	73	137
-55	96	180
-50	95	179
-46	96	180
-41	95	179
-36	95	179
-32	95	179
-28	96	179
-23	95	179
-19	95	179
-14	95	179
-10	95	179
-6	95	179
-1	96	180
3	95	179
8	95	179
12	96	180
16	96	180
20	96	180
25	95	179
29	95	179
34	96	180
38	95	179
40	89	168
44	89	167
52	95	179
57	95	179
62	95	179
66	95	179
72	96	180
77	96	180
82	96	180
87	96	181
92	95	179
98	96	180
103	96	180
110	97	181
116	96	181
122	97	182
114	86	161
117	84	157
122	83	156
127	82	155
135	84	158
135	80	150
137	77	145
141	76	143
147	76	143
155	77	144
164	77	145
171	77	145
179	77	145
190	78	147
198	78	146
198	74	139
198	70	132
202	68	129
-93	19	25
-91	20	27
-91	21	28
-91	23	30
-91	24	33
-91	26	35
-91	27	37
-92	29	39
-92	31	41
-92	32	44
-92	34	46
-92	36	49
-92	38	51
-93	40	54
-93	42	57
-93	44	60
-93	47	63
-93	49	66
-94	51	69
-94	54	73
-94	57	76
-94	59	80
-94	62	84
-95	65	88
-95	68	92
-97	73	98
-87	72	97
-83	72	97
-76	72	98
-72	72	98
-65	73	98
-63	79	106
-64	85	114
-70	97	131
-67	98	132
-62	97	131
-58	97	131
-54	98	132
-50	98	132
-56	128	172
-51	127	172
-47	128	172
-42	127	171
-37	127	172
-32	128	172
-28	128	172
-23	128	172
-19	128	173
-14	128	173
-9	128	172
-5	128	172
0	128	172
4	128	173
9	128	172
13	128	172
18	128	173
22	128	173
27	128	172
32	128	172
36	127	172
41	127	171
46	128	172
51	128	172
55	128	172
60	128	173
65	128	173
70	128	172
76	128	173
81	128	173
87	129	174
93	129	174
98	130	175
104	129	174
110	130	175
115	129	174
122	129	174
129	130	175
135	130	175
142	130	175
133	116	156
136	113	152
135	107	144
135	102	137
137	98	132
138	95	128
141	92	124
148	93	125
154	92	124
162	93	125
171	93	126
179	94	126
188	94	126
197	94	127
197	89	121
198	85	115
-96	19	19
-93	21	21
-92	22	22
-91	24	24
-91	25	25
-91	27	27
-91	29	29
-91	31	31
-91	33	33
-92	35	35
-92	37	37
-92	39	39
-92	41	41
-92	44	44
-92	46	46
-92	48	48
-92	51	51
-93	53	53
-93	56	56
-94	59	59
-94	62	62
-94	65	65
-94	68	68
-95	71	71
-94	74	74
-96	80	80
-90	78	78
-81	77	77
-78	78	78
-83	91	91
-75	91	91
-68	91	91
-68	108	108
-74	123	123
-57	171	171
-52	172	172
-46	172	172
-41	172	172
-36	172	172
-31	172	172
-25	172	172
-20	173	173
-15	172	172
-10	172	172
-5	172	172
0	173	173
6	172	172
11	173	173
16	172	172
21	172	172
26	173	173
31	172	172
37	172	172
42	173	173
48	173	173
53	172	172
58	173	173
64	172	172
69	172	172
75	172	172
81	172	172
86	172	172
93	173	173
99	173	173
106	174	174
112	174	174
119	175	175
126	174	174
131	173	173
139	173	173
146	173	173
136	153	153
136	145	145
136	139	139
138	135	135
139	129	129
139	123	123
138	116	116
138	111	111
137	105	105
137	101	101
139	98	98
146	98	98
154	98	98
160	98	98
167	98	98
138	77	77
139	74	74
148	75	75
156	75	75
163	74	74
-98	17	13
-95	19	14
-92	20	15
-92	22	16
-92	24	18
-92	26	19
-92	28	21
-92	30	22
-90	32	23
-91	34	25
-92	36	27
-91	38	28
-92	41	30
-92	43	32
-91	45	34
-92	48	36
-92	51	38
-93	54	40
-93	56	42
-93	59	44
-94	62	46
-94	65	48
-94	68	51
-94	72	53
-94	75	56
-96	80	59
-81	78	58
-74	79	58
-73	80	60
-65	79	59
-58	82	61
-75	123	91
-71	123	92
-67	124	92
-72	149	111
-69	176	130
-66	180	134
-60	179	133
-56	181	134
-48	191	142
-53	233	173
-46	233	173
-40	233	173
-34	232	172
-27	232	172
-21	232	173
-15	234	173
-9	233	173
-3	233	173
3	233	173
10	234	173
16	233	173
22	234	173
28	233	173
34	233	173
40	233	173
47	235	174
53	234	174
60	235	174
66	233	173
73	235	174
79	235	174
86	234	174
93	234	173
100	235	174
107	235	175
114	235	174
122	235	174
130	236	175
137	235	175
134	205	152
134	194	144
135	186	138
138	180	134
138	171	127
138	164	121
135	153	113
136	147	109
138	141	105
136	134	99
137	129	95
138	123	91
137	117	87
138	112	83
138	107	79
139	103	76
138	98	73
138	93	69
138	89	66
138	84	63
138	80	60
137	76	57
159	84	63
171	86	64
191	91	68
188	85	63
-96	16	9
-93	18	10
-91	20	10
-91	22	12
-92	24	13
-92	26	14
-92	28	15
-92	30	16
-92	33	17
-92	35	19
-92	37	20
-93	40	21
-93	42	23
-91	44	23
-90	48	26
-91	51	27
-92	55	29
-93	58	31
-93	61	32
-93	64	34
-93	68	36
-93	71	38
-94	74	39
-95	79	42
-96	87	46
-97	101	53
-85	96	51
-77	97	51
-71	98	52
-67	98	52
-64	98	52
-88	174	92
-83	174	93
-78	175	93
-73	174	93
-68	174	93
-67	184	98
-72	211	112
-66	250	133
-58	243	129
-52	243	129
-46	245	130
-40	244	130
-34	245	130
-28	245	130
-22	246	131
-16	248	132
-10	246	131
-4	243	129
2	248	132
8	246	131
14	248	132
20	247	131
26	247	131
32	246	131
37	244	130
44	245	130
50	245	131
57	248	132
63	249	133
69	248	132
76	251	133
83	250	133
90	252	134
96	249	133
103	249	133
110	249	132
118	251	134
125	251	133
131	248	132
135	241	128
136	230	122
136	218	116
134	204	108
137	198	105
136	187	100
136	178	95
136	169	90
137	163	87
136	154	82
135	146	78
138	143	76
139	137	73
141	133	71
139	125	67
139	119	64
140	114	61
138	108	57
139	104	55
138	98	52
138	94	50
138	89	47
138	85	45
138	80	43
138	76	41
189	95	51
183	87	46
180	81	43
175	74	39
-98	14	5
-94	16	5
-91	17	6
-91	19	7
-92	21	7
-91	24	8
-92	26	9
-92	28	10
-92	31	11
-92	33	11
-92	35	12
-92	38	13
-93	40	14
-92	43	15
-93	45	16
-93	48	17
-93	51	18
-93	54	19
-94	57	20
-94	60	21
-94	63	22
-93	69	24
-93	72	25
-93	75	26
-95	80	28
-96	93	32
-98	137	48
-87	134	47
-84	136	47
-80	136	47
-76	136	47
-68	136	47
-89	213	74
-83	212	74
-75	220	77
-69	219	76
-64	221	77
-60	249	86
-53	247	86
-48	248	86
-42	248	86
-36	248	86
-30	249	86
-24	248	86
-18	247	86
-13	251	87
-7	253	88
-1	247	86
5	251	87
11	248	86
16	249	87
22	250	87
28	250	87
34	250	87
39	243	85
45	247	86
51	247	86
58	250	87
64	253	88
69	247	86
76	249	86
83	251	87
31	81	28
30	74	26
31	72	25
31	67	23
32	65	23
34	64	22
35	64	22
37	63	22
38	62	22
40	62	21
41	60	21
42	59	21
44	59	21
46	59	21
48	59	20
50	59	20
54	60	21
57	60	21
60	61	21
140	128	45
140	123	43
141	118	41
141	112	39
138	105	36
141	102	36
138	96	33
138	91	32
138	87	30
138	82	29
139	78	27
175	89	31
192	93	32
196	90	31
198	85	29
197	79	28
-97	10	2
-94	12	2
-91	14	2
-91	16	3
-91	18	3
-92	20	4
-91	23	4
-91	25	4
-92	27	5
-92	29	5
-92	32	6
-92	34	6
-92	37	6
-92	39	7
-92	42	7
-92	44	8
-92	47	8
-93	50	9
-93	53	9
-94	56	10
-93	59	10
-93	61	11
-94	65	11
-94	68	12
-95	72	12
-95	75	13
-95	79	14
-96	83	14
-96	91	16
-97	116	20
-97	133	23
-97	140	24
-98	148	26
-99	157	27
-99	164	29
-99	174	30
-99	183	32
-100	195	34
-99	205	36
-101	219	38
-101	235	41
-98	243	42
-92	244	42
-86	244	42
-80	245	43
-74	245	43
-68	246	43
-62	245	43
-54	238	41
-50	243	42
-44	243	42
-37	235	41
-32	243	42
-27	241	42
-21	241	42
-15	239	41
-10	244	42
-5	244	42
1	238	41
7	244	42
12	243	42
17	238	41
23	240	42
28	243	42
34	246	43
39	235	41
46	246	43
50	237	41
57	241	42
63	245	42
69	243	42
73	239	41
82	245	43
32	83	14
32	79	14
29	66	12
30	64	11
30	61	11
31	60	10
33	58	10
33	57	10
35	57	10
37	56	10
38	56	10
39	55	10
41	54	9
43	55	9
45	54	9
47	54	9
49	54	9
51	54	9
54	54	9
56	55	9
61	57	10
141	118	21
140	112	19
138	106	18
139	101	18
139	96	17
138	91	16
138	87	15
138	82	14
138	78	14
138	74	13
164	83	14
180	87	15
184	84	15
188	80	14
179	72	12
178	66	12
181	63	11
-98	6	0
-94	8	0
-90	10	0
-91	12	0
-91	14	0
-91	16	0
-91	18	0
-91	20	0
-92	23	0
-91	25	0
-92	27	0
-92	29	0
-92	32	0
-92	34	0
-92	37	0
-92	39	0
-93	42	0
-93	44	0
-93	47	0
-93	49	0
-93	52	0
-93	55	0
-93	58	0
-94	61	0
-94	65	0
-94	68	0
-94	71	0
-95	75	0
-94	81	0
-96	86	0
-96	95	0
-96	104	0
-97	115	0
-97	132	0
-98	140	0
-98	147	0
-98	155	0
-98	162	0
-99	172	0
-98	180	0
-91	176	0
-86	177	0
-82	179	0
-75	176	0
-72	179	0
-66	177	0
-62	177	0
-57	176	0
-55	182	0
-60	217	0
-61	239	0
-53	232	0
-48	235	0
-42	235	0
-26	171	0
-19	153	0
-20	234	0
-14	233	0
-9	237	0
-3	231	0
2	231	0
7	235	0
13	235	0
18	232	0
23	231	0
29	239	0
35	239	0
39	230	0
45	231	0
50	228	0
57	233	0
62	235	0
68	233	0
73	230	0
81	238	0
31	78	0
31	75	0
28	63	0
29	61	0
29	57	0
30	56	0
31	55	0
33	54	0
34	53	0
35	53	0
37	52	0
38	52	0
40	51	0
41	51	0
43	51	0
45	51	0
47	51	0
49	50	0
51	51	0
53	50	0
57	52	0
141	115	0
141	110	0
142	106	0
139	99	0
141	95	0
138	89	0
139	85	0
137	80	0
138	76	0
138	72	0
176	83	0
183	81	0
188	79	0
190	74	0
177	64	0
185	63	0
187	59	0
189	55	0
188	50	0
-96	2	0
-92	4	-1
-90	6	-1
-90	8	-1
-91	10	-2
-91	12	-2
-91	14	-3
-91	16	-3
-91	18	-3
-91	20	-4
-91	22	-4
-91	24	-4
-91	26	-5
-92	28	-5
-92	30	-6
-92	33	-6
-92	35	-6
-92	37	-7
-92	40	-7
-92	42	-8
-92	44	-8
-93	47	-9
-93	50	-9
-93	53	-10
-93	55	-10
-93	58	-11
-94	61	-11
-94	64	-12
-94	68	-12
-94	71	-13
-95	75	-14
-86	71	-13
-82	71	-13
-78	71	-13
-75	71	-13
-71	71	-13
-68	71	-13
-65	71	-13
-62	71	-13
-59	72	-13
-57	72	-13
-54	72	-13
-51	71	-13
-49	72	-13
-47	72	-13
-44	72	-13
-41	78	-14
-40	81	-15
-40	85	-16
-43	110	-20
-56	177	-33
-51	176	-33
-49	202	-37
-50	228	-42
-23	139	-26
-27	227	-42
-21	228	-42
-16	227	-42
-11	230	-42
-5	227	-42
1	220	-41
6	227	-42
12	230	-42
17	224	-41
22	225	-42
29	234	-43
34	235	-43
39	225	-42
45	228	-42
49	223	-41
54	219	-40
60	222	-41
66	223	-41
73	225	-42
79	225	-42
28	70	-13
27	63	-12
28	59	-11
29	58	-11
28	54	-10
29	52	-10
30	52	-10
32	51	-9
33	51	-9
34	50	-9
36	49	-9
37	49	-9
39	49	-9
40	48	-9
42	48	-9
44	48	-9
46	48	-9
47	48	-9
49	48	-9
51	47	-9
55	48	-9
58	49	-9
141	108	-20
141	103	-19
139	96	-18
141	93	-17
138	87	-16
139	83	-15
139	79	-15
138	75	-14
138	71	-13
138	67	-12
197	81	-15
198	77	-14
198	72	-13
200	68	-12
200	63	-12
200	58	-11
198	53	-10
201	44	-8
200	40	-7
202	36	-7
